232	1975-03-16	100	52	13
265	1996-03-16	98	6	45
284	1958-10-30	33	95	82
280	1980-03-28	25	81	189
283	1969-04-02	12	27	192
251	1987-03-25	17	89	52
206	2002-06-09	93	38	197
249	2009-05-02	46	20	79
289	1953-10-16	43	28	144
297	1994-02-25	0	22	125
261	2004-09-25	48	19	181
299	1948-06-30	73	1	9
239	1953-07-25	43	36	126
250	2019-11-05	64	21	98
264	1942-03-07	10	85	83
298	1941-01-01	20	24	47
266	2019-05-24	20	35	35
244	1970-04-18	11	0	68
290	1993-02-20	88	59	55
232	1992-04-16	58	34	58
275	1950-03-21	61	55	86
268	2001-04-18	29	29	173
202	1951-02-05	80	44	158
240	1946-05-20	10	22	173
204	1965-01-31	8	5	59
212	1941-05-27	50	77	4
236	1954-05-24	71	54	190
269	1991-01-06	25	26	114
255	2008-03-17	31	15	187
209	1988-04-01	41	61	181
231	1961-04-15	40	16	66
278	2009-11-27	85	98	173
276	1956-08-26	57	54	8
203	1965-02-07	81	92	54
203	1989-10-22	26	71	28
268	1998-04-05	8	36	48
263	1992-12-23	28	45	148
273	2012-08-14	7	13	196
295	1943-01-24	92	55	99
251	1968-06-01	92	4	189
295	1979-10-16	9	35	149
217	1953-02-02	15	47	121
259	1976-07-11	41	29	142
211	1979-02-22	72	59	163
286	1942-09-23	60	14	171
269	1965-02-22	14	19	71
288	1944-04-01	7	90	108
220	2001-07-03	78	10	90
258	1981-09-21	30	99	199
231	2006-06-26	51	11	194
229	2017-11-19	89	57	157
214	1945-07-17	81	6	183
221	1967-03-13	94	81	116
207	1952-03-26	17	91	138
265	1977-09-11	53	87	139
296	2002-04-18	14	83	101
276	1969-07-21	4	37	71
216	1949-02-28	14	98	193
217	1963-02-28	25	82	136
248	1981-10-23	33	25	186
233	2011-10-08	61	38	122
210	1996-02-19	44	19	162
280	1953-11-11	12	75	102
255	2008-03-25	56	55	167
287	1987-08-14	54	30	111
291	1987-12-07	84	66	6
233	1965-11-01	21	99	41
215	1952-09-18	60	69	107
215	2006-11-26	59	32	51
287	2001-08-08	69	92	142
219	2003-08-05	92	82	131
261	2012-04-30	49	76	60
291	1946-01-02	23	70	149
300	2001-12-13	64	69	91
225	1954-09-03	9	100	45
202	1977-05-31	100	61	76
201	2007-06-29	15	99	191
209	1998-04-19	56	58	194
221	1941-04-20	76	16	163
208	1995-10-29	25	62	0
217	1971-01-04	24	68	18
221	1994-08-16	23	6	90
289	2009-03-28	13	51	49
268	1991-04-19	72	53	168
211	1988-04-10	34	77	194
235	2020-02-24	75	31	170
263	1964-03-10	52	8	5
288	1940-07-26	59	69	97
215	1946-05-29	29	13	110
210	1962-01-10	32	39	187
233	1981-12-01	98	81	118
252	1986-10-10	20	7	151
231	2003-05-19	41	22	67
217	2006-11-03	16	15	110
262	1991-03-04	58	14	33
228	1998-09-08	83	78	179
220	1941-02-24	63	50	184
230	1950-03-09	5	84	70
243	1968-07-24	72	62	146
265	2011-03-30	17	95	67
206	1986-04-23	7	27	198
214	1966-02-04	63	65	42
290	1942-10-19	63	93	96
240	2011-12-26	80	89	24
219	1988-10-05	9	81	70
209	1997-07-30	61	8	3
224	1963-01-17	91	20	84
265	1946-05-31	88	86	67
244	2016-03-03	71	71	160
223	1962-04-21	28	83	160
281	1974-02-16	90	57	56
241	1943-02-27	15	71	41
287	1994-03-28	4	85	104
258	1941-03-01	79	80	73
226	1984-02-22	0	35	108
238	1983-08-07	29	3	15
257	2000-07-21	11	0	154
258	1991-12-27	29	33	124
225	2015-01-28	50	49	172
233	1994-04-09	72	10	57
298	1995-01-31	84	28	27
254	1946-04-16	37	40	16
221	1941-08-26	83	78	12
226	1996-09-04	77	36	172
255	2019-06-13	13	39	81
265	1942-08-06	42	12	191
228	1960-03-08	61	16	29
291	1992-05-24	88	35	156
272	2003-06-18	95	50	14
263	1978-09-23	54	20	169
259	1995-01-29	98	1	188
282	2008-09-09	87	19	154
269	2012-02-29	37	57	67
275	2018-03-27	7	99	73
245	1948-02-09	82	5	149
278	1987-09-25	57	88	153
229	1946-04-09	12	95	42
212	2004-05-02	66	17	149
287	1954-07-02	67	1	174
285	2002-03-31	4	94	34
210	2020-04-10	73	33	64
216	1998-12-17	30	52	22
243	1955-09-13	78	84	124
206	1983-12-26	64	78	13
286	1989-10-02	48	6	27
285	1953-03-08	6	84	109
226	1955-07-29	72	8	64
216	1976-08-20	7	50	104
296	1968-01-28	29	53	190
213	1982-07-31	64	37	200
272	2011-04-10	54	69	27
254	1967-04-13	95	84	156
267	1974-03-12	42	90	193
267	2015-12-06	15	48	104
209	1991-04-27	87	76	84
266	2017-02-04	39	8	37
270	1988-03-10	46	1	58
299	1944-06-07	84	79	76
286	1984-07-24	42	71	160
267	2006-04-25	60	73	55
286	2015-02-25	7	11	125
262	1950-01-20	94	100	165
217	1980-03-07	87	66	54
289	1977-09-02	100	75	78
233	1995-07-18	3	49	158
244	1974-02-24	71	89	146
283	1974-04-14	5	93	198
228	2011-09-26	54	40	124
238	1943-12-09	51	14	27
201	1993-11-11	25	29	36
258	1941-08-13	70	24	54
277	2019-06-18	6	46	182
202	2019-04-09	67	76	62
229	1997-08-08	0	71	3
261	1995-08-22	61	47	136
281	1973-02-08	35	98	191
221	1967-02-13	35	15	183
227	1976-01-22	76	45	153
228	1955-10-18	15	12	82
252	1968-05-31	77	1	187
274	1947-03-12	42	79	49
254	2015-08-04	3	0	10
296	1996-05-09	50	73	11
222	1980-02-01	54	70	101
244	1987-03-07	98	67	172
241	2016-01-25	80	31	96
235	1945-12-29	92	77	48
236	1957-02-23	92	1	200
224	1983-03-07	43	56	198
204	2009-10-02	45	95	84
219	1964-02-18	18	45	104
283	1977-01-03	6	20	99
293	2016-09-03	80	14	185
252	1994-06-11	54	68	183
227	2008-09-22	87	10	9
208	1971-01-12	28	28	195
266	1956-07-05	36	52	78
216	1989-08-05	27	29	56
279	1965-02-11	86	10	12
285	2020-05-19	26	71	45
240	1980-12-24	6	50	182
233	1942-03-24	90	34	163
209	1973-02-04	43	32	160
210	1959-04-11	1	28	181
291	1973-07-15	28	4	144
281	1948-04-12	34	84	191
266	1995-10-17	81	95	195
219	1998-12-17	9	4	62
275	1963-02-17	13	6	163
237	1970-11-09	70	12	153
241	2006-02-20	58	74	19
247	2008-08-01	3	42	145
207	1957-04-06	3	87	105
263	1989-03-02	78	6	98
261	1953-01-02	87	72	32
255	2001-10-31	5	45	66
297	1969-10-22	74	28	74
296	1958-09-07	96	37	140
279	1982-08-11	94	38	39
250	1997-06-07	64	40	116
216	2020-06-02	37	67	176
288	1958-10-07	73	91	118
240	1992-02-10	25	90	5
299	2014-03-11	57	68	63
283	2018-05-04	2	3	82
287	1983-01-17	27	88	155
281	1960-05-22	81	94	182
211	2003-09-28	55	98	62
256	1957-06-02	65	44	74
262	1942-09-23	69	62	143
205	1974-02-03	63	11	3
204	2014-07-03	29	22	63
256	1940-10-20	52	87	31
282	2016-10-09	82	98	83
218	1992-11-15	33	5	186
210	1960-09-22	8	71	63
281	1973-06-24	42	71	105
256	1952-02-08	96	94	43
296	2000-05-12	46	7	44
296	1998-07-10	89	67	146
224	1949-09-12	4	37	152
