208	2019-08-17	80	92	183
203	1992-11-24	4	2	129
276	1945-07-23	72	17	56
229	2000-06-23	80	90	38
277	1943-03-16	59	55	132
226	1967-01-23	5	30	104
241	1959-06-26	26	46	71
282	1940-10-03	69	1	46
276	1958-03-01	27	43	32
252	1964-05-06	16	90	45
245	2012-06-25	91	41	100
258	1947-08-10	75	27	116
233	2020-01-02	8	93	26
282	1998-03-19	28	86	131
211	2010-09-06	36	31	172
282	1992-08-11	22	67	156
203	1984-01-23	75	32	72
298	1996-03-08	94	35	58
224	1962-11-14	80	72	194
269	1971-11-27	43	80	119
205	1996-07-09	35	74	72
256	1940-06-15	11	42	178
231	1968-05-18	5	39	47
283	2012-07-06	6	92	109
291	1960-03-12	75	87	179
256	1999-04-29	56	44	115
298	1976-08-19	74	46	199
231	1957-07-02	21	95	98
210	2017-12-15	70	40	111
249	1969-12-02	2	96	54
246	1960-07-02	82	37	33
279	1952-11-24	33	36	68
279	1985-10-20	17	61	56
205	1972-08-04	7	99	56
227	1980-06-27	100	38	55
259	1947-06-08	14	57	30
201	1953-04-07	64	98	57
265	1961-11-08	58	94	144
218	1951-08-11	9	68	159
219	1940-09-01	81	1	183
284	1976-10-21	55	54	126
253	2003-07-30	67	5	2
216	2002-01-01	9	89	183
249	2005-11-06	77	59	168
226	2020-08-21	87	25	125
261	1969-12-21	29	71	104
295	1997-09-21	89	77	148
258	2011-05-26	81	72	154
220	2003-11-04	30	22	59
252	1940-11-08	41	44	39
211	1998-08-17	67	66	74
224	1951-03-09	60	31	160
266	1954-11-30	62	73	130
249	2000-10-24	100	59	33
245	1971-06-22	52	4	105
214	2001-05-05	32	1	185
270	1998-06-04	76	3	99
201	1951-01-02	49	0	48
255	1941-11-19	73	78	26
215	2001-06-26	7	53	32
274	1979-06-01	63	4	139
236	1943-12-11	8	25	130
276	1989-09-28	12	86	196
296	2019-10-13	64	73	188
261	1983-12-17	36	36	185
299	2001-10-28	89	31	12
251	2012-05-08	44	29	124
264	1980-04-08	68	47	145
233	1992-06-14	48	63	80
226	1955-03-06	84	82	12
268	2001-06-12	58	97	32
226	1989-02-19	47	11	61
230	2005-11-01	4	20	6
227	1959-10-13	18	2	160
268	1990-11-22	15	73	151
269	1949-11-10	11	74	158
208	2004-11-12	32	46	128
256	2006-08-28	19	83	14
258	1968-04-12	6	48	26
209	2016-01-17	97	70	30
252	1948-12-24	26	65	71
217	1986-08-31	99	6	98
230	2016-06-09	70	52	1
233	1995-02-01	98	61	119
213	2012-07-16	30	70	64
271	1979-05-16	48	2	21
288	1966-09-15	72	89	164
259	1995-11-01	43	85	38
297	2012-08-06	50	100	201
225	1967-11-14	85	43	169
266	1986-08-30	54	29	83
202	1974-01-07	1	75	54
264	1994-06-01	82	36	76
234	1955-04-26	10	98	150
226	1969-12-17	68	40	86
261	1976-12-19	19	91	45
260	1940-04-22	76	22	168
222	2016-10-29	34	98	184
245	1959-03-19	75	17	194
228	1963-04-02	3	87	30
229	1988-10-31	82	62	101
215	1955-10-24	80	72	51
249	1962-05-26	19	24	170
284	1954-07-06	6	20	36
209	1995-05-18	53	96	125
262	1943-02-10	1	12	97
257	2005-12-27	60	50	18
237	1980-11-16	78	83	16
299	1988-02-13	62	26	192
232	1961-02-10	45	88	165
206	1972-06-10	86	2	98
219	1958-07-07	18	69	169
222	1979-04-07	98	0	190
256	1997-10-18	90	47	184
264	2003-04-20	96	69	26
257	1986-10-18	78	2	28
258	2005-10-13	49	87	16
240	1966-07-13	13	55	57
276	2006-05-15	15	33	51
280	1994-01-08	77	5	157
270	2011-12-21	34	26	28
292	1991-09-02	0	30	86
204	1995-06-23	88	68	86
249	1951-02-23	50	8	127
227	1982-11-17	42	78	85
256	1997-09-14	15	60	160
237	1970-11-24	100	86	165
222	2011-10-03	28	45	84
256	1981-04-29	37	61	122
291	1945-04-02	87	42	66
254	1983-10-13	77	35	55
268	1953-07-03	41	42	54
227	2005-10-26	48	77	199
278	1999-01-15	65	17	70
248	1965-07-07	15	25	159
217	1991-04-18	67	83	100
265	1959-02-18	92	8	10
278	1990-08-11	13	79	5
300	1970-06-11	96	60	21
256	1977-11-27	92	34	21
291	2013-06-16	35	75	111
224	2003-01-08	83	43	4
286	1973-08-31	36	92	138
264	2007-11-27	47	1	171
229	1973-06-19	53	33	129
264	2013-05-29	56	48	147
205	1965-04-22	7	91	109
300	2011-01-02	61	98	154
277	2007-09-07	98	45	64
209	1957-10-26	11	42	16
237	1983-05-23	39	80	43
252	2019-05-05	47	56	4
294	1977-07-14	26	43	13
287	1975-06-29	60	41	177
247	1983-04-18	70	5	76
205	1983-10-23	76	40	125
266	1989-07-10	99	28	21
211	1942-01-25	96	78	183
258	1986-11-17	1	51	47
242	1992-11-07	10	55	20
204	2013-07-07	74	80	95
226	1971-06-25	78	52	17
277	2004-02-01	2	65	129
211	1949-12-18	2	55	0
248	1964-10-24	97	67	168
279	2001-01-25	1	95	127
214	1964-06-18	61	57	2
227	1983-03-06	36	88	47
285	1974-11-14	57	30	161
213	2013-09-04	6	5	18
219	1990-08-08	79	64	174
274	1958-01-11	54	35	85
289	2011-08-31	96	8	114
201	1996-06-02	80	11	40
248	1990-03-06	58	71	12
280	1952-06-01	5	55	118
257	1998-06-06	91	9	45
255	1998-09-02	19	40	190
212	1979-03-20	49	35	61
218	1994-12-08	76	68	191
216	1943-12-30	9	88	115
253	1997-06-12	89	92	121
276	1964-10-07	92	99	14
237	1987-03-26	24	52	158
205	1968-01-03	66	3	2
261	1955-11-15	1	2	59
277	2001-05-26	28	67	46
207	2005-11-23	23	3	57
219	1982-11-25	82	29	20
227	1955-11-14	8	89	71
256	1983-09-18	12	23	153
269	1975-11-15	72	75	75
217	2005-10-27	9	8	192
247	2019-08-31	58	41	198
293	1941-05-19	24	12	13
230	1983-05-13	81	82	110
245	1973-07-07	24	64	94
246	2014-03-28	88	27	20
204	1943-11-13	3	1	185
269	1991-08-08	32	17	133
217	1986-12-28	40	60	137
238	1963-06-20	96	7	84
227	1952-03-09	56	59	83
241	1940-01-29	46	63	26
275	1993-02-24	19	44	127
245	2011-03-07	57	99	148
257	2015-01-01	43	42	123
300	1979-12-15	86	79	184
267	1950-09-01	66	45	16
271	1948-01-31	92	65	167
202	1986-12-01	95	54	63
225	1971-08-09	79	54	120
210	2019-01-05	72	79	183
248	2006-10-10	5	95	15
285	2008-08-28	83	35	145
260	1970-06-09	98	57	186
256	1995-11-09	1	95	59
280	1961-07-08	4	16	37
245	1967-05-30	3	92	54
263	1963-07-15	22	67	102
226	1944-05-27	26	17	168
291	1968-06-19	63	76	109
221	2008-02-15	91	79	106
278	2020-04-13	44	61	115
260	2019-01-31	71	40	36
217	2004-05-05	50	94	0
254	1980-04-18	77	16	70
227	1972-12-06	55	86	93
275	1951-02-19	85	43	100
245	2015-04-07	0	20	54
206	1944-12-05	76	46	168
282	1949-10-26	60	99	124
294	1963-07-08	58	85	139
208	2004-04-20	61	20	53
221	1972-12-19	38	32	198
268	2019-01-19	72	47	170
295	1949-06-28	1	58	96
222	1971-03-28	28	80	41
293	1970-05-18	85	14	111
298	1944-05-07	82	49	70
233	1984-07-31	34	30	38
283	1960-10-18	97	62	78
218	1966-12-21	85	98	20
298	1944-09-05	87	44	79
290	1944-02-27	89	20	118
208	1965-03-13	5	57	0
244	1949-10-18	66	13	98
258	1950-02-10	39	68	193
282	1982-10-12	81	33	58
214	1982-01-19	37	18	186
249	2011-07-27	73	69	48
292	1983-02-24	25	13	138
263	2007-07-24	64	5	126
279	1959-09-05	22	44	40
295	1940-12-09	30	63	18
285	2016-11-01	40	34	177
239	1945-08-01	80	6	172
284	2008-06-23	50	33	140
210	1943-01-12	58	77	66
222	1996-06-07	64	6	78
291	1996-02-10	22	62	29
295	1988-09-22	53	94	70
263	1965-07-20	40	8	163
231	2016-06-22	15	23	40
279	1956-07-31	49	75	176
242	2007-12-14	70	63	137
277	1955-11-29	53	99	100
262	2020-08-06	74	90	160
238	1982-08-31	47	66	26
257	1975-11-23	89	96	121
232	1965-09-29	92	88	52
223	1995-07-24	75	65	137
295	1955-09-12	13	33	60
254	1952-08-26	41	8	147
204	2015-07-30	85	94	91
265	1941-10-16	97	18	165
280	1974-08-01	64	18	38
299	2006-03-02	0	84	164
261	1949-06-17	74	6	18
227	1969-06-02	68	68	115
298	2014-07-26	87	67	80
276	1979-08-10	22	27	129
219	1977-02-27	16	75	11
237	1983-03-29	79	33	61
215	2015-11-27	85	2	148
246	1960-07-26	26	76	8
209	1942-08-17	17	26	164
218	1941-08-17	97	43	196
216	1989-12-01	2	71	67
244	1965-12-24	16	24	19
279	2013-10-19	94	68	197
269	2013-10-07	78	82	98
283	1963-05-09	35	55	13
233	2010-11-11	20	92	1
279	1982-08-23	49	40	45
294	1994-10-09	80	11	132
