218	1956-09-24	73	14	64
210	1942-03-23	72	34	69
234	2018-06-04	31	67	96
211	1944-11-28	96	91	76
243	1944-08-13	72	19	201
296	1974-04-09	82	53	81
202	1966-02-04	43	98	174
255	1989-07-13	53	4	28
213	1969-03-21	8	36	125
278	1965-11-19	81	55	58
254	1994-03-06	83	32	199
208	1985-06-07	50	34	86
238	2018-10-24	88	11	186
296	1964-10-20	44	67	149
207	1948-09-04	10	11	60
204	1979-09-10	0	30	56
298	2015-07-21	98	96	132
256	1994-02-09	59	92	129
290	2018-10-06	36	49	55
287	1975-01-22	39	56	193
201	1941-08-18	45	67	17
216	1981-05-13	40	78	90
258	2015-04-09	9	95	125
245	2012-01-15	10	35	34
212	1942-09-15	78	37	88
231	1957-03-01	22	16	93
266	1946-12-02	16	25	184
208	1950-10-09	4	64	10
217	1960-07-15	27	61	160
257	1971-12-28	13	69	45
274	2012-03-30	98	62	192
278	2004-04-15	100	34	52
258	1940-05-26	8	78	77
248	1978-05-13	77	89	190
245	1977-06-02	28	21	37
264	1955-12-26	91	71	115
206	2006-12-16	0	15	130
212	1988-01-02	46	89	2
292	1979-08-25	14	20	59
279	1978-03-07	89	54	115
277	1959-05-27	86	47	88
231	1940-01-17	86	1	34
232	1962-12-15	8	22	184
264	1990-02-02	28	87	47
206	1965-01-07	65	16	12
203	2006-04-25	73	91	188
246	2010-09-05	19	93	139
202	1954-12-25	47	47	3
214	2008-07-17	8	81	134
212	2013-09-19	89	86	182
272	1964-11-18	36	32	175
239	2012-09-25	94	45	112
235	1964-05-05	82	67	75
208	2011-12-13	10	93	27
233	1996-12-17	38	29	156
253	1984-03-17	63	63	36
247	2002-03-30	65	59	181
265	1953-09-06	32	0	55
298	2002-12-12	14	63	195
202	1974-12-15	30	20	90
227	1956-04-24	47	46	136
212	1989-03-05	45	79	40
255	1974-06-10	30	75	64
214	1981-02-08	83	79	69
297	1986-01-27	92	65	100
233	1954-01-22	88	60	113
265	1979-01-07	81	68	194
246	1957-07-15	21	71	59
283	1965-09-30	1	41	126
279	2012-03-30	94	84	52
291	2011-07-31	9	44	32
290	1989-05-28	53	47	20
247	2014-04-28	81	69	127
208	1988-06-06	7	89	105
239	1995-08-03	22	70	147
289	1990-07-11	84	66	51
243	2018-02-27	67	17	21
221	2018-05-17	43	42	165
274	2005-04-13	33	49	48
223	1961-08-14	42	95	49
295	1992-09-08	72	59	145
252	1948-09-13	70	54	92
221	1946-03-25	38	95	17
249	2012-04-24	71	19	158
203	1953-03-12	66	88	2
223	1978-01-24	84	42	105
273	2006-10-18	7	60	112
272	1980-10-08	92	33	163
292	1952-05-12	0	62	110
220	1982-03-22	74	69	129
248	1973-06-18	37	90	192
257	1980-04-11	84	23	62
214	2016-10-05	77	89	146
221	1997-10-28	43	94	196
282	1992-04-10	78	36	109
226	1994-02-07	29	18	73
230	1967-09-13	44	42	142
254	1957-06-13	53	53	25
257	2008-10-14	87	33	71
259	2000-09-27	74	54	185
254	1961-11-05	26	53	76
223	2009-09-07	64	81	146
215	2017-11-22	46	9	87
202	1994-10-25	87	3	160
268	1974-10-27	45	73	60
233	1950-08-11	57	93	191
295	1961-07-02	21	14	16
218	1991-07-24	84	93	71
283	1943-02-02	34	26	139
224	1962-11-15	70	40	89
276	1951-01-07	32	64	91
230	1948-11-25	1	11	96
221	1951-02-18	93	50	121
201	1998-01-09	49	11	96
224	1990-03-28	75	90	101
240	1991-04-06	43	30	44
217	1982-07-17	41	97	167
264	1951-07-07	77	24	161
300	2005-11-03	7	38	91
225	1945-06-19	16	55	115
242	1960-06-02	29	35	166
266	1950-08-31	15	66	128
240	2013-04-16	54	17	18
215	2020-02-12	12	62	94
260	1988-11-25	56	76	142
247	2001-08-23	43	89	19
242	2017-03-24	31	73	175
208	1989-11-07	29	0	109
252	2016-01-05	5	58	168
216	1991-06-08	25	42	144
211	1979-03-20	31	64	55
289	1977-02-20	70	100	34
276	1985-07-23	92	27	72
238	1990-02-18	64	43	166
220	2006-07-07	14	88	41
230	1946-12-22	13	82	91
265	1988-07-29	70	65	38
221	1963-02-04	46	73	48
203	1996-02-19	78	52	125
270	1955-07-17	92	82	48
281	1996-07-12	56	97	99
218	2000-10-28	83	5	170
236	2008-01-16	62	70	175
209	1996-11-13	67	35	58
247	1959-08-09	79	93	95
273	2000-12-24	15	97	173
214	1987-01-22	98	35	38
201	1994-12-03	30	21	101
240	1998-05-27	60	94	113
292	2009-04-15	70	10	187
275	1966-02-25	36	70	99
290	1943-09-09	31	10	86
254	1981-11-04	55	27	109
265	1944-12-03	21	60	61
258	2015-01-29	52	46	6
203	1972-08-25	71	64	122
276	1995-05-09	7	67	38
206	2019-07-24	98	63	136
246	1951-10-17	5	65	2
207	1986-03-07	72	39	190
243	1977-06-26	52	21	101
226	1995-03-21	47	74	9
278	2008-04-23	63	17	142
204	1986-12-30	82	15	68
260	1948-01-29	46	5	188
294	1952-02-13	86	53	118
284	2017-12-24	39	90	160
230	1961-04-26	70	45	88
253	1992-11-16	92	4	63
280	1953-04-05	41	65	34
205	1974-10-22	98	72	40
221	2001-07-26	1	43	47
270	1964-11-05	15	67	185
292	2001-08-25	100	91	177
262	2018-04-14	36	70	111
295	2020-06-11	31	0	156
274	2007-05-27	24	51	181
277	2002-05-12	25	88	43
286	1992-10-31	36	23	68
262	1994-07-22	51	54	122
277	1989-12-25	32	69	75
247	1947-06-09	72	98	138
212	2017-03-22	66	75	74
261	2009-09-16	84	92	50
224	1985-10-14	39	43	107
297	2000-04-27	100	14	181
271	2002-09-30	81	41	21
288	1968-10-17	18	59	125
218	1944-10-20	1	15	146
253	2001-08-04	81	31	124
272	1945-09-29	90	3	86
216	1948-10-09	50	18	158
216	1961-05-11	52	39	139
262	2006-10-22	97	33	12
205	1961-05-24	59	33	56
203	1985-10-13	99	21	6
259	2019-02-22	32	62	39
268	1949-05-27	58	39	38
278	1942-01-11	90	41	113
294	1978-12-27	0	77	128
262	1977-05-09	83	1	146
265	1941-05-13	87	88	91
219	1962-07-16	96	74	139
257	1998-10-09	19	13	135
235	2000-06-26	32	51	191
202	1972-11-12	15	35	14
261	1981-06-11	87	78	132
273	1954-07-31	45	37	92
288	2015-08-26	94	75	173
277	1994-04-23	47	40	83
238	1980-06-01	36	29	96
298	1955-02-03	57	69	113
204	1951-11-18	90	5	135
277	1971-06-19	33	30	51
278	1946-10-17	53	51	104
265	1974-08-04	22	3	40
299	1966-04-13	5	16	95
246	1963-03-06	58	50	129
289	2017-08-21	94	7	102
264	2010-11-11	21	96	109
236	2005-08-07	9	18	145
293	1948-02-06	96	16	15
294	2008-03-23	28	20	9
226	2013-02-17	34	6	47
234	1982-10-20	84	73	160
278	1942-03-28	87	4	136
272	1990-05-14	19	7	14
261	1994-11-11	99	36	118
204	1945-11-07	63	23	18
213	1952-03-16	31	42	77
286	2012-10-07	50	97	27
247	1949-10-05	72	28	159
267	1958-12-28	12	91	17
240	2004-03-31	62	61	59
226	1941-05-29	63	13	108
211	1999-02-09	6	66	82
287	1955-02-19	87	39	148
300	1971-12-06	85	92	169
252	1991-09-13	67	28	6
210	1965-09-04	26	39	67
214	1943-01-16	37	84	79
264	1973-10-11	48	48	53
282	1990-10-05	24	85	40
291	2000-06-27	12	8	147
201	1940-05-09	89	100	28
281	1981-08-16	17	74	124
284	1954-08-07	34	18	181
219	1943-11-03	69	98	103
234	2011-11-24	47	67	187
264	2019-11-21	71	15	147
201	1981-06-28	5	60	133
283	1989-09-24	91	90	23
255	1962-04-26	45	65	74
252	1982-07-18	54	45	97
290	1972-04-02	74	85	57
230	1975-12-24	12	16	146
210	1950-08-09	100	66	112
287	2015-11-16	45	57	57
217	1967-11-26	17	73	163
244	1982-01-01	30	73	78
236	1993-12-03	27	58	181
274	1982-05-27	71	62	169
288	1954-08-24	81	91	186
241	1963-04-18	4	57	113
222	1967-06-17	61	84	180
277	2000-12-27	28	80	146
290	1941-11-09	43	92	111
277	1950-06-23	19	77	140
296	1964-07-06	63	44	54
235	1963-03-26	61	62	24
249	1941-05-15	77	44	158
243	1958-05-20	68	36	116
299	2014-12-06	13	80	54
259	1978-02-05	20	37	31
252	1975-07-14	66	39	38
286	1976-03-29	16	22	134
293	2016-07-05	62	7	71
222	1957-09-01	62	88	43
287	1945-08-24	86	88	67
254	1952-02-02	10	87	83
225	2004-03-14	11	90	180
238	1965-05-19	57	89	49
258	1942-04-17	62	66	14
208	1971-07-16	47	47	22
236	1948-11-14	93	74	151
218	2010-02-17	39	20	194
226	2012-05-10	53	0	126
214	2007-07-24	78	41	182
285	1954-10-05	38	54	131
