254	2007-09-15	56	45	145
204	1956-01-10	54	95	2
258	1970-08-13	25	14	172
288	2019-04-23	4	76	140
221	2010-08-23	24	28	143
234	1988-10-03	65	14	59
202	2000-05-09	0	55	55
270	1988-12-03	97	83	199
245	1992-12-01	8	6	67
211	1955-09-30	40	24	46
285	1981-12-22	15	75	41
233	1994-04-16	13	97	74
278	1944-05-25	69	71	188
269	1977-09-01	44	6	60
237	1974-11-12	68	74	58
292	1961-08-30	72	76	195
224	1974-09-17	28	6	30
282	1983-03-08	99	100	177
262	2010-03-12	74	88	19
232	1940-10-11	79	2	194
271	1983-01-19	91	20	17
238	1952-01-09	97	64	187
227	1960-05-21	61	13	100
256	1959-01-30	15	60	5
252	1980-02-12	22	77	142
267	2011-10-06	92	88	70
238	1949-08-25	99	22	19
240	1942-02-13	12	86	43
256	1971-03-14	52	47	9
249	1988-05-31	45	18	130
237	1980-01-04	29	55	107
228	2018-06-30	89	65	110
204	1985-03-30	15	46	171
265	1987-07-11	37	26	191
285	1986-06-08	75	69	53
285	2014-02-17	4	4	121
295	2007-03-23	24	18	42
204	2009-11-15	66	93	183
272	2002-04-06	8	14	57
287	2009-09-20	54	4	122
255	1957-03-11	99	63	121
240	1964-12-09	76	80	35
300	1983-07-15	61	23	173
270	1983-05-30	64	50	101
282	2008-12-11	15	36	147
215	2019-04-05	60	0	22
207	2013-11-08	2	15	188
298	1945-10-18	17	45	153
281	1941-10-10	54	45	168
218	1978-08-11	17	29	18
254	1963-11-30	33	17	160
271	1976-07-31	36	15	196
254	1962-01-16	57	74	108
247	1998-04-16	68	35	162
278	2019-11-13	21	68	95
285	2014-10-18	79	76	165
233	2013-09-20	75	21	194
256	2008-11-01	32	66	4
210	1978-08-18	88	19	64
260	2003-02-15	83	28	137
297	1953-11-25	4	88	5
278	1980-10-08	32	12	106
227	1997-01-18	67	94	90
273	1990-05-29	25	12	147
258	1947-04-09	44	28	9
260	2009-02-20	26	88	53
266	1953-07-07	51	78	61
225	1946-08-04	74	97	105
239	2020-03-22	96	73	166
243	2002-02-16	55	29	93
275	1976-02-20	99	73	13
232	1947-01-11	17	72	173
289	2003-07-06	52	33	141
244	2009-10-25	73	95	139
279	1942-09-29	8	96	79
227	1963-09-11	1	88	49
206	1965-09-26	13	56	46
212	2003-03-13	49	74	119
214	1959-07-29	83	60	163
284	1988-10-14	48	68	84
299	1977-10-10	38	14	132
248	1950-10-11	25	12	157
256	1975-11-19	98	43	45
272	1968-08-02	96	75	127
211	1943-01-13	73	3	153
211	1961-08-29	13	18	116
249	1948-11-11	91	32	2
204	2017-02-26	19	41	103
239	1951-04-20	32	47	167
242	2016-06-27	76	17	118
218	1952-10-18	71	86	40
272	1997-02-03	83	12	183
286	2014-07-17	60	4	32
264	1957-09-17	50	48	55
279	1997-04-16	28	61	138
229	1953-10-06	12	40	119
283	2001-10-16	25	83	116
212	1964-06-30	2	98	44
223	1980-02-11	64	18	116
232	1988-11-18	22	62	103
283	1942-10-19	87	81	108
289	1977-02-08	93	61	52
220	1992-08-23	68	81	38
259	1972-01-15	23	86	180
269	2019-05-19	51	70	73
270	1942-04-01	76	79	79
201	1970-02-21	56	96	29
224	2005-03-19	95	92	131
261	1978-05-31	56	23	138
296	1959-01-02	48	93	166
261	2012-12-22	79	27	25
203	1998-04-19	57	79	150
212	1955-01-21	100	33	89
215	1997-03-13	42	30	152
289	1944-05-21	67	81	166
221	1989-04-12	1	5	78
245	1989-07-19	13	80	124
257	1973-12-04	89	93	121
242	1945-01-03	12	67	88
238	2012-08-06	0	70	25
266	1998-08-17	65	100	150
226	2013-02-09	68	15	64
269	1953-08-06	47	34	65
295	2019-04-09	39	40	114
273	2019-03-03	33	60	154
207	1987-11-03	0	88	141
275	1961-08-28	1	45	37
239	1989-12-25	14	19	174
251	1983-01-08	21	37	72
257	1952-02-08	20	30	191
212	1986-04-28	35	48	143
254	1963-03-23	58	39	187
240	1977-02-19	28	50	108
290	1969-06-18	36	4	37
233	1996-01-10	92	20	32
206	1958-05-16	4	67	200
276	1995-09-23	81	89	166
208	1986-05-05	55	31	35
225	1970-02-03	59	90	98
226	1978-04-12	59	89	170
270	1979-07-17	36	62	103
282	1947-01-18	91	29	102
292	2010-11-16	67	32	34
280	1956-03-22	4	59	97
269	1983-10-25	61	50	179
276	1979-10-24	44	97	71
219	2015-05-14	61	80	4
217	1940-06-18	53	14	154
250	1959-09-24	92	13	61
238	2003-02-09	75	31	70
224	1945-10-03	23	57	16
275	1986-09-30	2	96	45
