217	1968-06-08	36	0	199
290	1971-09-03	64	88	74
270	1993-05-04	57	52	102
269	1984-09-28	28	70	156
243	1965-08-13	23	74	138
211	2011-01-16	41	63	3
267	2008-09-02	81	0	120
284	1961-02-14	8	15	123
270	1964-08-28	20	34	92
293	1943-10-15	37	91	55
293	1941-11-01	20	100	125
232	2005-03-09	52	36	5
273	2019-06-22	89	78	94
251	1983-01-16	42	62	94
236	2000-08-08	16	32	99
231	1953-03-21	58	24	81
269	1997-12-31	61	65	6
225	2003-04-24	27	57	180
220	1970-03-03	5	20	113
267	2017-10-02	34	11	187
229	1953-05-23	63	56	152
211	1961-04-07	56	86	6
260	1983-10-13	79	18	127
252	1963-09-15	19	58	182
268	1984-07-09	22	32	114
282	1992-08-22	15	88	21
211	2017-05-27	12	76	101
299	1973-01-23	61	14	184
269	1952-02-28	39	80	75
222	1994-08-23	22	63	73
242	1957-11-12	67	81	111
280	2018-04-30	5	27	41
252	1976-03-22	74	1	142
216	1979-05-29	23	7	152
278	1976-11-18	49	58	2
235	2006-01-05	98	97	33
241	2017-09-19	78	58	137
221	1951-03-16	38	60	113
290	1999-01-05	19	44	4
287	1961-04-06	90	80	35
253	1982-09-19	10	80	201
289	1953-12-04	75	3	193
223	2002-07-31	1	97	43
253	2019-10-10	61	28	61
235	1965-10-02	60	34	159
293	1943-09-21	82	3	24
223	1984-02-04	62	24	103
257	2004-07-11	11	72	56
290	1985-12-31	59	59	124
244	1975-05-31	94	90	142
296	2019-09-29	66	63	146
208	2005-02-17	10	80	165
233	2003-11-25	36	70	129
296	1950-06-18	35	57	126
291	2001-09-23	100	42	47
295	1984-12-04	1	49	66
265	1974-10-25	14	17	120
230	2006-02-10	39	36	146
225	1960-10-30	79	16	67
238	2012-09-07	7	94	189
265	2009-08-09	41	83	153
259	1994-11-06	70	77	110
220	2010-03-22	11	50	173
227	1958-10-10	20	84	43
289	2007-03-18	42	94	167
244	2013-02-07	33	11	136
214	1961-01-17	49	59	106
237	1999-01-02	92	43	78
285	1980-04-08	16	75	155
294	1984-05-17	35	79	187
212	1948-06-21	95	52	78
225	1985-02-09	38	20	103
248	1971-04-10	73	6	195
252	1940-08-17	14	18	2
295	2000-01-10	35	97	182
299	1985-08-10	68	1	110
236	1980-01-03	21	54	79
204	2004-12-19	37	91	20
238	1958-07-04	67	36	25
242	1972-05-01	1	4	169
299	1973-07-29	23	97	147
220	1943-05-06	56	93	123
267	1943-06-15	0	60	136
214	2007-10-26	73	81	4
277	1998-01-19	92	93	29
227	1972-04-12	2	33	173
248	2019-03-13	35	29	198
282	1949-08-03	32	10	95
224	1977-09-07	36	3	150
212	1983-01-08	69	49	22
251	1994-07-31	27	68	83
243	1975-07-31	59	45	190
230	1967-03-04	26	73	22
295	1973-03-10	14	79	26
263	2000-05-06	46	91	193
279	1953-08-30	59	69	107
209	1979-06-26	78	67	50
296	1944-10-30	88	50	55
266	1989-07-11	43	80	167
244	1997-11-22	3	49	72
273	2011-10-14	93	11	172
208	1986-12-16	75	11	184
268	1970-01-30	38	78	132
270	1941-10-30	40	64	185
257	1967-06-30	6	99	147
250	2018-11-01	70	6	137
261	1941-09-14	48	60	69
212	1945-07-23	83	1	135
295	1951-12-30	15	76	122
240	1964-09-03	60	29	200
296	2000-06-25	40	93	17
274	1947-03-07	71	24	135
297	1985-07-16	64	36	92
227	2020-01-10	83	20	104
278	1999-07-07	19	87	109
223	1975-03-18	68	27	138
207	2007-12-01	7	82	64
239	1958-09-27	24	11	185
289	1966-08-15	49	53	156
271	1995-11-14	14	15	117
273	1953-01-20	63	15	140
293	2020-05-22	4	99	198
233	2002-03-18	67	29	115
231	1942-12-12	6	36	49
209	2018-12-14	99	91	52
218	1989-01-28	63	14	132
271	1940-07-11	17	21	11
288	1943-11-26	48	61	173
263	1949-06-15	59	37	69
287	1946-04-12	90	44	136
289	1957-12-11	18	44	182
277	1942-12-29	94	52	142
300	2006-02-08	50	70	24
264	1946-06-20	44	6	197
261	1951-12-01	53	21	90
268	2014-02-24	80	18	187
257	1947-05-31	42	87	79
253	2008-05-15	72	52	65
298	1983-12-20	100	19	94
261	1965-12-04	79	5	170
290	1971-05-23	89	86	37
228	1995-08-26	65	58	191
240	1985-01-24	17	7	115
290	1963-12-07	99	78	148
280	1988-06-09	23	65	16
270	2002-06-13	53	38	194
274	1971-10-12	53	0	145
231	1987-06-20	5	10	60
291	1961-11-17	10	39	32
292	2009-06-14	92	59	74
292	1988-08-24	73	89	52
260	2016-07-13	26	76	129
267	1975-01-20	90	99	127
201	1966-12-21	94	28	79
201	1941-09-28	42	81	36
239	1989-03-24	41	31	130
211	1955-05-04	87	71	2
262	1974-10-27	91	56	132
267	2002-07-02	3	66	49
263	1945-11-21	96	70	120
202	1980-04-09	27	73	26
232	1976-09-09	66	60	96
206	1958-11-06	49	85	13
254	1952-05-02	66	0	132
274	1946-08-28	4	11	80
205	2007-09-28	10	50	194
248	2009-04-24	53	15	106
266	2005-07-09	13	60	131
245	1976-07-02	51	45	1
212	2017-08-07	50	14	88
266	1973-11-20	23	5	42
293	1989-02-24	73	51	183
225	2009-03-21	85	44	194
241	2020-01-05	56	54	29
267	1983-09-16	93	100	43
240	1988-12-09	23	94	79
245	1956-12-13	67	15	163
298	1952-03-05	41	81	74
207	1963-01-03	4	89	64
287	1994-10-06	53	89	34
206	1961-04-28	42	54	0
239	2015-01-28	32	64	198
281	1969-10-02	41	40	81
233	1943-01-30	47	70	91
227	1947-09-27	60	16	130
275	1983-10-16	1	67	110
204	1947-07-15	9	48	129
287	2003-05-31	61	41	184
223	1942-11-05	33	76	40
221	1956-03-14	34	85	61
238	1997-09-06	97	78	35
262	2018-12-17	0	49	27
214	1958-01-25	11	85	142
234	1994-05-02	33	36	103
