296	1995-07-14	40	18	93
233	1975-11-21	8	50	71
215	1969-07-01	24	67	66
273	1965-06-03	59	30	120
202	1954-09-30	41	51	88
279	1943-05-08	94	85	63
215	1996-01-24	59	62	143
202	1948-01-03	9	90	148
215	1994-09-27	40	79	148
286	1967-12-02	31	20	159
247	1964-03-06	96	13	86
257	1958-09-03	22	65	139
215	2007-07-29	99	17	150
291	1953-08-21	25	3	142
290	1944-03-21	3	5	38
255	2014-09-11	31	16	127
270	1999-03-05	75	20	96
213	1955-11-09	1	26	61
220	1970-05-29	16	54	22
279	1942-03-18	26	43	119
201	2009-10-04	20	61	30
286	1967-11-02	54	74	105
267	2019-12-06	65	24	108
220	1948-10-25	54	79	175
277	1969-08-15	83	27	200
277	1974-01-30	58	3	49
230	1971-02-10	49	85	72
263	2011-05-26	54	31	63
256	1979-08-19	14	93	170
273	1998-09-07	19	74	124
207	2005-02-21	8	33	57
252	1952-04-08	34	85	45
212	1968-03-21	33	21	30
246	1952-05-03	53	37	88
215	1990-01-28	86	78	94
216	2013-03-09	21	26	76
289	2016-12-08	43	23	148
260	1990-06-08	52	98	200
278	1982-08-08	50	45	52
258	1941-12-08	34	98	50
290	1988-08-08	75	75	144
240	1949-11-02	39	36	128
294	1955-08-01	29	90	76
250	2016-06-19	75	59	50
266	2000-05-23	62	68	6
279	2008-11-25	31	40	37
267	1981-03-06	32	60	120
271	1984-05-27	7	43	129
254	1980-04-11	86	4	63
252	1945-06-10	53	63	38
255	2010-06-01	63	1	67
215	2012-04-01	30	35	143
243	2015-03-21	29	29	161
247	1958-10-07	82	88	35
293	1993-12-15	66	44	182
249	1952-11-16	0	56	42
272	1952-05-27	37	37	49
259	1956-12-18	85	88	67
202	1990-02-19	54	65	154
249	2014-09-28	29	74	92
268	1958-04-06	8	47	111
230	1986-11-01	48	71	129
229	1990-12-18	47	74	36
251	1988-10-02	71	92	58
248	2008-11-04	57	89	187
215	1985-11-07	80	42	2
222	1950-04-04	29	57	42
250	1961-10-01	69	95	118
267	2016-03-11	74	25	143
275	1944-05-05	84	88	142
219	1963-04-08	21	98	36
229	1946-09-09	5	14	92
263	1956-10-08	93	83	96
288	1993-10-12	25	54	132
240	1947-06-19	47	25	90
297	1956-01-29	12	94	139
292	2007-07-02	52	28	53
247	1946-09-01	72	17	6
255	2006-01-26	64	32	31
296	2003-05-11	73	21	151
274	1961-06-16	7	5	176
281	1971-04-30	58	19	49
203	1954-06-07	25	29	55
252	1983-11-02	6	56	148
287	2008-09-13	1	48	96
277	2009-03-29	27	28	76
260	1952-03-29	77	35	97
298	1945-09-05	24	75	149
284	1964-08-04	20	87	1
270	1946-03-29	28	67	47
226	1950-04-26	2	56	20
250	1976-10-05	47	92	106
211	1951-02-03	27	74	79
229	1955-06-01	82	11	138
240	1973-07-31	78	88	163
275	1946-05-15	56	65	45
217	1952-09-26	37	14	199
240	2007-02-08	47	1	138
235	1967-04-18	48	51	66
227	1969-06-18	55	21	147
255	1988-11-30	88	57	5
228	2001-12-13	19	62	54
207	2007-04-29	71	51	138
265	1948-05-26	13	23	169
