250	1967-11-26	30	100	194
226	1996-09-30	20	68	173
247	1971-09-05	30	96	84
240	1990-03-14	21	54	100
235	1975-06-03	79	62	151
264	1942-10-09	31	37	198
241	1987-07-25	5	7	40
239	2013-10-27	78	70	7
217	1964-01-31	36	90	135
278	1940-09-12	44	54	17
225	2019-11-02	66	33	59
237	1956-12-21	88	42	172
234	1960-01-15	37	19	10
270	1951-10-17	64	19	191
238	1969-10-10	2	64	102
297	1961-02-07	84	33	180
259	1989-09-17	97	33	177
280	2000-12-26	16	71	146
203	2019-07-29	7	89	62
261	2008-09-22	62	62	173
282	1957-12-11	43	87	81
204	1990-02-21	38	98	162
255	2014-01-28	36	52	103
274	2004-01-29	84	14	36
214	1949-07-16	75	18	120
213	1962-05-06	66	26	45
289	2004-11-15	18	70	90
271	1945-02-14	63	4	40
248	1969-07-28	66	21	162
273	2017-09-24	77	98	14
254	2015-01-11	33	12	192
242	2020-04-28	45	32	99
224	1998-12-02	33	28	45
260	1951-05-28	82	1	190
209	1952-12-01	48	31	28
225	1950-11-18	68	29	57
265	2006-10-31	81	50	40
266	1950-04-28	2	9	121
299	1993-12-28	98	21	151
243	1951-07-13	33	17	184
286	2004-08-02	30	46	55
267	1940-06-19	56	89	44
205	2013-04-24	94	4	134
262	2012-07-05	5	38	64
296	1944-01-06	5	43	137
221	1953-09-10	5	23	175
226	1996-10-16	80	68	184
276	2003-08-17	12	38	122
263	1970-03-10	44	65	200
248	1962-12-06	82	38	112
267	1973-09-13	47	96	31
238	2019-07-24	16	66	17
279	1946-09-02	76	21	165
206	1972-09-09	61	67	190
241	2009-05-06	19	95	29
242	1943-08-30	86	35	62
263	1946-11-15	47	70	183
221	1961-03-24	88	53	153
232	2000-12-14	5	4	118
214	1977-04-22	54	8	40
206	1950-07-04	50	74	188
216	1995-09-23	69	11	109
252	1967-05-01	58	75	114
205	1995-12-24	89	25	134
219	2015-01-24	99	43	164
202	1976-03-16	26	52	89
235	2016-05-02	9	72	96
239	2012-01-05	100	95	54
244	1998-11-30	20	12	107
291	1983-08-07	87	91	156
218	1987-02-22	94	48	17
222	1998-08-26	80	34	3
251	1968-03-09	38	96	28
282	2001-10-19	69	52	104
299	1998-10-16	91	68	102
226	1981-02-04	60	4	23
221	2016-10-05	98	10	160
263	1960-02-06	83	96	106
221	1940-02-13	44	41	119
268	2014-11-26	19	45	43
273	1964-01-20	92	8	3
263	1993-09-02	86	99	84
256	1972-06-08	28	79	153
255	2015-08-24	94	34	87
280	1940-06-17	78	37	57
292	1981-12-15	5	91	165
294	1961-02-17	77	15	87
252	1995-05-13	58	73	139
232	2007-03-31	77	3	155
204	1961-10-31	11	58	98
204	1949-06-17	30	80	5
286	1994-03-26	15	30	68
280	1975-07-13	22	7	34
223	2007-11-16	60	27	80
211	1951-11-19	70	36	4
204	1983-03-07	33	63	177
297	1974-07-04	23	0	162
205	1972-01-10	43	3	51
240	1964-08-14	44	33	19
208	1966-06-02	100	10	181
222	1951-03-07	56	63	176
215	1970-10-08	88	74	123
251	1986-01-03	63	92	106
210	1993-02-28	4	41	10
229	2012-09-17	46	41	168
268	1998-01-03	72	19	39
259	1996-01-23	35	16	117
223	2010-10-26	19	96	19
298	2002-02-07	60	59	9
217	2008-03-10	33	91	76
247	1975-11-18	58	74	189
274	1995-09-09	21	92	96
277	2000-09-22	19	59	198
211	1972-08-18	14	80	180
298	1947-12-08	72	50	80
204	1971-01-26	44	6	191
293	1989-03-17	5	99	53
286	2010-02-20	26	68	120
289	1942-01-04	44	13	8
226	1957-01-27	67	30	133
235	1998-01-04	78	17	186
212	1977-05-23	30	49	156
271	1993-08-02	17	46	98
248	1956-09-22	98	32	37
257	1977-05-25	2	71	23
286	1960-03-19	67	45	191
273	1943-05-04	65	39	34
226	1944-09-14	66	69	29
214	1975-02-21	29	5	138
297	2013-09-15	43	66	163
277	2006-10-15	5	54	186
208	1994-11-16	1	12	39
257	1990-06-12	31	49	86
299	1989-08-10	37	77	166
240	1970-02-17	49	47	17
290	2019-04-07	40	85	190
280	1989-01-31	27	4	90
234	1968-09-30	81	8	141
292	1948-09-15	95	32	14
216	2004-10-10	72	6	118
277	1970-02-24	99	28	24
233	1978-05-29	42	35	16
290	1969-02-23	38	85	170
229	1971-04-10	27	20	123
229	1990-05-08	85	79	186
283	1951-05-03	81	79	147
246	1973-04-04	82	45	79
253	1947-06-03	54	34	11
228	1958-02-04	99	20	9
258	2015-09-15	22	73	97
261	2012-06-02	31	76	95
218	2012-03-31	26	56	59
280	1946-11-23	12	60	94
221	2007-01-19	46	15	60
237	1977-08-15	98	67	195
248	2001-01-10	42	14	63
238	1950-08-06	85	91	96
230	2006-06-11	84	8	144
274	1983-04-29	10	4	166
242	1970-03-18	36	32	158
269	1940-02-25	0	41	104
257	1976-03-30	10	98	128
268	2002-04-04	71	98	55
209	1970-04-15	8	84	188
251	1970-07-29	83	46	147
213	2012-12-23	63	0	62
241	2003-02-21	71	79	197
203	1962-02-26	91	9	96
262	1958-08-16	99	35	170
232	2002-01-27	9	34	91
237	1974-01-10	98	7	161
260	2012-04-15	57	45	44
281	1972-04-12	57	7	85
244	1964-05-12	69	14	188
294	1998-03-22	45	54	129
216	1949-05-30	34	19	149
232	1961-10-20	63	75	160
235	1995-08-28	98	59	183
275	1942-10-28	60	43	71
287	1991-05-03	74	41	18
211	2005-08-03	72	11	61
298	1998-07-05	91	22	36
254	2015-05-09	27	69	144
285	2015-05-22	15	5	123
229	1949-05-23	64	51	6
292	2002-02-19	32	10	192
242	1969-04-25	43	83	169
213	1945-03-03	94	22	167
267	2012-07-07	62	99	179
243	1985-03-04	35	63	104
283	1989-09-17	26	47	171
229	1995-11-20	3	89	197
256	1950-01-13	98	58	161
238	1953-11-26	33	52	156
244	1987-04-10	49	74	82
244	2018-08-15	86	35	78
268	1946-08-24	43	1	170
204	2018-02-01	88	48	192
218	1996-10-27	36	81	11
239	1960-10-01	90	66	106
282	2019-05-12	33	8	1
258	2004-04-01	83	52	111
250	2011-10-11	40	100	63
228	2011-06-24	49	71	27
231	2006-03-15	18	56	170
262	1995-06-23	60	91	112
274	1956-09-30	22	37	84
299	1988-01-28	66	33	17
209	1968-09-16	62	58	62
233	1994-01-27	39	45	137
