212	2013-04-07	55	23	190
218	1994-10-27	78	10	127
255	1988-08-31	5	51	195
298	1976-07-26	91	66	181
261	1953-10-23	5	2	119
275	2017-04-01	75	24	37
240	1997-10-18	8	4	11
240	1959-11-29	90	85	54
203	1984-02-12	100	76	99
259	1997-06-17	51	55	46
222	1964-02-20	7	7	105
213	1946-12-17	4	52	171
212	1981-10-18	86	56	81
296	1949-10-08	50	79	179
270	1983-06-16	45	98	192
248	2005-06-05	13	20	108
219	1977-09-10	69	82	71
275	1983-06-22	96	76	126
230	2006-07-04	76	90	133
255	1941-07-10	1	11	166
292	1977-10-21	3	34	1
273	1973-01-14	81	89	103
206	1990-10-10	46	25	86
258	2001-08-23	21	76	147
243	1989-02-16	46	55	53
248	2014-06-18	48	64	149
214	2011-01-24	65	62	92
222	1980-04-18	82	72	103
266	1963-05-23	29	48	120
208	2019-05-09	38	69	18
213	1977-11-10	79	97	156
299	2004-04-01	23	44	132
221	1981-04-10	22	19	170
240	2017-03-26	34	3	167
281	1991-03-30	31	86	175
233	1957-07-31	95	87	170
255	1966-05-03	24	60	182
228	1984-05-01	18	10	130
277	1984-12-30	7	23	180
266	1968-04-01	44	94	90
210	1943-11-06	11	66	113
204	1963-02-23	15	98	27
212	2003-01-23	77	80	94
210	1954-08-04	33	10	168
262	1985-06-20	77	38	132
290	1952-12-24	35	60	100
238	2019-08-10	59	22	65
226	2002-01-02	85	44	141
219	1959-12-29	12	19	69
241	1966-09-02	3	47	151
259	2001-12-03	9	38	4
234	1963-02-27	29	81	10
272	1969-05-29	87	95	50
280	2005-09-14	16	62	43
230	1979-08-12	31	53	18
288	1959-12-21	0	83	21
253	1972-02-13	72	68	144
282	1955-08-08	25	89	35
267	1970-10-10	73	65	81
284	1979-04-02	69	72	158
300	1981-01-04	27	76	116
282	2003-08-02	17	62	124
237	1957-07-07	79	31	160
275	2016-01-20	85	24	25
248	1984-06-14	14	36	79
263	1964-11-13	44	43	134
287	1961-01-17	56	66	40
220	2005-07-30	79	74	196
255	1950-12-14	65	98	45
286	1955-11-23	31	32	61
252	2007-09-29	99	2	184
289	1953-05-08	49	62	169
258	1959-08-10	0	87	44
229	1959-07-24	85	63	178
249	1995-07-06	15	60	111
211	2006-01-09	13	7	72
258	1995-04-24	100	60	101
298	2011-06-13	12	88	9
254	2012-01-20	69	16	85
265	2013-03-13	22	34	30
217	1943-03-27	29	3	99
210	2009-05-16	46	97	198
295	1979-03-24	62	23	178
253	2006-02-17	71	2	152
255	1951-04-26	52	45	48
287	2008-12-24	36	57	38
295	1959-06-12	36	36	111
281	1975-11-12	8	72	77
284	1956-04-16	42	18	84
204	2009-05-03	96	14	32
226	1979-12-20	3	63	37
278	1973-10-28	67	63	156
214	2019-05-14	85	70	105
206	1982-10-28	43	30	171
230	1993-11-09	19	63	160
258	1945-05-30	84	73	75
224	1967-12-22	62	4	82
280	1978-09-04	36	95	70
212	2011-09-19	51	69	189
236	1991-12-10	63	85	45
281	1986-10-09	3	33	137
262	1949-08-06	40	71	41
212	1987-11-13	70	23	145
266	2009-10-06	0	50	34
264	1960-03-08	6	73	15
256	1970-05-14	8	22	191
294	2000-12-18	5	45	22
235	1965-05-11	45	2	123
262	1952-03-10	20	88	11
287	2010-12-21	21	53	114
265	2017-12-05	19	50	116
281	1964-12-07	97	95	21
235	2004-05-01	75	96	147
288	2010-05-12	5	83	27
279	1994-01-09	13	54	85
266	1971-08-31	86	23	183
294	1950-03-28	49	45	180
201	1957-01-18	71	76	151
249	1941-09-18	79	60	43
227	2019-02-19	28	69	4
265	1983-03-01	33	33	58
223	1958-01-12	33	68	191
264	2014-02-27	7	6	29
254	2007-04-01	72	81	146
253	2020-06-15	5	75	30
269	2016-01-27	29	10	187
231	1975-07-13	67	40	114
248	1997-12-26	51	18	100
242	1974-10-14	46	10	116
217	1943-05-08	44	51	47
273	1964-01-30	65	64	173
260	2020-06-02	58	4	36
276	1975-04-17	99	16	169
234	1981-02-26	72	43	6
221	2014-12-19	52	87	154
280	2014-03-07	98	69	118
300	1952-05-27	31	72	149
214	1994-11-07	59	53	178
257	1997-05-16	24	19	48
258	1975-11-21	39	12	73
283	1972-11-26	73	80	179
222	1996-08-16	74	11	40
240	1990-11-30	72	44	152
297	1995-06-28	11	26	149
256	2017-11-19	35	9	168
292	1942-06-26	89	4	168
234	1956-06-25	11	31	21
297	1963-10-30	1	99	19
244	2015-04-26	87	66	9
254	1969-10-08	0	19	15
265	1963-10-18	42	55	90
266	1955-08-10	100	23	181
205	1992-12-10	82	39	93
255	1952-12-16	28	14	193
211	1951-06-12	28	19	2
239	1964-05-18	42	92	109
214	1956-04-14	56	94	165
291	2019-12-10	73	43	74
206	1966-02-12	93	34	155
247	2019-12-06	14	88	25
225	2002-01-22	83	96	111
221	1991-08-23	44	90	131
287	1956-02-19	93	0	42
287	1956-08-03	10	57	153
212	1942-11-06	63	6	45
237	1987-08-04	77	65	4
209	1988-04-02	62	85	63
277	1978-06-11	95	24	19
207	1992-04-11	56	61	48
214	2018-04-13	11	69	18
256	2006-03-19	52	81	99
219	1955-06-21	96	24	83
235	1995-10-26	57	8	107
299	1998-08-14	16	17	131
279	2009-01-22	54	96	109
285	2017-10-29	4	56	36
274	1978-12-29	82	78	198
274	1971-03-20	83	78	5
203	2015-03-21	7	38	162
274	1962-10-22	34	56	191
217	1998-09-22	72	36	196
208	1985-12-03	54	94	3
220	2010-04-18	74	78	132
210	1983-04-22	43	31	79
283	2002-05-31	54	20	62
257	2005-03-18	74	99	39
236	1941-04-13	52	69	85
295	1987-12-07	36	19	130
227	1942-12-10	4	44	132
267	1973-07-28	95	1	71
255	1982-01-31	50	78	62
209	2006-11-12	93	31	41
262	1947-12-16	95	91	61
258	1980-09-23	23	43	1
258	2003-03-11	42	38	152
226	1981-01-08	46	25	149
211	1961-11-27	41	43	122
262	1967-11-09	58	26	173
241	2014-12-18	83	49	39
273	2006-01-15	44	19	22
225	1972-05-19	53	64	34
236	1950-04-26	61	39	137
225	1947-10-30	64	55	56
278	1991-07-27	1	62	35
215	1946-07-29	49	47	175
229	1958-07-08	12	97	22
243	1993-11-12	1	5	122
286	2005-10-13	9	11	68
