218	1952-03-13	48	89	1
213	2016-10-31	75	5	80
268	1989-07-22	48	8	127
237	1959-06-29	60	24	97
224	1945-06-27	41	67	132
209	1969-10-06	48	74	71
245	1998-02-15	53	45	139
208	2010-05-05	22	77	107
271	1941-07-30	45	57	52
295	1987-11-04	86	7	177
251	1985-10-12	75	52	142
262	2015-03-25	24	10	175
261	1944-03-24	19	23	200
216	1969-10-18	45	80	42
280	2009-11-17	24	57	193
251	1954-10-26	61	59	141
250	2006-03-23	55	28	61
234	1958-07-17	14	87	33
214	1965-09-05	11	88	74
249	1985-01-25	4	6	110
279	2008-10-19	96	87	49
259	1989-11-02	97	77	72
233	2000-11-10	78	38	77
295	1941-12-24	87	2	57
217	2006-06-05	84	10	37
245	2014-07-01	10	50	105
280	1994-03-13	46	11	0
248	1980-04-14	8	74	146
259	1969-11-09	42	10	97
265	2009-12-15	67	93	170
253	2007-06-09	51	29	141
271	2005-10-18	7	59	72
219	1979-10-25	45	37	74
258	1989-06-25	60	44	162
257	1958-05-11	90	96	16
208	2013-01-07	34	71	115
228	2004-06-20	85	35	14
247	1990-02-24	16	40	21
238	1944-12-19	83	26	59
254	1942-09-06	3	81	46
291	1964-05-28	37	25	145
288	1975-08-16	80	45	184
251	1958-08-17	17	1	90
254	1942-04-17	76	95	86
281	1943-03-27	90	83	1
282	1977-11-21	79	67	149
258	1947-09-15	31	8	147
229	1972-09-05	73	89	25
250	2010-03-12	12	60	123
241	2016-09-10	90	92	150
236	2003-11-26	6	35	99
296	1982-05-17	58	17	15
259	1983-06-06	9	19	91
250	1978-08-18	40	22	80
250	1957-12-04	13	46	86
253	1953-10-26	69	68	167
278	1989-01-08	25	63	53
260	1979-07-13	22	87	111
231	1991-09-14	12	29	90
209	1956-02-26	18	36	164
280	1992-09-21	25	13	49
260	1990-11-24	26	85	61
231	1945-10-24	98	15	131
232	1991-11-23	67	80	83
213	1975-01-02	85	24	10
251	1953-11-22	99	56	164
235	2007-10-05	92	54	165
251	1996-04-28	7	14	186
284	1943-01-27	93	43	93
284	1993-08-08	10	98	66
209	1945-12-26	41	95	43
290	1986-04-20	57	69	88
204	1954-09-09	9	95	85
241	1954-10-27	44	95	80
272	1970-02-26	88	90	85
209	2017-04-28	26	32	52
298	1980-11-04	34	51	199
214	1963-06-03	14	24	90
263	1942-01-06	40	8	31
229	2003-12-26	64	93	28
287	1964-05-03	26	51	76
286	1988-02-14	5	58	190
272	1949-10-21	56	27	116
243	2013-05-04	66	46	99
237	1998-04-29	78	6	73
252	1945-12-05	1	14	46
222	1988-09-08	44	32	61
203	1960-02-20	42	58	40
214	1993-06-08	3	62	188
206	1965-05-07	89	33	83
277	1954-02-08	4	53	186
240	1994-07-16	60	51	18
250	1996-11-17	86	15	34
299	1957-02-16	59	66	29
292	1990-08-25	39	69	18
214	2002-08-07	55	19	92
281	2010-07-23	75	9	184
202	1997-03-20	88	44	164
202	1969-10-04	83	55	20
202	1952-12-09	76	65	86
203	2012-04-18	72	52	33
254	2004-03-29	39	40	50
234	1946-07-18	7	57	199
233	1951-12-03	56	96	52
207	2003-02-10	84	48	61
286	2019-07-31	72	93	125
277	1955-12-31	49	3	190
233	2008-12-15	4	87	197
285	1972-10-14	60	21	100
261	1946-04-21	48	83	121
223	1964-12-15	7	88	114
275	1966-12-12	29	52	163
212	1988-10-24	53	51	32
299	1997-06-14	62	45	171
203	1995-03-29	77	63	156
253	1956-04-23	2	95	63
257	1979-12-10	7	65	140
281	1984-03-20	58	38	25
289	1990-04-14	4	47	70
298	1978-06-04	73	3	193
277	2017-06-14	56	62	191
204	1961-06-30	100	98	191
283	1982-01-19	7	99	104
203	2016-05-22	90	82	15
252	1952-09-28	68	80	65
201	1957-02-18	68	70	197
251	1962-03-26	53	9	139
297	1957-10-25	87	9	27
245	1988-05-09	13	11	28
273	1986-03-12	94	15	69
226	2015-10-14	46	24	200
207	1954-04-03	42	68	26
212	1996-01-23	20	85	73
217	2003-05-03	43	45	7
207	1966-07-28	52	16	199
236	1962-10-19	49	13	61
290	1970-01-27	38	94	10
209	2011-09-07	99	97	127
274	2007-01-12	98	51	121
253	1990-04-09	90	9	135
266	1966-12-26	90	72	138
240	1946-07-18	98	16	74
232	2004-02-10	45	1	185
286	2015-09-25	81	27	38
280	2000-02-23	32	74	168
212	2009-09-07	79	50	111
246	1943-07-21	66	72	41
232	1976-05-11	2	72	118
281	1974-02-18	68	75	200
206	1971-05-04	81	56	15
245	1977-09-27	29	52	27
203	1966-05-14	78	96	18
215	1996-06-19	13	11	157
230	2006-06-26	64	4	103
290	1997-09-18	79	59	102
291	2004-08-07	58	46	56
244	1959-01-06	62	23	61
236	1977-02-13	23	81	77
229	1993-02-06	55	31	72
211	2012-01-01	100	27	143
237	1991-10-23	59	10	55
249	1957-03-08	42	13	136
300	2016-10-17	64	1	177
293	1986-08-02	18	50	73
219	2014-07-23	71	68	140
256	2020-09-14	99	20	137
276	1968-10-16	42	40	146
263	2018-10-06	59	69	61
272	1995-06-26	40	30	56
227	1951-05-11	98	38	189
238	1994-04-06	65	20	154
253	1946-06-06	56	47	194
232	1942-01-11	97	6	71
206	2002-05-19	9	41	131
260	1958-09-28	46	17	12
249	1969-10-23	91	74	144
268	1966-12-30	57	8	81
261	1972-10-10	19	64	87
267	1977-01-27	91	13	172
285	1962-05-26	53	5	30
204	2010-01-10	13	1	4
216	1967-12-15	83	99	58
274	1962-06-15	42	91	154
221	1951-05-02	60	14	16
235	1941-12-06	85	34	107
245	2003-04-17	71	58	5
229	1943-02-07	22	5	123
296	1986-05-29	66	78	111
221	2010-04-22	79	44	178
295	1967-07-19	45	81	100
257	1973-03-13	16	43	24
298	1997-04-12	38	84	158
201	1988-12-25	32	52	101
260	2010-07-19	74	34	102
277	1947-04-21	58	72	7
245	2017-03-16	17	62	112
251	1989-01-10	73	87	49
289	1985-11-15	11	29	46
237	1999-07-01	56	19	86
290	1957-09-06	73	96	85
226	1978-12-23	69	31	8
223	1951-08-28	75	92	66
267	1944-06-20	45	57	191
242	2011-03-26	20	21	31
261	1955-01-03	6	80	136
243	1977-08-05	17	46	29
231	1965-05-24	15	76	161
292	2009-08-21	34	97	4
294	1959-03-01	27	2	122
226	2000-11-14	72	79	48
243	1990-01-19	23	86	92
243	2013-10-18	25	75	16
251	2015-01-11	68	11	5
230	1972-03-17	56	30	40
208	1986-03-24	19	83	140
239	2017-02-11	58	35	201
201	1964-01-28	87	48	150
251	1991-12-24	31	69	174
262	1981-11-13	45	42	62
211	1957-09-08	100	47	144
205	1998-06-28	73	40	43
210	1970-09-10	2	18	14
227	1979-07-03	68	87	111
289	1971-01-30	68	42	104
218	2001-03-19	21	100	179
212	1952-04-25	39	59	15
204	1978-01-19	44	50	74
286	2020-01-18	83	90	84
296	1962-07-20	40	30	11
250	1989-06-10	12	90	98
280	1971-06-04	59	2	148
226	1971-02-22	52	63	58
226	1953-05-17	62	81	127
217	1978-10-30	45	27	148
210	1948-02-28	4	28	74
226	1949-08-01	53	43	196
298	1990-12-26	53	95	35
259	2014-01-02	15	22	163
212	1955-11-11	77	1	42
289	1973-12-18	92	16	127
205	1969-10-18	35	40	114
216	1981-01-02	63	12	20
290	2012-10-16	91	14	43
262	1987-08-01	53	26	134
276	1944-04-26	33	16	154
280	1949-05-22	65	85	52
230	1941-06-26	89	78	27
223	1995-03-06	50	16	125
225	1989-09-09	25	85	114
274	1941-01-01	82	74	195
275	2003-02-28	25	53	175
228	1977-12-16	10	46	59
296	2000-06-29	54	24	9
217	2017-03-18	4	60	83
296	1964-03-20	78	61	200
209	1999-07-22	28	49	127
256	1955-04-22	87	92	40
254	1985-09-20	40	46	47
288	1959-01-06	94	41	36
214	1947-01-23	70	44	178
247	1991-10-04	81	68	16
239	1949-03-13	56	1	138
228	2004-08-05	73	84	124
