291	1982-04-25	48	60	198
206	1953-04-07	91	7	12
248	1965-03-20	69	61	54
285	1949-09-29	15	5	178
276	2002-07-13	92	68	109
287	2011-04-10	46	59	142
210	1998-07-25	79	93	44
292	1978-03-27	50	68	180
212	1996-02-19	89	43	111
264	1967-11-16	2	67	77
254	1975-04-16	66	85	195
286	1997-01-23	5	20	72
221	1964-11-29	69	74	42
230	1985-12-06	28	74	179
281	1980-01-26	10	86	91
286	1984-01-29	28	51	117
215	1985-02-27	75	44	171
271	2004-06-03	14	10	115
297	1970-07-27	29	87	21
246	1940-11-25	47	60	2
206	1954-02-08	57	32	11
206	1959-02-27	39	55	142
245	1978-06-16	98	62	171
269	1967-01-17	3	21	47
220	1962-01-24	80	74	81
206	1963-03-14	17	29	11
247	1968-08-07	36	7	16
256	1996-05-07	77	36	4
203	2018-02-14	83	10	131
275	2012-03-14	89	76	103
205	1993-11-10	5	6	168
220	1966-07-20	23	56	56
293	1977-07-10	75	7	128
225	1964-05-15	43	60	135
295	1948-06-09	2	94	195
291	1993-01-30	20	48	103
234	2012-09-04	63	83	58
260	1976-09-14	79	65	154
274	1980-05-05	39	60	181
253	1999-10-25	42	99	9
283	2012-10-13	57	49	62
228	1953-09-29	15	32	24
201	1986-12-17	40	75	189
230	2006-07-07	81	89	33
247	1943-05-14	37	5	32
202	1992-07-27	38	97	75
242	1948-02-23	84	81	84
216	1940-06-15	4	90	95
229	1973-07-26	59	28	128
253	2001-03-24	15	13	185
286	1949-11-19	5	66	128
224	1983-04-25	17	8	194
276	1966-02-11	7	17	167
283	1971-03-25	21	81	1
288	1945-03-28	59	69	46
276	1949-06-18	45	25	71
268	1954-04-14	74	29	159
295	1955-09-26	92	95	3
273	1986-10-06	12	95	32
264	1946-08-07	51	83	75
214	2016-03-18	52	16	27
277	1959-03-03	29	47	169
217	1991-09-11	93	21	111
224	1994-08-26	79	37	88
237	1949-05-11	43	64	40
242	2006-08-29	11	6	67
262	2004-04-10	41	89	42
274	1981-12-19	41	3	197
287	1985-09-03	66	100	148
201	1999-05-03	30	43	24
262	1965-08-09	60	87	193
223	1943-11-30	94	33	0
280	1986-05-05	7	30	193
280	1988-06-18	22	84	87
209	1952-11-30	73	52	52
270	1980-05-25	68	58	12
241	1940-05-14	88	46	109
202	1955-05-01	3	56	1
222	1992-01-20	78	74	13
206	2003-03-22	30	38	24
202	1997-03-09	2	18	42
270	1983-11-20	67	43	134
294	2000-07-20	59	21	126
227	2004-10-07	31	22	144
282	1971-03-06	17	65	37
247	1941-11-24	67	85	76
235	1955-03-16	45	68	87
250	2005-02-21	71	19	77
233	2006-04-05	31	7	154
211	1987-05-13	91	38	119
296	1970-01-29	65	18	73
271	1972-05-09	9	91	152
284	2013-10-11	1	54	7
212	1976-06-09	26	14	120
243	1983-03-30	35	29	135
265	2012-10-12	28	73	1
268	1997-05-10	97	18	189
283	1946-11-04	23	38	89
226	1942-05-11	0	17	96
263	1965-07-21	11	35	168
273	1977-05-19	78	68	93
235	1993-03-05	65	49	82
253	1995-05-01	22	51	135
255	1948-07-16	69	5	145
274	2011-01-11	10	76	96
236	2012-12-08	67	84	195
283	1970-05-15	69	93	102
296	1988-07-10	8	28	134
261	1968-11-01	77	44	83
293	1996-09-24	67	74	176
227	2003-02-04	85	79	9
296	1972-10-14	19	45	54
262	1979-11-21	7	23	12
294	1985-11-14	91	45	56
287	2009-04-04	48	97	152
257	1997-11-22	7	3	148
225	1943-01-22	16	97	38
255	1997-03-12	57	67	9
296	1979-03-23	21	97	27
254	1978-07-22	91	6	172
254	1983-11-27	89	84	141
289	1949-03-11	83	18	0
205	2000-09-25	52	86	6
208	1960-08-09	79	92	130
265	1941-01-22	33	53	15
265	2004-10-03	36	52	141
230	1940-06-14	55	27	2
270	2016-03-23	88	54	20
220	1943-11-11	15	41	145
222	1963-12-08	8	51	144
274	1966-12-17	39	11	20
274	1987-07-06	27	23	155
227	1982-09-04	93	47	28
260	1973-08-12	50	12	122
244	1984-06-17	39	46	162
294	2008-09-21	77	66	191
207	1948-03-03	4	30	163
287	1982-05-11	89	42	47
247	1998-11-17	72	56	176
208	2002-01-24	84	32	165
276	1968-08-14	77	9	78
225	1998-03-27	22	71	10
243	1990-08-03	14	20	70
255	1991-11-17	75	75	5
220	1999-10-20	85	25	139
264	2006-07-22	88	4	171
206	1979-07-17	24	26	123
215	2005-10-29	35	89	99
298	1990-05-29	98	33	116
238	1979-04-18	18	28	135
260	1975-04-02	31	37	193
248	2009-10-17	91	20	56
294	2002-06-02	96	9	16
216	1984-11-15	53	73	193
253	1969-03-07	88	88	132
226	1982-09-12	43	76	93
229	1953-12-07	85	28	129
234	1988-10-11	20	17	192
214	1990-11-06	15	62	12
290	1971-09-03	21	70	145
280	1988-01-31	62	82	137
208	1948-04-09	82	40	9
236	1992-12-01	30	29	24
256	1999-02-18	43	29	26
291	1950-12-06	56	22	104
281	1995-09-01	55	4	17
300	1951-05-10	95	66	100
230	2001-11-15	7	2	130
282	1986-10-14	74	73	161
244	1958-12-19	23	67	1
269	1949-12-24	60	67	195
248	2001-09-19	22	10	148
267	1999-03-13	16	54	52
241	1996-08-03	28	58	13
210	1943-12-13	51	72	42
292	1955-02-19	18	29	42
214	1956-11-06	81	61	105
259	1979-11-04	44	98	38
219	1963-10-18	82	42	32
202	1943-06-17	76	89	45
241	1943-12-29	39	9	59
244	2003-10-26	49	88	94
222	1957-05-26	85	30	63
280	1984-02-19	40	77	167
261	2011-02-20	18	61	159
221	1953-03-09	59	77	105
218	1979-11-06	81	50	113
276	2003-02-01	15	45	8
203	2010-04-05	58	11	5
261	2005-06-17	18	19	40
