225	1996-04-15	76	8	91
268	2013-09-08	32	97	71
230	1981-05-25	83	11	125
273	2014-04-18	40	60	28
234	1982-10-23	63	63	121
282	2010-09-26	13	27	70
286	1949-07-15	99	39	85
259	2007-12-14	67	56	55
232	1958-09-01	0	48	134
289	2013-01-05	40	41	118
265	1969-08-12	72	19	70
214	2008-09-05	9	57	29
233	2002-11-23	75	30	170
264	1944-10-26	69	65	35
243	1951-07-25	78	60	121
204	1979-12-26	46	77	160
234	1999-06-24	43	30	180
207	1997-06-06	15	25	89
221	1955-10-07	90	2	109
219	2003-11-27	10	21	36
230	1956-03-09	65	16	201
285	2020-08-23	99	88	178
225	2016-05-22	0	60	89
271	2007-10-07	51	53	195
250	2017-12-10	89	13	111
204	1988-06-15	63	92	40
292	1944-10-17	78	32	58
261	1960-12-10	95	51	68
247	1991-06-22	36	43	72
282	1975-10-28	40	15	16
293	1989-07-21	11	86	146
265	1942-06-21	67	72	18
210	1986-06-26	24	54	111
263	1955-03-24	6	19	39
211	1986-04-29	8	38	70
278	1954-07-28	24	13	29
274	1965-08-18	50	36	137
208	2001-03-31	19	36	117
284	1998-03-26	49	46	2
220	1970-10-29	92	11	76
206	1977-02-21	68	53	122
222	2009-03-29	61	84	117
283	1975-07-28	47	1	48
286	1952-08-28	83	46	32
265	1974-06-20	31	69	30
220	1978-04-12	59	74	118
255	1963-10-16	39	21	118
245	1995-08-27	23	99	78
240	2019-11-19	79	31	104
276	1992-01-12	75	91	55
243	1999-04-20	68	4	51
222	1949-11-02	95	79	194
249	1944-06-14	89	69	154
298	1956-02-25	53	56	139
279	2014-01-23	66	28	144
295	2018-04-03	74	40	163
286	1985-06-11	56	92	108
205	2019-04-21	58	39	138
257	2014-04-14	16	47	167
278	1952-06-12	91	59	48
281	1957-09-09	59	82	45
201	2003-01-21	38	6	74
259	2016-08-18	20	17	138
210	1969-11-25	52	28	28
240	1948-12-27	8	36	196
211	1985-08-28	97	52	79
209	1943-01-20	34	29	120
205	2015-02-08	8	7	97
250	1975-02-28	63	41	100
259	1959-09-26	33	9	26
285	2005-03-09	99	45	10
283	1980-12-05	41	59	4
250	1997-06-01	32	12	92
263	1965-02-08	91	59	143
284	1946-09-02	96	77	102
299	1945-01-08	38	63	35
266	1949-12-25	95	28	105
269	1954-05-01	0	86	185
292	1994-11-28	0	57	107
294	2008-03-05	35	22	50
269	1983-04-24	29	74	178
280	1987-01-10	37	24	197
221	1977-01-25	84	88	132
256	1968-10-08	50	57	66
296	1959-03-07	79	90	125
295	1965-01-28	29	6	114
261	1955-06-13	66	6	169
267	1950-08-08	61	11	60
201	1985-06-27	50	76	83
256	1958-09-03	15	54	52
230	2003-07-18	8	83	60
218	2010-11-06	24	68	68
221	1995-08-12	83	92	20
244	1953-08-15	19	99	102
259	1960-06-25	52	38	187
274	1941-04-25	67	14	64
256	1962-06-29	100	28	94
288	1974-01-16	55	25	198
289	1985-08-30	53	25	136
231	2003-05-05	14	67	154
203	1989-09-02	83	6	119
298	2012-08-08	63	78	38
277	1946-04-22	11	44	5
203	2020-05-03	32	70	147
275	1971-03-31	49	46	13
251	2013-07-10	60	30	136
201	1990-02-03	81	60	184
218	1996-02-01	41	40	131
221	1984-09-11	24	36	54
262	2006-02-24	46	79	86
270	1954-10-17	0	47	190
280	2005-03-08	95	10	19
251	1972-05-22	32	76	154
227	2015-03-11	34	85	143
292	1965-06-04	84	53	38
209	2018-03-26	22	52	135
273	1961-09-03	9	74	75
243	2011-05-03	3	50	90
297	1992-05-12	31	34	135
288	1987-04-16	66	89	7
241	1972-07-31	17	2	164
258	1977-03-31	34	25	9
248	2000-02-26	8	56	81
293	1946-02-27	2	24	155
300	1961-11-30	32	86	159
263	1972-11-20	47	14	107
233	1985-06-02	65	3	65
285	1965-04-06	93	33	110
222	1987-09-01	73	73	30
289	1968-09-03	92	45	93
294	1961-02-20	87	26	69
224	1976-11-11	34	40	141
208	1965-05-04	89	98	121
284	1947-09-12	44	9	186
287	2003-05-07	40	77	69
234	1982-09-03	72	7	109
295	2013-06-07	8	87	9
230	1953-08-15	10	30	161
237	2001-10-08	28	55	135
255	1947-02-26	87	57	22
203	2016-11-11	18	44	157
292	1983-05-22	8	97	46
223	1957-07-22	79	78	134
237	2008-03-13	81	17	85
261	2018-09-12	16	88	36
233	1968-12-18	56	35	94
212	2004-12-25	29	53	48
218	1983-09-14	5	74	22
237	1972-11-21	55	33	11
234	1985-07-25	55	21	161
249	2012-05-15	53	30	61
245	1974-05-09	81	36	54
263	1961-03-15	1	5	115
248	2002-11-14	31	83	125
234	2018-07-13	49	14	168
211	1946-03-22	98	66	107
221	1994-08-28	16	62	96
285	1996-07-05	74	96	26
260	1990-11-27	44	50	27
212	1942-04-13	6	28	100
212	2003-02-03	69	93	34
236	1948-11-18	96	63	74
212	2002-02-02	24	31	154
219	1977-02-05	51	36	157
243	1962-02-21	28	42	183
271	2008-12-08	42	42	31
241	1985-11-15	62	54	176
247	1987-11-24	27	95	170
275	1963-12-25	19	99	168
236	1979-03-26	20	40	153
205	2010-05-14	2	11	163
273	1955-10-18	16	25	87
291	1958-03-31	98	27	42
258	1952-04-11	45	71	52
220	1998-09-17	29	31	146
219	2008-05-31	20	3	38
224	1982-12-07	33	100	13
261	1943-12-01	94	15	57
250	1996-09-16	47	42	124
292	1991-04-26	58	98	76
212	2004-09-12	76	41	172
273	1952-01-05	94	70	51
269	1974-09-04	97	24	154
212	1986-07-10	8	81	4
208	1996-03-03	3	3	148
229	1999-10-14	46	40	196
294	1990-09-27	45	78	30
256	1954-10-29	20	40	131
235	1952-11-23	47	27	131
240	1977-10-01	44	48	131
218	1944-09-20	98	65	125
292	1948-08-07	35	0	16
234	1995-10-21	88	29	94
236	1986-08-02	92	53	23
271	1968-10-23	58	80	75
252	1961-08-13	47	62	9
247	1953-02-05	35	8	60
277	2004-10-26	74	42	1
258	1984-07-18	34	14	154
290	1946-07-13	73	67	179
296	1971-01-23	60	12	70
228	1956-03-16	52	84	157
285	1987-12-23	95	19	24
202	2001-03-27	78	2	7
214	1986-11-05	37	62	198
243	2000-04-26	1	66	75
225	2007-03-16	41	51	2
219	1966-09-21	22	61	99
218	2010-02-05	68	49	95
298	1941-01-09	55	69	1
211	1993-08-01	34	30	145
207	1964-06-10	99	42	41
215	2013-05-07	13	17	114
234	2018-10-17	89	47	129
265	1941-08-21	69	16	169
257	1962-02-24	54	12	200
259	1990-02-15	11	99	195
250	1947-07-22	59	13	37
284	1966-02-05	53	65	90
275	1991-04-13	27	86	161
286	1997-09-24	84	57	107
204	1985-06-20	81	20	197
215	1962-03-12	80	54	12
298	1942-11-13	24	29	44
224	2002-05-04	16	79	200
276	2002-07-19	18	33	190
244	1942-05-26	46	57	10
218	1945-05-18	13	42	158
227	1954-07-31	28	52	197
250	1946-01-31	64	94	159
271	2016-03-31	90	2	156
221	1976-05-20	42	4	125
236	1981-06-06	99	64	30
252	1990-01-10	11	56	108
214	1956-05-11	34	13	75
217	1976-04-23	12	81	13
204	1941-04-03	100	84	146
231	2009-02-27	90	95	18
290	1956-05-17	3	49	2
238	1960-01-30	79	61	78
281	2007-10-14	57	52	28
237	2015-04-21	11	39	53
251	1944-01-28	85	30	200
253	1947-04-30	33	89	103
226	1954-06-03	13	8	65
269	1949-11-07	22	24	53
287	1981-10-16	26	53	194
254	1948-01-21	75	94	7
205	1955-07-14	24	47	73
297	1990-10-31	47	66	59
286	1967-08-21	10	68	199
266	1960-10-02	17	36	190
219	1985-02-11	65	38	125
206	1991-09-15	79	72	12
244	2020-03-24	24	72	190
252	1942-07-07	77	52	160
227	1997-08-20	52	9	41
297	1963-06-05	47	38	174
255	1984-07-16	75	10	190
285	2007-11-19	75	100	56
213	1942-07-12	2	37	185
291	2009-08-12	3	67	10
266	1946-02-08	67	69	104
261	1989-01-29	92	50	44
230	1968-10-19	48	63	104
218	1967-05-26	56	34	163
218	1986-02-01	92	78	91
235	1974-02-26	53	2	199
237	1974-12-25	42	53	34
245	1986-05-25	44	43	9
228	1943-03-07	87	57	77
259	1948-08-02	0	33	132
232	2017-10-09	8	33	151
205	1968-05-02	61	74	182
300	1959-06-07	70	59	99
287	2009-08-25	43	98	88
224	1959-08-28	77	73	36
271	2014-07-24	49	36	197
237	2020-08-30	19	81	123
238	1971-01-29	97	23	124
238	2000-05-21	99	34	46
251	1954-02-05	55	81	77
250	1995-08-13	2	79	8
245	1959-06-11	28	76	149
270	1993-10-30	59	22	78
267	2010-09-01	88	19	166
258	1973-02-13	71	29	71
296	2004-06-23	16	25	46
242	1996-01-11	88	74	182
247	1989-05-22	31	28	113
205	1985-01-02	2	78	199
238	1965-05-16	72	79	101
263	1957-06-25	44	95	140
268	1944-03-03	85	78	130
252	2002-02-24	69	91	78
293	1959-12-11	89	65	150
