281	1947-03-20	21	58	91
244	1951-02-26	89	91	173
227	1985-10-10	63	70	44
299	1964-06-12	76	79	121
231	1957-03-08	80	90	161
255	1969-09-12	71	29	10
259	1946-11-21	81	57	34
240	1968-05-02	90	8	136
235	1968-06-29	42	57	95
267	1971-05-12	6	61	55
202	1957-11-24	34	13	100
265	1943-05-29	70	87	130
229	2007-08-02	11	38	33
252	1985-10-11	96	5	65
274	2012-11-24	80	96	0
222	2012-04-24	63	86	195
253	2011-09-14	36	96	180
285	2014-11-29	5	23	138
300	2002-04-01	15	85	97
289	1962-11-17	75	85	179
272	2005-04-16	77	54	77
295	1963-10-01	80	43	32
267	2008-02-21	14	46	74
204	2008-06-13	54	30	18
209	2010-07-27	85	6	44
223	2005-11-13	98	44	16
286	2010-09-07	29	46	114
236	1955-02-06	4	6	81
299	2002-10-07	67	66	164
279	1973-11-08	24	8	12
241	1965-05-21	56	99	161
242	2010-06-30	28	85	36
276	1969-08-19	28	73	35
222	2015-12-07	85	19	22
211	1962-07-27	62	62	86
280	2019-08-15	34	30	100
258	1951-08-16	58	87	24
259	1977-12-22	29	84	114
268	1964-01-19	80	79	27
276	2004-09-11	24	92	176
264	1977-03-20	19	9	105
242	1960-06-08	77	83	100
215	1954-10-29	7	59	157
236	1998-05-18	66	59	69
256	1968-05-15	2	58	98
220	1995-12-11	86	75	198
298	1957-07-10	95	75	113
287	1967-07-14	89	66	151
267	1950-01-07	69	32	25
261	1965-10-19	94	45	101
298	1962-01-22	24	91	123
261	1992-01-30	31	55	62
204	1945-08-29	71	42	58
290	2015-04-25	31	31	188
289	2017-03-23	0	14	84
222	2001-02-22	48	56	58
277	1976-10-21	25	1	53
286	2016-07-19	80	43	58
234	1967-02-15	89	66	7
293	1986-03-07	51	87	84
238	1976-07-29	12	100	127
295	1941-09-29	48	93	85
233	1951-09-27	96	26	177
280	1969-01-18	28	100	70
208	1967-01-24	71	37	41
235	1965-11-24	96	79	90
266	1985-06-01	79	89	84
219	1978-02-07	62	36	133
203	1977-05-16	88	98	123
278	1970-03-03	26	80	169
258	2005-07-31	87	42	58
246	2011-02-28	82	34	146
297	1940-02-18	87	27	156
259	2004-02-25	68	12	187
268	1946-12-06	65	79	33
205	1967-04-17	0	83	193
204	1940-10-17	17	51	142
255	2016-03-28	87	23	156
276	2014-10-27	28	83	63
222	2005-06-03	98	76	117
297	1971-11-11	84	65	100
258	1962-03-02	71	66	34
211	1995-09-02	12	13	151
219	2015-03-22	52	30	114
219	1983-12-04	19	35	184
228	2004-06-25	88	80	102
216	1972-11-17	67	88	169
227	2001-12-08	17	90	11
297	2016-03-16	54	82	184
234	1990-08-14	57	98	62
214	1985-11-25	59	13	104
268	1962-03-04	86	15	21
291	1945-06-14	82	91	123
260	2018-09-27	97	84	139
279	1984-06-04	70	42	75
281	1960-02-28	23	58	97
248	1996-11-24	15	20	65
266	1997-02-16	33	66	143
245	1952-08-19	96	25	40
265	1957-03-21	59	92	73
240	2011-09-16	90	71	128
235	1942-05-21	77	15	95
259	1988-02-28	81	99	105
246	2005-03-28	35	82	13
279	1959-04-08	51	76	110
245	1952-11-15	10	9	176
206	1984-02-24	38	94	118
291	2005-02-03	94	51	200
222	1978-01-11	82	47	15
285	1966-12-27	51	10	70
271	1974-03-05	91	35	82
231	1994-06-04	61	95	103
266	1975-12-27	23	36	48
208	1955-06-17	66	22	78
271	1968-04-21	93	91	60
212	2016-08-15	27	26	46
240	1986-05-10	16	60	95
206	1978-02-22	98	11	129
246	1943-04-17	77	29	146
255	2017-06-24	53	85	162
293	2007-09-17	30	13	109
276	2017-11-30	1	46	27
284	2013-09-13	80	5	126
229	2012-05-13	80	79	106
263	1996-06-24	39	60	30
291	2017-04-10	54	30	107
250	1996-01-18	50	3	25
279	1969-04-18	84	21	191
218	1987-11-23	46	14	88
232	1958-06-18	85	98	150
260	2008-07-28	2	37	25
267	2007-07-27	46	23	13
275	2001-08-03	58	49	8
256	1982-06-03	21	4	187
239	1995-08-29	58	11	30
222	1940-02-26	51	48	172
300	1970-05-18	93	33	2
237	2000-11-27	45	7	91
280	1963-06-17	16	2	34
266	2011-04-28	28	81	7
205	1988-07-26	72	11	93
236	1983-09-08	80	58	155
294	1988-07-13	20	96	168
236	2012-06-10	93	48	17
296	1943-12-08	39	31	16
218	2002-12-18	74	69	171
230	1945-06-07	86	77	169
266	1947-03-24	18	37	86
206	1990-04-10	62	24	109
230	1966-07-24	59	38	125
222	2006-06-28	56	21	19
229	1974-04-19	5	4	201
241	1979-03-03	24	31	137
283	2015-09-18	27	55	12
271	1996-12-30	35	99	101
241	1959-08-12	81	47	47
229	2002-06-23	55	22	196
251	2016-11-03	68	0	1
288	1960-05-15	83	45	9
251	2004-10-08	20	38	3
247	1972-03-07	74	78	30
249	1945-02-18	47	58	146
224	1952-01-09	11	21	93
233	1942-12-30	7	89	61
258	1954-04-12	70	82	27
248	1986-07-12	86	89	5
223	1996-07-01	32	95	70
219	2003-09-23	30	2	82
218	1972-09-17	5	30	108
233	1948-01-06	25	34	95
215	1962-06-30	95	33	49
224	1996-03-08	67	70	35
256	1977-11-09	91	60	33
241	1971-01-05	44	11	190
245	1981-09-21	60	25	46
208	2002-06-27	66	83	133
241	1972-06-10	63	64	48
269	1947-06-16	46	50	160
259	1971-10-21	54	13	192
222	1984-06-30	87	44	150
256	2016-07-27	34	48	163
288	2001-09-10	49	90	123
228	2017-01-05	63	100	174
227	2020-07-10	58	8	165
265	1962-08-31	15	30	47
292	1970-12-13	19	38	146
266	1942-03-09	11	28	187
296	1989-02-15	56	82	60
269	1993-02-01	50	62	24
266	2013-11-16	9	80	14
262	2006-12-22	88	10	106
201	1962-07-17	81	44	72
257	1941-03-17	8	45	31
241	1993-04-10	20	62	173
282	1940-09-18	85	50	163
256	2002-03-30	24	5	170
248	1944-02-10	39	18	107
239	1947-11-01	31	82	161
267	1986-08-08	48	5	144
252	1972-10-29	45	9	33
261	1997-05-04	31	99	84
283	1967-11-30	37	49	48
296	1979-10-01	100	92	199
300	2004-04-27	6	74	189
201	1971-10-15	16	11	70
260	1952-06-05	85	43	28
292	1989-08-06	61	50	123
280	1967-04-01	51	88	154
262	1991-11-27	88	25	160
238	2019-06-10	32	8	31
237	1992-04-10	43	83	79
