216	1940-01-16	16	74	38
254	1960-12-17	98	83	124
280	1968-02-08	72	89	67
231	1949-11-29	39	3	36
272	1958-02-16	39	2	7
227	1970-10-29	47	43	92
238	1988-07-21	2	18	89
212	1992-02-07	25	74	29
223	2012-08-26	100	80	81
232	1976-04-26	63	87	167
270	1944-11-08	35	25	139
205	1993-05-08	62	38	1
265	1972-06-19	43	59	76
281	2019-03-20	93	27	98
278	1960-12-24	89	13	175
265	1984-06-16	62	10	141
207	1943-06-15	30	60	53
248	1998-06-15	78	72	24
239	1957-10-25	80	86	152
227	1953-05-26	38	8	39
289	1993-07-29	51	90	96
267	1976-07-16	10	88	175
284	2007-03-22	5	80	54
219	2009-07-09	92	79	17
264	2008-06-09	78	82	176
233	2014-04-01	43	91	31
230	1944-02-07	1	98	166
287	1951-04-15	46	10	150
267	1942-07-18	54	51	11
202	2016-06-02	34	60	153
296	1967-07-01	15	53	124
287	1965-11-18	37	87	175
282	1991-04-21	91	19	151
255	2003-08-28	68	15	105
255	2019-11-07	78	68	103
251	1954-02-01	28	2	130
209	2010-07-25	96	12	9
215	1971-03-24	92	34	37
218	2015-08-24	19	54	7
297	1962-04-19	55	67	52
277	2018-12-05	11	97	118
287	1975-12-13	39	99	119
284	2016-03-26	98	77	180
234	1975-07-22	66	27	119
272	1981-12-26	94	99	12
297	1947-09-26	61	4	114
229	1984-01-13	52	66	158
221	1991-09-07	69	77	42
218	2015-05-21	44	21	181
297	1973-04-07	33	22	146
240	1981-04-30	44	51	39
286	1999-03-15	22	2	55
233	2017-09-09	57	69	171
234	1998-12-29	15	98	176
242	1967-11-19	50	18	149
243	1942-03-04	47	3	150
239	2012-08-19	49	34	167
282	1951-05-03	84	85	141
276	1977-06-22	51	58	167
278	1981-09-04	55	75	174
270	1950-04-23	13	80	186
201	1983-04-02	89	17	117
219	2014-01-08	51	89	176
233	1968-02-03	99	88	54
240	1946-01-30	40	72	124
267	1972-06-15	1	27	179
235	1998-10-04	11	72	37
224	1973-02-20	23	74	4
266	1974-09-17	74	2	158
220	2002-02-04	57	6	61
208	1954-02-11	85	10	56
236	1973-07-05	8	55	87
267	1979-12-30	79	60	121
271	1971-08-08	98	18	134
235	2006-02-01	28	21	163
233	2011-09-09	88	51	21
223	1983-01-29	69	46	58
258	1990-01-29	72	13	77
223	1983-04-22	65	42	75
229	2008-12-31	73	6	165
288	1998-10-10	69	75	132
237	1961-05-07	80	80	122
276	1999-10-22	6	58	114
212	1997-01-28	50	63	170
256	2015-03-25	53	49	109
279	1951-07-28	3	85	97
206	1976-02-16	6	74	165
216	1988-09-10	70	2	174
264	1978-11-06	51	6	45
225	1948-02-25	30	24	15
287	1999-04-27	71	76	100
220	1998-01-24	31	7	18
212	1958-08-15	24	22	110
239	2019-08-03	81	85	171
237	1973-12-07	85	57	187
273	1967-02-06	12	19	189
203	1950-05-09	39	88	125
251	1976-06-07	78	66	77
287	1962-11-25	35	39	55
266	1997-01-05	69	16	50
280	1999-05-20	11	17	195
254	1996-03-12	27	90	192
268	1941-12-28	59	95	136
274	1984-03-12	1	80	166
229	1984-07-04	95	40	152
211	1988-11-29	14	23	78
282	1953-11-14	6	70	41
279	1963-04-17	20	70	105
291	1971-12-21	59	14	148
263	2014-03-10	66	55	118
232	1995-12-04	99	82	44
286	1964-12-18	97	72	182
291	1984-03-08	74	63	44
204	1975-12-25	75	69	26
275	1971-07-10	60	69	185
259	1999-09-26	62	78	133
221	1946-12-29	82	40	115
207	2015-03-26	72	14	20
263	1970-07-25	37	85	61
287	1978-04-23	18	14	83
268	1982-04-10	71	87	187
300	1984-03-27	29	11	174
260	1983-04-04	20	82	166
224	1999-08-13	96	47	178
280	1992-11-03	15	39	184
251	2008-08-05	73	77	114
237	1962-11-11	44	57	95
271	1945-06-19	8	26	7
208	1971-10-12	83	3	90
215	2013-07-27	52	73	104
298	1983-11-16	90	53	71
209	1959-09-01	42	31	86
259	1983-11-19	89	99	107
225	1972-03-31	58	86	37
235	1959-01-29	89	94	36
287	2018-09-29	28	5	146
261	2001-10-19	2	12	17
256	2012-03-15	8	11	100
239	1971-03-30	25	78	142
261	1942-10-17	66	27	194
235	1996-07-04	79	88	63
212	2013-12-16	23	71	157
287	1964-04-09	90	30	70
300	1996-08-17	71	100	182
263	1954-02-02	64	32	121
251	1948-03-30	1	96	75
233	1944-10-09	40	10	91
240	1979-10-08	61	13	82
292	1988-08-08	94	54	46
299	1967-12-26	81	60	197
275	1947-08-23	21	19	43
208	2012-10-08	85	28	181
298	1991-07-18	39	49	79
253	1966-05-02	34	61	119
289	1981-01-18	0	26	142
241	2014-07-22	79	8	27
207	1977-08-30	46	10	71
261	1984-03-27	84	17	148
230	2003-09-13	6	23	194
239	2010-10-23	52	85	147
225	1993-12-30	40	37	86
241	1970-09-18	43	30	114
275	2001-08-06	44	2	0
224	2006-07-23	15	46	17
271	2010-07-17	60	18	179
242	1974-08-30	11	57	191
258	1953-11-29	8	80	162
265	1963-08-03	3	71	50
292	1983-04-23	57	2	28
259	2004-05-15	30	57	24
226	2011-01-31	33	25	126
208	2002-04-10	46	31	77
272	2019-06-03	3	9	1
215	1944-12-15	30	60	68
273	1957-07-26	16	30	118
229	2003-07-30	78	88	25
249	2017-08-17	67	42	44
280	2001-02-13	22	90	155
217	2000-12-04	62	12	111
269	1957-11-13	0	54	75
219	1974-04-02	38	85	12
280	1959-09-18	41	81	11
290	1995-03-19	83	13	175
285	1958-07-20	51	64	158
222	1942-01-12	12	25	159
291	1977-03-14	61	79	53
242	1985-04-26	83	12	71
229	1994-07-26	58	1	59
261	1949-08-01	45	38	156
244	1950-04-19	39	16	45
245	1961-12-29	74	70	79
291	1968-01-29	97	95	65
245	2017-04-24	4	56	195
218	1959-11-01	33	78	181
252	1996-10-03	54	81	174
243	2012-05-24	38	58	94
219	1979-06-22	57	91	80
272	2011-06-18	74	38	114
258	1953-10-24	38	59	182
216	1962-04-20	19	59	160
267	2020-08-10	15	65	190
280	1976-03-15	56	59	138
252	1961-11-25	9	35	162
290	1975-10-22	48	19	105
230	1981-04-17	86	58	83
253	1983-09-30	75	67	118
269	1979-04-08	38	90	115
265	2018-09-30	68	54	64
226	1966-07-06	31	73	133
269	1970-05-22	68	28	29
278	2011-02-24	25	12	184
262	1940-08-24	4	73	171
300	1969-09-19	96	60	74
276	1960-02-29	54	16	194
270	1979-03-06	63	76	0
221	1991-04-27	75	43	131
265	2007-06-18	8	95	165
229	2014-03-08	10	21	16
285	1993-08-05	93	46	75
262	1973-01-13	62	68	3
282	1988-03-02	12	69	123
255	2016-10-17	44	100	20
243	1941-10-19	69	38	145
238	2019-08-18	37	98	132
224	1951-04-07	35	91	144
298	1994-07-31	100	90	36
242	2011-09-06	66	56	25
222	1992-11-23	83	52	34
298	2010-01-06	58	38	14
212	1973-12-19	6	32	76
209	1959-08-29	14	17	117
259	1970-06-02	71	0	28
216	1942-03-05	57	24	169
251	1945-12-11	78	63	30
234	1949-02-03	31	95	168
270	1992-06-24	31	21	82
242	2013-08-04	79	61	105
300	1989-02-12	10	98	163
275	1943-07-25	55	76	170
209	1980-09-11	69	45	39
287	1963-11-24	16	43	109
251	1986-12-06	79	39	119
268	2016-03-09	46	81	174
216	2002-10-15	50	71	63
216	1980-07-06	28	66	117
262	1955-05-15	99	23	60
212	1959-09-02	11	62	80
250	2003-08-21	20	59	0
288	1952-03-13	25	14	79
229	1958-06-04	78	79	35
255	1946-10-22	84	44	7
289	2012-02-11	28	81	82
260	1959-07-13	11	81	173
211	1943-10-24	23	18	143
201	1969-05-27	89	95	6
272	1987-03-11	48	65	1
243	1965-03-06	86	82	86
229	1960-04-09	79	65	131
272	2015-12-09	10	31	144
230	1949-09-19	20	26	125
240	1986-07-28	21	8	30
255	1972-01-24	95	78	186
295	1986-09-09	27	55	64
300	1945-10-16	4	54	15
