283	1950-02-12	0	32	188
247	1987-06-01	89	23	37
209	1958-12-31	19	99	32
268	1986-10-17	50	98	12
224	1968-08-01	13	87	75
267	2006-01-26	63	41	69
242	1996-06-07	15	62	128
214	2008-09-08	36	83	195
262	1975-06-08	67	92	192
237	2002-08-24	63	25	10
217	1961-10-03	15	41	16
274	1943-10-13	53	98	61
299	1952-05-27	11	13	149
279	2013-11-06	35	57	103
260	1985-05-07	43	33	92
203	1983-11-19	50	43	168
280	1955-05-06	79	5	9
214	2005-09-30	55	42	78
248	2013-11-24	86	50	113
282	1963-01-16	98	49	57
248	1989-06-20	65	63	162
251	1949-12-24	62	75	96
213	1954-01-25	48	48	190
270	1998-05-01	60	49	33
233	1967-05-03	96	32	167
229	1941-07-02	51	76	39
254	2017-08-10	16	61	0
214	1950-06-24	3	45	184
263	2006-05-24	66	0	34
285	2009-01-30	24	7	36
297	2012-07-31	11	88	31
274	1959-02-21	99	27	51
257	1983-03-30	29	82	177
296	1953-02-12	95	97	180
206	1988-03-17	6	65	103
295	1981-06-24	67	100	175
259	2003-09-16	3	34	136
209	1954-10-06	45	3	158
227	1945-07-19	62	28	101
289	1947-05-05	67	18	57
217	1993-07-29	47	25	3
226	1996-04-10	55	93	100
248	2016-06-03	42	26	196
251	1987-08-17	1	12	83
300	1952-01-20	71	94	160
282	1962-01-10	50	88	68
217	1988-08-05	56	91	148
241	2010-10-12	71	8	47
258	1953-01-09	0	90	156
202	1946-11-24	34	93	1
272	1961-11-09	51	62	88
224	1956-02-27	67	93	21
220	1946-11-19	40	73	30
271	1945-11-08	81	63	12
295	2006-03-24	75	6	12
255	1968-03-07	17	90	69
216	1996-10-03	5	30	63
255	1958-12-20	92	69	87
257	1976-09-20	33	79	89
203	1962-01-25	31	66	106
218	1960-05-09	61	5	180
253	1958-12-07	97	14	127
266	2005-01-12	84	22	167
292	1977-09-27	94	15	45
258	1948-02-25	65	54	192
241	2011-02-15	70	33	11
213	1997-01-03	62	13	67
203	1998-01-17	31	18	118
208	2006-07-29	48	27	1
227	2011-11-11	34	55	43
215	2015-12-27	80	76	194
298	1987-07-25	11	34	18
271	2016-08-06	31	1	130
244	1995-12-24	61	2	139
217	2013-11-23	17	35	56
208	1984-01-20	62	49	31
256	1984-01-03	9	1	167
293	2017-11-14	17	99	72
257	2016-06-02	66	38	106
260	1982-07-18	56	80	164
221	2015-04-29	67	15	14
290	1976-12-03	81	57	181
257	1995-05-27	89	33	179
216	1963-06-09	37	56	73
217	2000-11-24	54	57	179
279	1972-09-14	65	93	159
297	1979-03-05	90	67	63
261	1951-05-13	15	36	106
290	1971-04-11	79	76	4
213	2020-09-19	97	98	103
237	2018-05-22	99	69	53
209	1941-12-21	6	99	128
205	1954-08-14	7	32	35
273	1945-01-07	93	13	129
217	2001-07-16	13	24	183
270	1964-11-30	76	76	12
202	1978-01-13	45	44	58
266	2010-04-19	1	48	32
290	1983-01-27	4	53	185
295	1985-07-30	88	56	196
231	1972-02-19	13	15	144
232	2008-06-28	1	38	138
284	1988-08-15	25	13	197
294	2002-08-27	68	98	157
231	1982-08-06	15	93	152
238	1949-08-13	29	29	187
219	1951-08-20	49	5	12
227	1994-07-17	23	9	128
288	1980-11-02	25	32	136
268	2004-06-07	6	22	129
249	1950-07-26	26	46	165
248	2009-03-07	47	68	29
203	1984-05-24	18	83	186
283	1960-07-06	25	100	40
246	1999-08-07	62	89	122
205	1948-09-29	64	90	40
212	1984-10-10	98	27	60
231	2005-12-14	95	3	45
286	1993-12-25	74	65	81
267	1988-01-30	59	54	37
236	2007-08-07	48	34	96
247	1993-12-30	39	38	19
208	1972-04-16	86	70	76
291	1970-01-11	1	74	144
229	1977-12-18	80	76	75
234	2001-03-31	98	44	56
222	1948-11-23	82	79	100
215	1941-09-29	7	71	91
294	2014-11-21	99	55	55
265	1940-07-31	86	28	186
293	1985-10-25	58	51	94
269	1992-02-15	65	74	51
206	1949-11-18	95	3	45
256	2013-04-08	14	21	56
274	1972-11-10	4	62	71
242	2014-11-17	3	81	200
228	1950-10-11	12	34	197
254	2006-05-14	31	4	110
244	2018-01-06	67	23	0
250	1984-06-15	44	49	106
210	1982-01-25	4	33	124
207	1955-07-05	70	29	21
289	1960-09-07	75	51	122
291	1987-05-21	69	84	19
234	1986-06-13	75	0	77
264	1953-11-23	2	5	161
226	1991-11-07	71	28	70
201	1966-01-03	93	24	77
236	1975-10-20	76	72	27
226	2002-11-15	22	48	176
253	2009-10-28	95	83	126
230	1978-01-12	4	100	144
293	1989-04-05	69	92	101
293	1991-01-29	21	60	158
285	1981-08-05	51	47	83
263	1959-06-14	66	78	43
278	1973-12-14	80	72	169
295	1991-10-16	33	5	16
288	2000-03-23	48	94	84
214	1981-11-26	51	28	52
286	1973-12-28	45	49	10
281	1987-10-30	19	10	59
220	2020-04-06	94	60	60
249	1998-08-10	80	23	87
236	1984-03-20	90	1	84
226	1953-07-27	81	72	191
242	2002-02-08	81	82	186
282	1973-07-04	72	32	1
237	1951-05-25	21	68	59
298	1949-04-29	59	40	137
202	1944-05-29	61	46	110
273	1980-08-31	68	97	107
285	1942-08-22	56	18	41
209	1975-03-30	55	3	46
202	2020-01-20	35	95	151
269	1958-06-27	48	6	61
215	1995-12-13	63	66	92
288	1951-12-06	60	97	36
248	2008-01-25	57	16	99
209	2012-10-03	93	6	122
237	1966-12-22	17	29	77
234	2010-06-14	32	78	17
227	1960-01-24	84	96	115
253	2015-01-09	86	33	191
208	1961-07-09	7	5	60
255	2004-02-08	95	1	154
213	2019-12-06	78	30	107
238	1951-04-30	26	83	95
255	1986-10-05	14	20	39
220	1979-05-26	49	53	118
292	1940-09-05	45	81	61
297	1998-09-19	86	90	57
297	1974-02-19	80	70	198
279	1967-02-08	80	59	179
262	2002-09-23	26	14	19
277	2007-06-27	47	49	66
259	1977-06-03	6	78	24
231	2014-10-11	16	28	34
214	1970-03-14	51	94	141
228	2007-01-14	36	10	63
286	1968-10-04	7	33	111
300	1952-06-30	14	34	122
256	1946-10-31	55	75	16
254	2008-04-17	82	58	190
282	1977-08-28	72	92	11
205	1986-05-09	50	21	26
250	1947-09-26	61	98	59
261	2019-02-16	61	19	36
258	1951-07-25	94	50	170
217	1951-07-04	32	66	5
263	1948-07-22	12	78	42
249	2008-07-20	52	22	88
239	2001-01-22	20	12	113
260	1985-09-22	21	68	58
233	1940-02-27	93	78	91
237	1972-04-01	37	16	131
293	1941-10-02	37	13	86
298	1994-06-23	76	6	55
218	1980-08-08	48	6	90
299	1972-05-15	98	42	44
241	1991-10-25	82	83	191
287	1967-12-03	94	63	123
234	1960-02-21	48	91	88
296	2015-06-05	64	76	1
226	1976-01-07	94	45	71
268	2008-07-19	37	18	8
278	1964-04-06	79	65	188
274	1993-03-09	77	49	46
260	2000-07-24	44	96	81
281	1990-12-05	51	71	117
275	2007-07-19	33	1	94
281	1980-05-24	56	41	183
236	1987-03-20	37	54	68
235	2000-11-01	92	27	44
295	1987-07-23	33	75	52
274	2018-07-16	97	64	49
222	1944-04-29	73	65	75
230	2016-03-24	66	65	177
224	1959-02-27	31	43	5
284	1983-10-07	53	36	76
212	1970-09-17	19	51	43
294	2002-04-28	2	56	15
