210	1969-08-18	95	46	82
229	1961-12-01	22	94	94
243	2002-04-12	35	90	190
292	2007-06-05	50	7	126
223	2013-05-25	73	31	42
241	1976-11-09	81	59	94
295	1972-04-21	60	17	151
247	1956-01-29	96	29	156
220	1994-05-31	41	47	140
246	1971-10-01	76	74	21
225	1968-12-21	11	16	126
274	1954-12-26	5	9	89
217	1988-05-04	93	18	107
293	2001-01-14	94	78	144
247	1940-09-07	59	73	16
252	1940-07-28	68	8	80
230	1966-11-02	20	94	63
218	1941-11-29	9	80	160
242	1967-07-13	34	3	115
288	2009-07-19	8	17	49
268	1948-03-15	40	91	53
208	1996-10-20	42	47	84
221	1951-03-28	48	36	193
230	1980-09-14	77	32	17
286	1983-07-09	30	94	2
244	1945-01-01	65	77	90
240	1988-09-23	15	90	40
274	2005-09-27	96	9	61
238	1980-04-13	96	10	182
221	1994-09-25	3	20	129
274	1944-01-07	47	69	141
265	1974-01-26	58	11	98
298	1958-07-12	51	65	89
251	1944-05-18	60	25	142
261	1984-10-18	52	49	182
282	2006-09-27	60	80	126
257	1947-05-05	96	52	45
241	1949-03-31	97	13	9
217	1945-12-07	26	9	92
275	1943-11-24	26	26	182
226	1941-12-07	54	62	132
204	1972-04-02	73	8	171
270	1985-10-12	24	67	62
300	2009-08-19	22	33	27
285	1953-08-20	65	77	126
246	1959-04-30	82	1	2
297	1987-12-06	16	20	2
236	2008-02-05	59	14	164
207	1964-12-16	28	3	9
280	1987-09-14	11	50	37
286	2017-10-23	0	8	138
298	1979-04-21	35	5	173
210	1996-08-10	74	78	139
256	1984-12-17	74	28	49
235	1964-02-18	23	19	13
223	2000-01-10	6	88	90
254	2004-01-01	100	81	23
219	1970-01-29	63	17	47
221	1956-02-11	45	33	174
251	1974-02-10	3	86	98
268	1946-03-23	26	62	70
250	1976-06-07	13	59	119
257	1945-09-06	0	67	16
247	1980-10-11	16	69	29
252	2010-03-29	46	88	190
258	1962-02-01	17	100	75
284	1995-10-19	22	4	135
241	2008-03-21	42	64	67
277	1962-04-19	19	89	21
220	1988-06-01	33	4	57
251	1952-01-07	33	65	58
283	1997-07-28	1	20	31
264	1943-02-05	100	62	130
281	2018-02-13	88	3	14
280	2018-07-07	61	24	88
263	1968-03-24	2	90	37
240	2012-10-01	29	75	103
253	1998-02-11	75	12	192
269	2013-12-16	62	10	5
280	1950-05-27	59	45	157
207	2018-08-03	43	30	102
223	2007-07-31	12	27	177
223	1957-10-10	67	52	157
281	1980-11-26	56	69	190
228	1975-05-16	86	61	50
262	1984-10-09	77	63	136
286	1960-03-18	16	82	80
245	1998-03-24	67	34	134
215	1949-10-05	7	63	75
261	1948-10-07	70	22	7
288	1950-04-09	8	71	21
263	1993-02-27	78	62	191
221	1967-06-24	68	61	157
263	1987-06-28	41	74	151
250	1974-06-10	43	6	12
241	2017-06-05	10	99	166
250	1998-05-10	80	34	40
252	2020-09-22	59	61	43
293	2020-03-20	11	6	156
228	1989-11-09	21	45	105
261	1953-10-23	41	73	141
209	2001-04-20	5	97	164
235	1949-07-02	1	0	75
266	1974-03-23	60	86	61
255	2002-02-10	84	0	103
227	1967-01-23	18	63	44
265	1956-09-13	11	45	119
217	1960-07-29	33	93	98
291	1995-01-30	5	86	103
211	2018-05-17	94	25	95
280	2006-11-09	63	58	88
232	2005-11-03	22	14	189
241	1971-06-24	26	57	120
236	2010-11-05	72	45	46
201	1991-11-17	36	28	54
211	2012-03-20	14	79	177
283	1951-04-05	81	62	107
226	1952-11-11	83	40	119
237	1982-02-09	61	36	9
212	2011-12-19	74	29	41
209	1959-01-05	70	45	41
203	1977-02-03	95	76	56
250	1977-08-03	72	65	43
278	1962-06-02	67	33	105
287	1940-08-05	50	19	135
208	1979-12-24	96	90	33
214	1945-01-02	52	76	75
260	1997-10-17	57	75	71
213	2001-02-07	47	39	199
228	2004-05-28	87	89	166
239	1978-01-13	60	25	69
225	2010-08-24	7	61	102
276	1996-08-18	76	47	134
268	1978-03-23	81	72	145
284	1963-12-26	34	15	107
251	1956-06-14	21	61	40
219	1956-05-05	31	42	126
201	1946-09-14	78	54	89
216	2018-03-24	2	69	81
255	1949-06-02	65	89	93
287	1961-05-07	76	50	105
288	1948-12-24	43	40	145
267	1976-04-01	52	87	33
252	2004-04-05	22	77	72
220	1961-03-15	93	84	80
247	2006-07-18	96	79	24
272	1968-01-17	7	60	69
240	1949-06-28	40	28	131
235	1958-05-24	53	22	149
261	1961-04-19	65	73	112
202	1963-03-25	35	38	26
267	1981-12-24	3	4	14
255	1985-04-26	42	56	38
213	2003-12-17	55	3	152
239	1983-06-21	39	96	199
286	1972-08-28	85	91	116
222	1962-02-05	52	13	118
274	1955-11-29	66	40	23
249	1997-09-16	99	6	32
261	2011-12-06	51	13	56
289	1957-12-29	28	99	175
241	1956-12-15	5	43	38
201	1986-05-22	61	34	46
222	1967-06-10	11	86	44
207	1979-08-29	96	6	42
273	1950-03-07	24	54	111
246	1953-04-28	79	43	57
288	1961-09-21	11	70	59
236	1949-02-26	10	3	10
252	1967-09-14	32	58	195
280	1987-09-09	69	26	57
207	1998-12-20	35	7	123
243	1988-04-26	42	51	71
214	2018-02-27	71	57	112
269	1961-11-04	71	19	134
286	1977-04-21	14	33	32
227	1940-11-09	4	47	76
208	1944-11-22	65	12	72
217	2012-05-03	53	91	145
241	2020-09-04	20	71	198
264	1979-03-05	45	91	129
281	1983-06-04	6	62	41
235	1996-08-27	90	73	148
211	1986-12-03	43	2	175
236	2011-05-05	97	96	144
300	1985-01-21	27	89	67
238	1978-10-01	96	4	149
276	1989-08-18	24	28	75
252	1988-02-29	6	91	76
275	1974-11-12	84	67	167
270	1970-10-01	37	81	80
285	2001-03-01	13	98	150
228	1961-07-08	94	76	62
258	1965-10-10	66	48	185
295	1958-02-17	40	64	30
279	2011-08-14	22	46	122
246	1940-12-23	20	85	153
262	2018-02-18	18	20	38
228	2011-06-05	63	78	175
263	1958-06-30	95	5	70
286	1964-07-20	50	46	151
239	1969-04-10	22	70	121
269	2014-02-18	78	60	167
224	1959-08-28	75	94	135
292	2017-03-22	1	65	156
243	2019-11-06	78	77	81
254	1946-07-22	68	87	16
271	1968-01-15	23	23	129
243	1945-02-01	54	60	134
228	2001-11-28	95	94	91
248	2017-03-29	2	26	49
210	1978-08-09	35	64	38
276	1993-10-13	63	74	200
249	2000-05-07	36	61	154
241	1980-03-01	80	31	80
280	2007-09-12	94	60	185
213	2001-08-19	11	76	170
222	1996-07-27	63	52	147
287	1994-09-17	46	65	193
236	2006-08-08	55	90	111
215	1997-12-21	81	4	60
275	2019-01-01	73	0	34
232	1965-11-25	3	39	136
212	2003-03-01	90	26	135
281	1971-10-17	57	10	11
264	2016-10-21	81	10	126
282	2009-07-31	47	87	23
233	2007-05-22	14	22	170
272	1963-09-10	33	5	151
222	1961-03-17	85	18	61
268	2006-07-14	0	44	68
253	1965-07-01	26	70	98
274	2019-07-13	65	32	97
282	2004-02-10	14	92	96
266	1983-08-13	0	49	141
286	1995-09-27	77	2	193
257	1964-01-13	99	52	4
250	1988-03-29	47	66	77
241	2010-04-12	16	42	147
250	1950-11-01	34	50	9
277	1946-10-30	70	47	136
202	1951-07-31	93	74	77
204	1984-06-26	85	87	81
288	1961-11-12	43	31	30
211	1968-12-23	27	24	141
241	2017-03-17	96	13	114
241	2017-09-23	38	92	186
223	2020-07-31	59	3	117
284	2011-07-23	85	31	152
231	2010-12-27	92	28	185
214	1952-05-01	14	39	146
245	2010-03-07	37	73	164
292	1987-01-10	90	43	111
265	1964-05-11	73	24	62
272	1987-11-01	37	20	140
250	1991-11-06	24	100	188
216	2012-09-23	4	33	49
273	2014-06-18	50	5	144
263	1968-04-30	90	70	111
238	1973-12-23	16	36	82
232	2014-07-31	15	51	135
227	1979-04-15	13	41	200
259	1946-01-30	82	29	51
221	1997-05-26	38	14	112
256	1989-07-14	29	24	96
284	1995-03-06	50	20	49
202	2000-02-17	53	52	99
264	1978-02-18	13	36	178
235	1984-05-12	4	22	58
284	1953-06-07	13	46	141
251	1978-08-06	11	3	5
210	1961-10-28	48	4	141
232	1941-10-02	47	88	194
253	1945-11-13	32	58	101
