240	1995-08-11	79	85	162
266	1993-07-12	28	18	171
211	2015-08-02	42	43	179
295	1988-12-11	2	86	44
263	1994-03-28	33	68	83
229	1991-08-23	46	25	6
211	1965-04-01	99	73	196
226	1982-05-22	36	71	127
281	2007-04-04	7	20	156
227	2005-01-18	6	64	99
236	1948-12-10	23	51	128
295	1958-05-03	88	77	186
294	2012-11-23	99	95	5
211	1947-08-29	97	8	38
289	1968-10-25	92	48	115
232	1944-01-22	9	29	77
204	1995-06-23	23	73	75
217	1968-12-07	62	27	198
215	1993-06-22	23	96	3
243	2019-06-11	9	81	3
281	2018-05-14	9	68	132
264	1945-04-24	41	69	142
279	1967-08-04	16	95	161
274	2005-04-17	0	72	14
256	1993-11-14	59	85	10
299	1986-11-23	34	79	2
230	1971-10-06	24	16	129
203	1945-01-13	15	52	125
235	1964-03-27	78	96	39
250	1993-05-11	58	94	79
203	1984-02-28	40	69	62
251	1989-07-20	52	51	168
206	2010-04-21	22	86	103
245	1999-08-13	89	98	90
213	1984-09-04	79	55	191
261	2000-07-22	26	56	198
215	2000-02-29	37	11	162
270	1998-02-24	98	64	125
265	1975-09-12	53	92	55
233	1946-02-17	31	62	36
218	2007-09-14	17	90	151
244	1980-03-29	21	36	128
211	1975-05-20	48	77	125
284	2016-02-27	59	65	77
210	1949-06-27	72	96	93
256	2005-08-23	72	79	21
272	1965-09-28	17	48	142
208	2016-11-26	41	33	171
286	2013-05-20	62	23	77
249	1975-07-05	5	39	23
216	1969-12-25	93	99	187
264	1976-07-11	22	77	27
249	2004-04-24	41	4	18
209	1943-01-21	60	88	3
257	2018-10-31	23	69	186
293	1953-11-08	79	76	52
268	2001-06-09	6	50	150
233	1994-05-12	2	66	8
258	1992-12-26	44	49	50
212	2015-08-17	44	14	59
229	2018-07-01	85	83	100
249	2006-04-14	56	23	183
252	1995-10-02	9	60	47
227	1952-07-06	4	6	178
253	1998-05-14	14	86	148
284	1971-04-11	52	3	111
271	1979-07-30	86	39	37
237	1944-08-10	57	83	87
276	1949-07-20	51	17	75
284	1963-08-03	77	80	151
212	1969-07-29	7	47	135
234	1992-10-25	82	82	52
257	1999-12-27	54	84	38
232	1984-10-17	88	26	121
227	1979-08-09	65	31	136
265	2002-10-19	50	47	3
248	1956-02-14	48	68	116
253	1969-03-11	35	27	93
239	2000-06-24	26	24	185
244	1972-11-14	78	2	163
209	1950-09-07	8	92	158
282	1967-05-08	75	75	59
251	1996-04-27	6	11	43
297	1943-02-27	39	19	151
234	1944-07-04	7	54	61
284	1990-07-01	58	13	138
266	1970-08-07	62	72	3
202	1974-05-20	64	99	85
215	1962-05-15	96	59	87
216	1969-09-18	55	99	76
291	1945-02-27	50	65	145
234	1977-09-05	67	97	38
265	1954-04-06	41	42	142
280	1968-05-09	25	55	94
245	2009-05-21	56	83	130
264	1988-09-21	30	60	98
241	1971-09-26	2	12	98
265	2013-10-01	91	69	17
292	1965-03-12	70	16	17
236	2002-04-16	63	53	99
275	1943-09-01	26	33	83
274	1979-07-21	57	68	146
292	1964-02-25	63	80	142
223	1999-09-07	47	46	3
239	1950-12-22	5	66	130
299	1974-06-30	5	15	157
210	1988-05-09	67	3	24
225	1990-11-22	97	71	54
204	1989-07-26	75	15	174
265	1959-01-08	60	64	34
259	1952-04-02	73	27	145
211	1970-05-28	98	31	2
272	2018-01-11	36	71	69
245	2010-08-19	0	73	130
299	1959-05-10	61	54	61
235	1940-05-25	21	22	135
293	2010-05-15	19	84	44
245	2014-07-30	77	94	20
265	1942-07-13	13	31	22
243	2009-06-18	1	27	46
265	1973-11-25	31	21	160
240	2011-05-28	69	67	115
207	1987-10-14	83	81	159
257	1956-05-08	52	55	87
266	1974-07-22	2	41	67
