235	1943-02-19	27	35	67
300	1984-10-23	48	44	14
287	1987-01-16	0	39	88
202	2014-03-01	3	45	156
258	1998-08-13	9	37	127
285	1956-12-12	38	27	127
243	1956-02-15	80	94	68
265	2010-03-01	31	49	194
211	1991-05-21	66	78	156
222	1962-02-17	70	56	129
265	1962-12-18	68	93	155
280	2010-12-24	71	27	108
272	1947-07-27	28	37	154
243	2012-01-25	3	39	191
232	2008-03-20	85	60	86
272	1942-08-25	35	17	101
201	2001-11-21	31	6	74
292	2008-03-06	35	27	153
249	1954-03-23	20	83	175
250	1952-06-12	100	23	14
273	1944-02-08	54	83	201
279	1992-03-21	12	30	73
277	1975-10-02	41	81	161
294	1964-09-04	52	29	185
262	1952-01-02	54	90	192
235	1949-03-04	98	24	76
286	1953-10-05	87	84	62
225	2002-08-29	87	22	52
236	1959-07-20	22	59	45
255	2015-10-23	76	76	194
207	2019-01-02	66	82	150
232	1975-08-24	34	78	96
290	1998-04-28	76	0	126
258	1984-12-18	71	88	96
202	2007-05-09	62	52	141
243	1980-05-31	60	48	41
217	1983-03-25	97	23	61
298	1978-12-06	66	89	123
257	1968-09-04	57	72	55
221	2020-03-04	8	24	198
208	2011-02-19	17	41	11
260	1955-04-07	33	13	155
262	1984-08-22	58	36	120
282	2017-04-02	0	71	179
225	1943-06-23	57	13	78
295	2014-06-23	45	69	176
287	1988-11-24	20	37	100
253	1972-04-10	33	47	118
249	1967-07-07	44	10	9
242	2018-12-20	70	25	73
227	1990-10-19	66	17	8
268	1989-06-14	62	72	124
246	1998-01-31	14	65	85
250	1985-08-17	68	23	166
215	1951-09-03	49	19	166
217	2019-09-25	85	100	160
227	1978-02-06	25	95	24
298	2003-10-10	44	93	201
239	1967-06-01	68	50	194
253	1968-02-14	4	14	131
258	2007-07-10	68	30	179
221	1950-04-18	36	80	146
206	2010-07-01	7	42	117
298	1962-06-17	51	85	189
265	2007-02-14	28	56	141
204	1958-07-09	17	96	33
256	1949-01-03	21	93	100
242	2012-01-18	12	47	138
229	1950-02-01	61	76	156
232	1982-05-31	17	97	161
233	2009-02-18	44	12	86
292	2001-06-28	40	4	183
277	1941-12-31	78	6	190
236	1988-04-01	42	13	48
293	2010-04-10	15	55	169
201	1960-08-20	69	16	183
249	2019-10-01	48	31	109
280	1994-11-15	84	11	98
264	1983-04-24	24	41	122
248	1950-02-23	72	11	135
244	1954-09-15	79	2	89
256	1963-08-13	0	48	33
214	2002-09-04	41	34	49
258	1950-05-14	8	2	15
257	1963-03-11	79	81	170
251	1996-12-01	59	41	95
265	1966-01-06	83	13	5
285	1985-04-12	95	45	96
227	2015-02-07	31	13	70
298	2009-10-12	6	1	200
272	1971-06-20	29	7	149
216	1946-05-02	25	93	114
226	1997-02-19	50	57	66
219	1999-11-24	30	80	157
255	2000-09-14	79	49	196
287	1981-11-07	67	30	145
295	1957-09-02	71	67	44
282	1949-06-25	93	70	171
228	1984-04-30	39	6	94
222	1942-12-17	76	34	104
244	1943-08-22	28	73	168
209	1989-08-21	24	45	188
282	2013-04-30	1	31	111
216	1948-12-25	86	48	12
278	2017-10-12	89	12	0
283	1946-12-26	69	16	196
259	1980-10-15	91	78	84
