243	1984-08-03	90	53	156
281	1964-03-06	25	79	117
259	1946-09-17	12	76	152
266	1989-04-01	37	39	108
288	1948-07-16	13	49	174
221	2006-10-29	79	1	122
244	2003-07-21	98	51	62
280	1970-10-19	5	74	87
291	1981-09-28	38	16	91
260	1959-02-27	2	34	174
260	1962-01-29	63	97	180
260	1981-09-30	21	85	30
210	1947-12-11	41	17	10
263	2008-07-26	76	72	155
204	1977-08-16	48	36	56
256	1952-03-24	11	65	77
240	1969-05-28	45	12	36
210	2019-02-24	63	43	170
280	2007-07-18	9	13	124
274	1984-01-07	26	28	102
220	2003-08-28	22	57	117
235	1979-09-22	14	83	185
273	1952-09-15	31	85	60
224	1943-04-17	53	77	167
271	1949-10-01	33	75	115
227	1974-04-17	9	77	119
272	1973-12-08	34	40	178
295	1991-10-03	92	47	163
273	2006-04-14	16	22	78
242	1983-07-23	80	86	28
228	1953-07-27	51	68	73
273	1951-03-12	69	10	72
296	1954-09-17	4	47	112
220	1978-10-15	71	56	28
279	1998-06-23	77	14	43
215	2018-08-01	17	93	145
244	1965-05-27	23	39	45
271	1970-07-24	6	70	3
258	1986-09-23	81	38	38
204	1948-10-21	48	12	3
256	1949-12-30	42	67	112
234	1985-02-15	97	55	16
228	2019-09-11	18	82	127
294	1983-07-14	61	18	44
226	1979-03-23	34	3	32
292	1997-03-04	79	93	13
257	1972-02-21	26	10	75
231	1984-02-22	30	81	147
238	1970-08-30	0	19	188
296	1959-09-15	47	43	29
262	1943-01-31	13	14	201
239	1960-04-11	59	85	124
291	1994-07-14	14	73	111
221	1986-02-16	90	60	168
212	1962-03-03	45	63	49
224	1967-05-27	86	0	72
240	1966-10-15	60	70	96
232	1960-06-18	31	69	97
266	1972-05-24	58	12	91
205	1998-10-08	64	78	69
257	1999-11-04	49	33	104
258	1967-10-13	9	21	187
266	2014-01-22	36	59	165
221	2008-06-07	59	74	135
248	2005-05-06	70	89	32
207	1996-08-10	89	15	193
252	1993-03-03	41	70	41
216	1990-01-26	56	50	200
261	1963-07-14	93	5	192
204	1962-02-17	16	20	64
270	1947-10-28	92	47	12
211	2001-11-15	13	72	102
220	1946-05-29	67	83	118
261	1980-08-13	77	92	198
242	1976-10-06	14	86	138
283	1996-11-11	81	2	181
256	2004-01-02	89	19	5
227	1994-04-19	54	96	69
286	1952-06-02	37	21	11
222	1951-01-20	47	80	160
248	2011-08-31	71	64	107
226	1942-04-12	23	55	57
276	1942-12-28	55	83	36
259	1995-04-13	78	75	160
288	2017-09-25	64	32	29
252	1964-07-06	58	67	199
259	1957-01-30	16	82	187
207	1955-08-16	43	14	97
229	1963-02-25	31	12	23
272	1968-12-28	78	89	0
202	1940-03-09	50	83	143
215	1957-09-28	99	43	16
216	1999-03-10	24	91	55
209	1984-05-22	15	59	57
231	1999-02-05	98	37	157
247	1943-05-15	15	21	147
293	1942-12-22	88	17	157
210	1968-05-05	21	67	199
263	2012-04-17	72	27	37
237	2019-08-01	4	14	188
234	2004-08-18	99	27	86
257	1983-10-17	81	81	49
238	1963-10-26	4	6	42
277	1966-04-05	38	82	11
221	1952-02-27	66	35	128
263	1958-10-11	82	30	112
218	1964-05-15	91	44	59
274	1978-02-20	24	9	35
273	1985-03-14	64	71	143
295	1988-04-06	95	10	189
203	1995-01-16	15	25	60
271	2015-02-05	3	89	75
214	1974-12-19	56	98	108
260	1996-09-26	18	87	160
237	1964-09-23	6	21	113
232	2016-10-03	65	29	185
271	1959-02-12	56	37	93
