291	1997-09-09	69	86	16
240	1970-04-12	77	58	54
279	1969-02-26	41	46	32
220	2000-07-18	83	41	11
283	2000-07-06	71	98	96
243	1995-05-17	55	85	173
263	2010-01-29	56	43	99
226	2005-05-05	31	73	116
297	1983-08-04	95	56	15
239	2010-06-14	16	63	129
291	1942-09-27	75	1	53
233	2003-08-31	56	69	22
296	2011-03-07	76	37	137
232	1973-07-30	77	54	19
219	1944-03-29	24	24	44
253	1943-01-29	65	6	167
219	2017-03-18	64	39	29
267	1959-06-14	84	77	112
226	1963-03-21	93	72	144
264	1949-04-12	67	12	133
236	1976-04-23	46	27	110
266	1969-09-25	32	75	139
228	1956-06-16	10	79	53
224	2019-08-26	18	14	201
212	1981-04-12	22	49	159
202	1954-05-19	57	64	63
237	2002-06-03	86	74	49
267	1998-04-29	56	38	95
223	1947-11-01	73	84	8
272	1993-02-27	11	43	134
235	1949-10-21	34	78	53
278	1965-11-10	41	77	93
281	2006-10-16	8	55	128
294	2012-04-17	99	44	112
229	1991-06-09	98	22	177
232	2001-08-07	71	12	62
290	2003-10-27	70	12	53
257	1997-07-18	22	67	159
288	2004-06-13	86	25	166
261	1985-12-18	11	25	44
278	2002-05-31	46	90	119
252	1978-01-02	88	62	19
210	2020-02-20	84	64	6
254	1950-01-30	35	97	91
246	1959-07-26	86	75	84
291	1960-01-19	76	30	146
296	1966-01-10	68	35	190
214	1991-01-05	81	31	32
251	2011-03-13	12	54	47
225	1951-07-16	44	51	158
282	1992-09-20	67	91	157
290	1991-02-26	84	33	19
294	1989-07-23	3	42	166
279	1976-01-09	73	89	140
213	1979-04-05	35	49	169
299	1961-04-08	61	65	81
282	1986-10-28	87	7	158
223	1965-06-21	49	78	33
276	1993-01-01	90	43	119
212	2009-07-13	76	4	34
280	1993-05-09	44	96	51
242	1964-11-24	27	23	98
249	1957-02-25	54	66	184
216	1947-07-20	62	13	95
227	1940-04-13	35	12	62
270	1984-05-08	7	42	170
263	1953-11-17	94	36	51
201	1995-05-29	8	4	160
218	1998-12-11	29	60	26
209	1988-11-14	22	21	14
268	1978-09-23	70	63	67
265	1953-06-15	18	19	124
251	2011-12-14	24	100	66
258	2007-02-05	10	40	156
247	1956-01-22	1	13	96
210	2000-08-30	39	4	183
241	2004-11-02	25	8	86
249	2014-05-05	40	82	109
277	1953-03-19	56	79	99
276	2003-03-28	31	98	37
279	1976-02-23	43	81	44
212	2007-11-20	31	13	141
293	2019-09-28	16	100	170
202	1961-06-13	84	71	36
295	1962-05-05	11	19	68
236	1981-11-03	88	95	89
265	1953-10-13	79	53	125
246	2019-05-21	63	84	56
213	2018-04-04	24	12	165
280	1986-09-07	93	43	27
233	2002-05-16	99	79	32
275	1974-02-19	12	12	145
269	1979-02-04	67	17	81
205	1979-11-11	39	22	105
256	1984-12-24	63	76	29
219	2004-11-15	54	40	135
246	1949-07-09	99	22	132
261	1950-04-25	98	21	71
221	2014-07-21	68	63	11
273	2003-11-22	32	61	102
210	1961-09-26	31	53	116
234	1947-10-20	72	10	42
259	1953-10-19	54	30	158
250	1971-12-04	10	52	55
252	1993-04-08	39	42	179
240	1976-11-15	66	60	1
269	1944-05-31	74	0	112
297	1986-03-04	33	86	45
259	1985-11-29	33	59	40
276	2001-01-10	3	96	169
280	1954-03-09	55	60	158
266	1970-10-18	88	77	12
260	1964-01-10	81	22	71
247	1965-11-29	96	54	187
262	1979-12-23	20	64	7
298	1993-07-28	55	15	177
300	1973-08-07	69	63	199
296	1953-02-02	68	53	141
284	2010-11-26	82	25	80
266	1992-08-19	83	83	185
218	1967-01-14	83	58	187
287	2001-05-15	38	71	60
214	1975-04-12	59	76	35
217	1944-04-15	9	32	26
234	1962-09-21	70	20	1
230	1980-04-21	60	40	56
295	2020-01-01	18	80	117
258	2000-11-03	89	53	155
244	2010-04-04	72	56	87
224	1984-12-06	39	36	115
266	2002-12-25	9	87	31
249	1981-04-15	75	24	82
298	2014-09-29	68	100	46
244	2018-09-29	17	69	37
240	1947-10-14	11	9	68
300	1952-11-23	57	41	98
232	2016-03-16	42	29	197
279	1981-12-02	17	33	61
283	1958-10-03	25	27	173
284	1987-07-24	22	94	174
257	1980-07-23	72	72	196
281	2006-01-23	38	23	167
283	2015-01-29	48	53	14
268	2003-09-01	17	53	113
259	1948-12-05	45	78	21
252	1990-07-20	65	72	91
236	1949-05-21	87	90	17
297	1965-04-12	85	50	125
229	1991-10-14	63	4	76
216	2007-11-21	40	2	4
207	1994-12-19	1	29	144
222	1944-04-20	3	52	135
213	1980-11-12	69	20	146
208	2013-06-03	55	74	115
229	1955-04-03	14	74	53
236	1965-08-06	57	14	25
232	2011-01-04	62	40	76
248	2003-12-17	86	40	134
232	1945-01-22	62	35	199
278	1987-03-17	1	74	102
277	1958-09-23	89	2	134
279	1963-10-24	76	61	100
292	1952-01-18	9	77	141
254	1958-08-07	9	50	92
206	2002-09-18	96	33	86
204	1982-03-09	82	12	3
299	1984-08-24	81	12	137
247	1973-05-13	6	9	139
280	2018-06-04	17	76	194
283	1975-12-21	71	51	143
211	1944-05-04	77	32	51
266	1982-11-08	22	61	196
244	1986-02-14	4	47	162
280	1974-01-31	26	86	153
290	1955-12-01	7	98	4
266	1957-05-26	43	91	120
284	2014-07-12	30	36	11
258	1954-02-26	62	35	78
268	1956-10-28	85	89	72
260	1959-11-08	46	60	74
252	1965-04-24	60	32	121
284	2016-04-05	69	16	6
287	1943-06-12	5	37	199
204	1945-05-10	23	44	23
258	2008-12-08	36	55	16
289	2006-09-10	98	51	183
209	1982-09-04	60	37	91
295	2010-04-13	12	87	121
251	1945-07-01	61	27	101
250	1960-04-02	9	33	11
256	2000-08-08	87	99	198
249	1966-06-05	78	15	153
296	1973-10-03	52	0	96
226	2001-06-15	19	41	171
255	2012-01-21	66	64	128
208	1968-02-28	38	8	144
211	1968-04-10	74	41	6
275	1990-07-17	11	50	58
292	2001-04-19	97	74	60
279	1951-02-10	43	48	176
268	1969-04-10	80	53	162
249	1954-12-22	43	85	195
286	1957-10-17	57	16	27
262	2013-10-21	10	2	62
215	1946-04-28	36	31	23
223	1984-01-12	34	59	71
229	1984-03-05	23	84	21
221	1991-07-14	35	58	76
217	1950-05-18	42	63	99
292	1984-03-17	79	61	54
233	1978-11-09	23	54	183
224	1974-07-16	24	15	177
297	1993-05-07	97	46	174
292	2017-02-18	35	58	84
203	1960-06-11	91	72	187
259	1967-04-26	93	66	136
240	1950-10-30	21	17	72
203	1942-06-13	32	69	179
286	2004-11-20	68	42	12
295	1962-08-12	100	66	199
231	1956-06-04	71	84	163
208	1970-12-25	1	57	52
266	1980-07-05	7	18	143
272	1977-03-14	42	79	5
238	2002-02-24	60	6	28
297	2009-07-14	100	92	188
271	1984-08-19	26	73	46
203	1949-08-08	55	41	131
260	1974-07-17	42	77	11
245	1978-03-05	6	49	145
255	2019-11-21	72	65	23
204	1953-12-21	70	36	84
246	2009-02-08	54	33	57
279	1943-08-25	33	67	193
264	1993-02-27	56	33	176
278	2015-12-06	39	84	150
212	1941-07-27	69	78	0
267	1964-08-30	75	29	142
251	1953-09-11	56	46	180
253	1992-02-04	90	100	80
221	2011-04-27	97	41	189
288	2006-05-05	5	78	5
265	1991-02-20	28	88	111
256	1943-11-15	78	80	155
232	1993-05-27	49	31	108
277	2005-01-14	82	40	94
287	2020-01-15	87	76	187
201	1959-04-08	50	26	19
203	1969-06-18	57	7	30
233	1971-07-21	83	12	149
265	1997-06-11	22	81	90
291	1951-06-13	97	76	51
254	1987-02-06	56	48	59
293	1956-03-01	92	33	37
