229	2017-08-30	82	94	117
219	1967-09-16	31	31	122
227	2007-01-20	11	82	20
244	1971-06-16	100	6	192
230	1963-10-05	100	15	99
219	1948-01-10	27	65	110
229	1978-12-18	3	3	33
215	2020-03-22	11	79	38
228	1949-07-09	67	94	56
269	1977-01-20	89	71	32
275	2000-10-21	60	62	50
226	1946-09-13	26	98	13
232	2008-10-09	85	48	124
255	2004-05-09	32	9	51
229	1970-08-08	47	27	137
251	1979-08-29	26	83	84
249	1988-09-28	43	63	180
228	2014-09-20	74	89	188
300	1959-06-25	21	49	169
258	2019-02-11	50	44	57
298	1970-01-17	87	2	173
276	1960-05-09	15	88	154
261	1989-05-15	76	30	55
212	1984-11-25	58	59	156
249	1978-11-18	12	0	24
222	1982-09-20	85	13	87
211	1940-11-05	51	41	43
207	1949-08-12	78	20	34
267	1998-01-17	44	42	98
261	2010-01-06	44	55	53
243	1957-01-21	90	26	195
208	2015-08-01	63	90	87
233	1952-03-14	92	43	134
260	2016-08-28	6	79	125
257	1971-02-12	56	2	154
246	1955-11-19	19	1	197
298	1962-09-22	55	59	102
278	1978-08-20	62	17	0
216	2000-03-23	89	80	153
214	1975-03-31	37	59	80
294	1948-10-15	50	37	2
280	1975-08-10	83	95	167
203	1952-03-19	94	29	17
249	1961-02-27	11	76	81
290	1992-10-18	66	96	131
238	1992-07-12	64	24	62
249	1997-09-21	26	87	201
282	1986-12-09	57	0	138
269	2007-08-19	24	88	73
220	1960-06-10	5	45	170
202	2008-02-13	14	94	127
279	1961-09-28	17	30	162
265	1988-10-03	39	76	48
284	1947-09-05	99	35	153
214	1955-03-17	71	3	109
291	1991-05-25	51	74	4
295	1952-05-29	64	47	126
210	1946-08-09	72	33	162
292	1950-08-08	80	56	189
258	1940-12-31	47	89	66
237	1971-07-03	31	25	99
272	1951-05-28	47	81	38
231	1961-06-11	29	62	29
260	1963-10-15	74	31	125
220	1950-01-25	18	5	123
288	2000-01-21	40	69	20
221	1997-06-08	66	6	13
278	1949-10-07	77	75	198
284	2003-10-27	46	74	24
222	2001-03-07	35	76	39
261	1969-10-31	25	52	108
207	1950-05-15	60	77	22
300	1999-09-12	56	83	152
298	1964-11-29	54	50	85
237	1969-02-18	72	68	116
227	1974-09-04	41	49	124
299	1959-05-25	16	76	10
255	1982-08-07	18	22	106
264	1952-03-02	30	63	55
207	2009-01-17	68	87	113
282	1958-03-18	67	50	40
261	2004-01-31	68	16	17
221	1983-08-24	22	87	138
262	1960-12-02	76	56	175
266	1980-01-18	15	52	194
266	2001-11-20	67	61	76
270	1959-09-18	13	11	120
237	1994-01-15	43	37	171
224	1944-05-12	97	26	10
202	1984-07-24	91	31	191
265	1971-07-30	61	71	105
238	1987-02-16	78	6	43
240	2006-03-28	44	88	146
299	2000-03-09	44	4	91
237	1980-10-06	78	90	124
235	2002-10-06	10	35	49
249	2010-01-21	99	58	40
252	1992-02-23	10	47	189
255	1970-05-05	56	15	125
293	1948-09-11	96	58	178
239	1995-04-22	30	27	76
293	2012-04-08	68	94	48
231	2008-09-05	16	57	185
272	1993-04-05	100	55	112
207	1998-03-01	28	78	47
211	1973-10-15	74	44	50
218	1999-09-29	82	58	45
212	1956-07-20	19	37	187
236	1974-10-08	94	26	5
208	1951-04-16	79	34	198
222	1984-12-24	74	98	49
215	1988-02-06	27	74	183
205	1967-08-24	99	39	47
248	1960-07-17	69	33	67
287	1979-04-04	10	21	123
246	1949-02-27	49	21	162
241	2000-10-08	20	61	46
217	1993-08-24	54	8	92
227	1984-03-31	79	61	189
213	2006-03-23	12	18	200
205	2014-12-15	78	98	133
289	1944-04-09	76	61	184
203	2009-01-17	89	82	124
215	2013-02-10	34	56	9
249	2003-12-27	68	61	97
257	1960-07-04	99	61	74
222	2002-11-10	68	42	31
212	1973-12-19	45	15	108
250	1998-10-18	53	41	70
225	1981-09-17	88	60	32
230	1944-04-02	74	93	163
238	1960-12-23	67	12	24
211	2013-05-01	8	3	139
237	2011-04-27	10	72	47
283	1948-07-09	42	43	152
281	1967-03-29	33	94	115
239	2005-12-26	31	32	42
203	1990-09-13	32	7	54
255	1999-01-04	83	100	137
248	1995-03-30	96	12	8
295	1940-03-10	19	80	103
278	1975-04-16	20	59	98
227	2011-07-09	63	55	114
283	1983-01-24	83	28	14
250	1965-11-21	16	39	71
294	2000-08-09	49	62	54
210	2020-06-03	30	98	63
246	1992-05-25	3	68	191
216	1957-03-01	43	38	20
250	1954-12-31	97	2	67
292	2003-03-09	25	66	40
235	2017-10-31	3	21	181
207	1986-10-10	89	34	134
262	1950-09-16	66	21	99
263	2001-03-04	85	35	182
256	2004-07-09	94	3	93
297	2020-06-12	70	85	5
245	2020-08-19	43	80	139
276	1957-05-07	87	52	44
223	1983-01-13	38	95	137
210	1946-03-08	69	97	186
292	1973-08-03	89	19	25
201	1996-10-19	73	87	21
248	1942-01-26	15	53	12
206	1983-11-07	39	27	12
225	2013-05-14	14	60	67
234	1992-03-28	44	58	75
221	1952-05-19	98	100	153
289	2008-07-22	56	96	123
243	1952-02-05	69	15	67
244	2017-07-18	75	90	125
297	2020-01-17	89	67	54
292	1991-07-14	51	81	156
270	1946-06-18	38	4	104
201	1988-05-09	72	29	28
296	1996-08-09	94	15	108
248	2019-11-05	5	51	186
215	2010-12-03	89	44	117
295	2013-03-12	24	95	40
235	1952-06-14	28	64	153
294	2006-10-06	35	12	191
209	1942-09-02	91	76	13
226	1983-02-18	29	60	48
205	1946-04-01	39	53	176
225	2006-10-01	25	48	119
279	1945-08-12	50	7	88
240	1946-08-27	40	85	129
223	1963-09-20	88	4	140
251	1973-02-21	20	72	0
206	2020-07-19	70	28	108
201	2013-05-06	67	18	169
299	2005-09-28	45	58	182
203	1946-02-26	78	99	37
237	2009-08-18	100	12	107
201	1989-03-26	23	17	168
223	1969-04-10	67	89	122
242	1983-09-18	74	23	46
293	1993-03-26	49	89	198
270	2004-01-09	48	88	159
291	1985-06-04	34	31	139
298	1955-11-05	69	23	53
238	2004-03-24	50	97	149
248	1966-11-20	39	18	190
267	1943-01-15	29	77	117
236	2001-09-28	47	82	1
256	2002-12-04	50	1	81
260	1986-10-01	22	6	117
202	1966-09-10	50	85	16
203	1987-12-25	30	52	2
253	2016-02-03	55	64	33
203	1950-05-09	65	19	26
270	1949-01-13	68	86	11
294	1943-06-15	0	60	59
206	1976-02-27	22	31	93
269	1986-10-15	100	25	75
241	2011-09-11	64	29	170
209	1978-04-26	94	69	4
254	2008-04-26	74	44	95
280	1955-04-15	84	70	190
280	1958-09-26	90	65	85
216	2001-05-02	9	52	151
290	1947-02-03	87	33	135
245	2008-02-20	15	27	51
278	2017-11-11	9	33	128
220	1969-04-03	23	15	142
267	1976-04-15	18	73	188
291	1990-10-26	19	99	1
249	1948-11-30	81	11	160
276	2008-11-15	4	30	43
270	1956-01-02	80	92	120
224	1979-11-25	49	64	0
238	1957-12-25	80	3	173
234	1976-07-23	89	30	173
234	2015-04-16	0	10	139
220	2007-07-02	10	85	53
222	1965-09-12	3	42	181
216	2015-01-25	42	74	70
220	2016-07-26	85	59	74
212	1949-02-06	87	86	48
261	1977-05-06	90	62	59
252	1960-07-29	66	62	157
210	2002-08-11	84	93	74
273	1948-07-14	46	22	58
208	1972-12-28	19	94	60
233	1970-11-24	11	1	92
250	1962-11-08	81	82	155
254	2013-05-17	49	32	10
204	1967-11-24	1	64	183
284	1994-10-03	84	16	123
210	2007-05-17	32	40	54
260	1945-10-11	63	70	169
207	1976-08-13	6	64	96
265	2016-11-30	78	44	140
275	1956-07-11	63	45	142
295	1950-09-13	40	53	42
298	2011-05-25	30	91	6
220	1952-07-24	19	19	165
263	1970-01-07	94	99	87
201	1967-10-12	90	54	49
243	2008-08-31	57	91	89
231	1954-04-24	80	44	151
294	1983-03-15	36	79	8
290	1984-01-05	33	32	59
262	2004-07-13	100	2	12
247	1943-09-01	28	85	42
291	1953-04-23	97	33	12
207	1955-04-20	46	5	196
286	1962-09-20	2	80	190
252	1944-03-01	54	68	124
270	1993-03-04	15	51	132
