206	1977-12-05	11	38	125
259	1970-11-13	10	41	173
228	2006-03-30	17	82	97
215	1969-05-18	53	80	94
257	1995-04-03	19	96	167
223	2012-09-16	73	59	82
277	1944-03-26	60	22	178
266	2016-10-29	87	28	10
259	1972-07-29	92	67	17
287	2011-12-14	64	65	82
278	2004-07-14	15	51	195
246	1971-01-13	16	93	73
263	1973-02-28	77	57	172
239	1969-02-07	6	17	2
230	1966-09-03	99	97	88
290	1987-05-30	42	64	141
297	1963-03-19	23	23	3
224	2012-09-27	44	2	80
221	2006-09-25	82	25	128
245	1952-03-10	11	78	195
273	1946-01-10	89	97	14
210	2019-11-19	24	5	92
257	2017-12-08	52	54	28
204	2013-03-21	65	62	23
212	2015-06-15	36	88	65
287	2010-08-01	3	55	41
210	1945-11-06	54	49	42
254	2017-08-02	6	37	90
238	2000-12-21	76	12	40
209	2014-10-13	36	19	0
236	1992-02-03	18	25	117
245	2004-02-04	26	29	161
251	1986-04-08	40	97	68
296	2006-05-15	89	72	35
277	1989-10-18	75	83	38
250	1981-05-19	75	46	165
264	1986-12-05	0	6	193
268	1977-11-24	32	42	111
208	1987-10-04	91	54	153
275	1989-01-19	53	35	41
237	1982-06-26	80	61	153
256	1963-12-26	2	36	36
209	1952-06-25	33	81	147
204	1967-03-17	63	26	30
213	1978-02-25	85	76	57
299	2008-06-08	76	70	144
225	1981-05-17	96	6	6
272	1985-12-18	66	45	186
204	1985-03-23	5	16	48
240	1946-08-02	9	54	56
265	1976-11-24	73	99	33
241	1972-11-17	30	66	66
240	1992-05-21	10	12	40
236	1947-11-27	78	27	124
204	1960-09-19	65	63	60
258	1980-04-13	72	94	17
242	1947-02-04	91	19	109
233	1981-01-30	91	63	127
214	2018-08-20	50	38	150
202	1970-11-21	95	74	128
217	1944-07-06	15	20	25
207	1961-10-16	43	72	133
287	1984-09-04	89	59	186
271	1951-11-05	60	63	78
277	2005-07-08	18	75	199
278	1963-09-21	95	54	118
267	1972-03-13	25	34	57
247	1999-08-16	17	28	93
265	1976-02-23	18	41	138
281	1944-09-06	37	26	153
261	1981-01-25	27	49	103
247	2000-04-28	1	93	120
202	1982-04-14	15	18	98
299	1943-01-08	34	39	18
249	2019-02-19	84	59	75
297	1952-06-02	91	24	158
214	1949-05-28	4	49	91
233	2010-10-31	65	98	26
236	2018-10-05	37	79	36
294	1956-12-03	52	37	16
280	2002-08-11	1	30	88
250	1994-12-09	75	67	64
218	2003-12-08	79	90	153
233	2005-03-05	36	22	162
251	1970-09-29	55	78	68
267	1987-08-18	86	81	39
255	2015-08-05	23	20	1
288	2016-09-16	73	65	26
247	1973-11-27	73	38	127
202	2017-06-19	69	61	95
201	1959-03-26	78	58	55
218	1943-06-23	23	76	190
294	2007-06-26	82	50	164
256	1965-04-01	92	18	37
235	1990-06-24	80	71	137
285	1952-02-15	40	17	158
221	1982-08-27	88	3	37
275	1957-05-31	31	51	51
286	2010-01-25	40	24	27
213	1945-04-24	85	14	30
214	1991-08-06	20	24	93
259	1969-02-09	60	32	106
264	1985-04-15	34	10	162
229	1957-01-25	76	18	180
208	1951-10-15	28	68	132
263	1954-10-13	77	63	106
275	1969-02-19	33	39	159
254	1960-08-15	36	47	167
218	1997-08-17	60	27	72
288	1951-03-31	78	0	105
258	1966-06-16	75	85	149
276	1954-08-07	32	31	53
272	1973-06-18	27	91	28
209	1963-03-06	83	69	154
225	1974-07-24	84	72	85
287	1993-10-09	27	2	112
283	2013-12-25	93	16	61
243	2020-06-08	94	59	187
250	1973-04-25	29	3	176
270	1998-07-11	45	72	164
226	1940-04-05	100	14	65
227	1978-09-13	89	23	189
208	1994-11-05	12	1	107
288	2019-05-30	47	64	196
229	1998-09-25	35	97	100
228	1974-09-12	81	58	163
249	1962-04-23	70	29	27
299	1984-04-11	24	61	159
285	1990-01-13	5	8	147
272	1976-11-23	96	83	13
241	1954-06-14	65	47	117
244	1974-10-30	99	49	5
283	2008-09-15	1	49	88
220	2011-03-31	20	65	5
272	1963-06-28	17	93	40
216	1969-08-30	79	74	147
297	1997-09-09	75	20	79
270	2018-07-27	42	62	47
279	1953-10-25	66	19	131
293	1941-04-26	60	59	82
215	1983-12-17	1	28	195
209	1954-09-27	95	83	146
275	2012-10-12	3	32	62
252	1990-01-03	71	52	18
239	2007-08-30	37	30	155
289	1989-10-05	33	73	198
219	1956-07-26	91	21	21
223	2001-09-17	56	15	75
267	1943-08-08	0	38	75
260	1967-06-20	9	79	37
290	1998-07-05	54	61	97
263	1998-12-19	99	46	65
247	1959-08-20	64	88	38
283	1970-04-29	63	69	26
298	1983-09-01	54	41	25
244	2020-01-13	80	72	123
288	1978-01-01	31	32	51
285	1968-02-23	46	37	201
