291	1970-10-20	20	76	43
227	2004-12-18	83	3	115
269	1989-07-22	8	100	69
273	1976-05-24	73	98	199
295	2013-06-15	72	59	189
285	1979-04-22	72	55	159
268	1943-03-31	89	80	166
239	1960-12-30	22	5	108
284	1980-02-21	45	76	197
203	1956-04-04	45	13	2
291	2017-08-21	47	45	12
212	2001-01-20	89	49	125
244	1961-08-22	86	54	46
229	1989-09-02	5	54	189
213	1959-02-17	94	40	73
205	1975-10-22	20	51	28
272	2019-12-11	43	80	9
242	1990-10-23	11	79	10
222	1961-09-05	100	25	100
287	1968-12-02	5	99	16
211	1967-02-14	53	21	140
244	2000-03-22	89	37	189
266	1982-08-24	28	5	145
274	2005-08-18	3	78	72
265	2001-02-26	50	30	138
206	1999-06-21	52	40	198
299	1998-04-23	1	30	165
229	2013-01-01	85	93	82
298	1997-07-26	72	45	31
223	1987-07-28	71	80	43
242	1953-01-20	2	58	125
246	1988-02-26	36	30	42
281	1970-11-20	5	52	52
227	2017-03-15	27	32	116
211	1967-04-26	89	49	190
214	1978-02-16	88	20	174
229	1996-12-22	59	79	72
265	1949-09-27	38	52	36
228	2003-11-20	7	75	186
290	1974-08-25	65	91	79
276	1992-12-16	21	24	104
255	1953-02-19	53	44	152
295	1997-03-12	60	2	42
296	1964-08-25	84	19	201
222	1970-12-13	12	14	11
255	2017-03-10	40	82	74
300	1965-07-25	35	100	31
264	1995-12-31	34	0	144
297	1987-01-25	58	28	166
257	1983-09-08	34	71	112
250	2008-09-08	74	95	174
240	1944-07-12	40	6	42
296	1968-02-18	8	5	82
204	1954-07-04	55	62	58
299	2011-02-10	80	88	47
264	1961-07-08	50	13	33
248	2005-01-02	80	28	81
280	1980-07-24	44	53	170
244	2014-12-27	92	78	30
247	1978-03-20	80	4	109
205	1998-07-10	44	66	37
260	2008-01-16	22	39	40
274	1979-09-11	32	0	113
203	1967-03-16	27	65	0
246	1990-04-16	0	79	200
228	1989-11-08	86	51	49
209	1946-06-07	61	85	146
272	1977-08-18	49	67	64
220	1967-08-02	27	79	147
271	2007-01-29	69	100	33
283	1977-12-31	38	3	172
278	2011-02-12	6	27	157
296	2011-12-07	50	63	164
229	1983-07-10	77	62	5
248	1967-02-26	23	31	163
231	1989-07-26	85	23	130
256	1970-09-09	77	78	65
285	1961-06-19	90	41	2
227	1970-01-20	1	37	146
258	1965-03-02	89	95	89
231	2013-07-29	40	46	143
256	1986-03-16	85	98	81
221	1958-02-06	7	48	109
202	1972-07-27	0	6	193
233	1997-03-04	34	37	175
292	2001-05-11	22	65	146
234	1981-10-28	45	6	47
244	1942-12-08	20	87	112
251	1976-07-18	6	8	174
286	1988-10-08	89	94	159
276	2013-11-24	2	54	176
265	2014-07-14	13	11	143
290	1943-10-30	27	4	54
244	1997-01-25	44	77	110
211	1961-02-23	55	12	96
292	2016-10-20	80	57	143
249	2010-09-01	78	39	97
288	1992-09-25	73	1	40
216	2015-12-03	27	43	69
293	1989-03-01	27	70	128
214	1978-04-19	35	75	67
287	2020-01-21	40	63	37
294	1982-02-13	54	5	43
245	1970-10-14	96	94	121
296	1960-04-28	2	49	161
