224	2003-05-11	84	41	57
216	1982-11-13	99	57	132
235	2017-02-20	77	37	10
254	1949-06-30	26	13	19
252	2002-11-16	33	90	65
202	2012-02-08	94	81	87
205	2003-10-19	9	93	94
242	1995-01-11	75	5	181
240	2008-01-10	90	3	0
206	2015-06-11	5	75	121
232	1954-11-19	28	69	83
286	1975-07-22	15	10	52
284	1955-04-07	2	36	29
276	2002-01-02	16	79	73
294	1943-03-12	62	41	22
216	1960-10-23	9	31	181
284	1945-06-18	28	34	58
283	1977-09-12	21	65	138
266	2012-01-25	6	12	44
278	2004-12-17	73	50	133
246	2012-03-25	29	22	130
271	1951-05-17	70	62	191
262	1959-02-14	65	17	155
295	1996-09-14	34	18	20
297	1941-09-14	95	44	72
268	1968-10-22	45	28	15
219	1968-09-15	75	57	163
273	2010-09-09	89	67	73
296	1948-10-05	2	38	134
280	1990-05-14	59	92	98
243	1991-10-22	32	36	43
246	1976-03-09	90	78	158
270	1987-12-19	36	64	31
298	1998-08-16	84	11	26
296	1961-07-16	3	42	127
275	1979-08-13	70	48	180
285	1963-12-13	17	74	10
201	2020-04-30	24	55	123
234	1999-10-29	85	5	131
218	2020-09-15	65	0	56
226	1954-01-11	1	17	158
253	1945-06-28	19	38	101
295	2008-12-12	55	12	201
225	1971-04-28	48	15	73
300	1970-05-16	17	82	64
257	2016-08-03	31	27	198
263	1979-08-09	59	31	141
206	1962-03-02	22	60	8
292	1985-11-30	30	54	155
204	1967-07-27	41	8	188
212	2015-12-02	10	38	80
207	1961-11-28	40	22	69
235	1968-10-19	26	76	64
296	1983-12-03	30	54	129
219	1955-06-27	92	87	162
220	1968-06-13	85	72	128
212	1980-06-29	74	37	172
219	1941-06-02	74	65	153
273	1970-10-02	7	46	87
249	2019-10-23	80	4	22
283	1970-02-15	75	2	90
283	1975-03-21	24	71	92
271	1955-03-27	87	52	9
204	1958-12-16	16	54	77
298	1990-05-16	40	12	198
236	1944-08-07	60	25	49
229	1995-12-24	14	78	193
286	1978-10-06	40	86	133
290	1987-01-06	98	25	60
207	1959-08-17	84	95	89
298	1945-07-06	41	82	167
286	2008-01-18	73	55	192
220	1970-05-21	70	81	61
245	1956-11-02	49	13	2
254	2001-08-25	97	0	98
278	1944-12-21	53	10	68
270	1987-05-23	42	74	56
227	1943-02-03	48	22	72
271	2009-07-15	18	90	46
237	1963-10-13	20	20	184
211	1998-04-22	68	96	23
203	1951-06-12	56	13	58
284	1967-12-14	67	3	102
269	2008-11-26	9	28	11
284	1983-08-11	20	95	5
291	1945-11-26	89	72	162
216	1977-05-21	97	58	88
269	1950-08-14	18	44	189
287	1943-04-23	51	44	127
240	2009-07-13	88	42	162
214	1962-02-23	63	74	176
297	2012-05-22	39	42	145
263	1977-11-13	75	58	130
202	1954-02-27	31	18	164
272	1982-08-09	23	66	47
231	1964-09-19	73	76	0
244	1989-04-06	37	10	78
270	2017-09-14	28	24	131
272	1950-03-21	9	14	78
282	1945-07-07	25	7	58
242	1960-02-19	39	24	68
243	1942-07-27	55	86	3
206	1968-09-03	41	3	68
247	1959-11-14	71	65	88
289	2012-07-13	23	98	66
289	1993-08-09	53	34	54
221	1998-09-26	63	56	1
222	1995-01-07	74	71	146
239	1955-09-10	74	76	167
238	1962-11-24	9	88	188
291	1997-02-12	26	80	51
234	1994-12-10	55	92	29
296	1955-11-05	19	41	96
298	1980-12-07	50	52	25
281	1989-11-01	81	36	23
240	1978-02-08	17	15	167
237	1973-05-14	61	13	144
230	2005-12-07	44	18	170
217	2003-01-02	21	70	30
284	1975-10-18	23	65	161
236	1954-05-02	22	60	39
249	2005-03-12	50	86	192
229	2018-05-07	9	81	31
272	2017-05-07	81	34	11
217	1950-06-24	53	46	188
219	1986-09-26	7	27	68
259	2014-05-12	61	40	52
238	2007-05-28	51	46	137
247	1968-04-11	78	50	153
252	1946-05-31	59	35	129
269	1949-02-21	94	84	113
273	1959-12-14	2	16	136
212	2012-04-15	53	35	164
243	1962-09-11	58	74	159
249	1964-10-11	65	92	107
252	2012-11-18	89	18	98
292	1954-09-25	90	2	31
277	1995-04-15	70	82	29
251	2014-03-01	51	67	94
298	1957-06-12	61	75	108
211	1972-09-14	11	96	117
228	1987-07-11	44	49	165
209	2010-08-03	91	20	82
252	1959-01-06	32	65	32
294	2008-11-29	25	26	78
297	1984-07-13	35	21	108
273	1949-12-03	61	79	38
221	2005-11-27	33	62	193
295	1999-04-27	86	35	169
262	2008-05-05	51	80	32
203	1948-10-02	1	80	66
207	1955-02-23	62	93	126
293	1943-02-20	81	48	175
278	2003-03-02	60	28	139
202	2011-09-20	79	25	187
295	1944-11-01	70	64	200
293	1984-09-11	93	20	44
263	1941-12-20	27	91	94
291	1999-12-16	56	18	28
279	2006-06-30	61	45	16
215	1942-06-14	41	94	19
269	1972-04-21	33	94	135
216	2010-07-09	32	100	73
237	1950-04-01	30	76	3
258	2019-03-18	3	14	101
281	1983-08-01	77	41	91
289	1961-04-26	78	2	165
204	1958-08-17	0	10	77
265	1997-08-24	99	100	24
274	1977-05-05	40	54	120
272	1991-07-07	16	37	161
297	2016-11-30	94	18	161
244	1959-07-31	67	89	182
228	1990-07-02	50	12	128
270	2013-02-07	38	83	97
235	1943-08-19	55	59	160
228	1945-07-21	42	67	8
275	1951-12-18	19	90	92
283	1963-01-18	50	85	9
242	1977-11-07	28	85	146
204	1945-05-01	67	19	54
224	1976-03-25	90	18	30
216	1966-03-25	97	34	157
223	1943-02-16	79	15	93
231	1998-12-23	5	4	32
210	1978-11-24	4	11	105
229	1989-12-21	6	93	15
273	1950-03-15	21	62	89
230	1977-10-10	95	87	18
228	1989-08-18	34	20	36
293	1982-01-07	59	96	47
281	2005-12-15	67	54	177
287	2016-08-22	92	52	70
276	1991-08-01	61	51	78
292	1974-10-14	59	38	142
251	1961-04-27	71	65	123
208	2004-11-06	10	64	0
201	1967-05-19	6	85	38
231	1950-03-06	43	35	55
257	1940-01-24	33	92	8
300	1994-05-14	89	76	164
279	1976-07-17	97	40	88
242	1956-09-28	63	39	131
246	1954-02-07	37	48	135
243	1959-05-31	26	2	84
238	1974-05-08	15	98	122
261	1952-05-04	62	57	73
228	1953-03-14	12	30	84
298	1974-11-23	77	18	30
219	1976-10-21	63	32	60
221	1976-03-11	16	21	162
267	1945-04-20	3	59	49
213	2005-04-26	91	7	169
297	1996-12-13	53	96	131
285	2007-03-30	95	91	162
