242	1991-02-22	10	67	73
205	1987-01-21	37	3	152
295	1970-04-07	28	29	195
261	1992-06-10	93	90	94
226	1954-07-01	94	32	148
249	1999-05-15	46	32	65
208	1987-11-03	24	57	27
234	1982-03-26	65	80	24
269	1961-02-08	10	87	3
206	2003-07-02	64	75	27
233	1950-06-21	73	26	3
261	1953-05-09	56	8	169
294	1992-11-08	36	25	196
273	1997-08-24	97	63	142
278	1994-09-01	82	93	192
201	1976-02-21	51	90	98
271	1942-03-04	80	13	195
288	2018-05-22	84	64	129
254	2011-12-28	56	13	24
274	1941-05-31	35	47	42
282	1990-05-03	78	4	196
254	1977-03-24	44	33	33
281	1997-03-03	45	35	28
290	1983-11-19	59	96	106
251	1943-08-05	29	34	152
286	1989-07-30	39	56	58
269	2003-10-03	86	28	73
227	1986-07-02	39	13	192
251	1949-07-27	34	4	103
237	1989-07-11	68	22	101
299	2006-11-20	66	55	130
276	1964-08-21	58	9	92
249	2016-08-18	3	52	68
275	1958-08-22	98	81	118
235	2016-09-22	7	11	171
258	1987-05-25	50	68	158
252	1964-07-07	43	34	192
231	1990-05-31	18	55	157
250	1951-01-14	26	2	81
284	1966-01-21	5	73	49
256	1951-11-28	20	8	185
261	2005-12-26	50	12	79
204	2019-04-15	79	98	50
228	1974-02-06	77	68	52
290	1945-03-31	76	63	58
206	1962-02-07	22	64	68
220	2007-04-10	24	94	155
218	1988-03-18	90	72	170
214	1961-02-28	55	6	56
236	1994-11-21	99	51	11
279	1974-08-15	39	18	132
213	1962-11-07	91	86	33
256	1975-04-06	93	89	130
278	1960-12-03	91	26	38
209	1977-03-04	34	61	150
209	1960-05-12	33	3	91
283	1960-08-26	2	74	173
254	1967-12-05	78	83	46
202	1957-04-04	85	26	42
283	1949-01-17	73	49	89
223	1979-04-24	19	6	12
273	1946-07-10	65	29	61
243	1968-02-01	25	49	199
300	1961-05-02	68	51	163
286	1952-08-12	26	81	165
216	1986-12-24	71	47	36
283	1947-09-15	56	76	196
300	1987-05-14	5	43	9
258	1993-05-27	32	9	33
255	1966-04-04	61	62	57
280	1945-05-28	50	23	58
240	2002-08-15	64	87	20
215	1941-04-13	88	28	99
300	1978-06-01	66	78	78
298	1963-08-17	91	0	15
244	1973-05-12	48	48	182
246	1995-04-04	91	28	186
279	1996-05-14	98	52	149
300	1986-11-13	99	24	49
201	1958-09-06	16	13	105
300	1984-11-18	60	8	12
202	1975-06-20	45	3	92
290	1976-05-24	9	63	94
245	1997-05-24	69	24	126
256	1940-10-19	43	4	79
250	1987-04-05	8	88	112
220	2005-11-29	36	70	182
294	1966-09-27	1	43	64
220	1978-01-20	55	29	94
241	1999-01-12	79	58	71
284	1989-06-25	0	59	39
232	1993-07-12	5	97	97
216	1944-09-29	52	67	130
253	1958-04-19	45	19	29
275	1963-11-03	62	32	38
288	1972-06-08	45	69	72
278	2004-06-18	16	87	64
295	1958-03-23	29	11	173
248	1972-12-21	14	34	107
274	1976-04-02	45	65	16
254	1977-05-31	54	0	117
243	2007-03-17	55	0	118
229	1955-03-06	20	46	127
246	1984-10-07	78	86	98
258	1956-07-10	83	49	189
241	1981-01-05	43	20	37
245	2016-09-07	6	73	67
201	2012-11-07	30	96	130
298	1971-08-29	28	83	92
270	2005-05-01	40	37	5
236	1999-03-08	57	79	102
248	2012-09-22	68	32	20
256	1972-12-05	7	87	32
212	1967-08-22	88	18	122
254	2004-10-09	28	67	82
261	2007-05-14	98	45	3
249	1946-01-23	50	94	56
287	1947-07-15	89	62	121
272	1949-04-13	44	5	55
275	1994-08-24	45	60	29
289	1985-11-23	44	29	6
287	1954-09-04	2	42	145
222	1943-11-05	25	80	10
203	1941-09-01	68	86	84
250	1973-04-09	81	1	56
283	1963-07-16	9	56	145
226	1983-07-07	14	49	128
278	1968-08-22	66	79	36
234	1988-05-12	0	24	82
203	1973-09-27	76	63	187
247	1962-07-06	47	67	70
292	1949-04-18	46	84	32
251	1952-04-26	24	45	51
230	1990-11-13	13	72	3
273	2009-06-19	8	54	173
294	1948-12-04	11	39	115
258	1977-07-03	82	29	44
284	1950-01-30	33	83	158
240	1990-11-04	68	89	83
262	2008-09-18	29	90	37
224	2002-08-16	96	97	183
257	2010-11-15	53	74	120
229	1989-01-22	23	21	181
259	1975-09-01	78	36	109
223	1957-06-16	78	51	89
267	1980-02-03	73	73	17
212	1963-10-29	17	48	0
257	2009-03-28	77	99	159
252	2003-10-28	38	1	102
211	1965-09-03	73	55	172
271	1945-01-28	11	0	11
274	2002-04-09	67	64	180
252	2004-08-17	26	34	147
229	1999-06-06	27	36	167
232	1990-01-04	35	26	81
279	2010-05-28	29	20	87
268	1953-12-19	99	5	89
273	1968-01-02	80	95	94
242	2017-03-01	90	20	31
254	1985-04-05	36	13	200
254	1997-08-03	52	6	64
257	1995-02-14	47	44	198
293	1961-01-13	52	89	157
298	1983-10-03	12	91	73
222	1968-06-19	1	90	179
290	1947-06-09	86	14	14
213	2003-12-26	49	12	1
283	2001-02-10	86	11	88
278	1992-06-08	18	73	183
237	1994-09-18	3	90	23
240	1958-06-10	63	58	146
224	1960-10-01	88	68	6
299	1994-10-07	49	88	188
207	1947-10-21	33	60	160
287	2008-03-07	69	31	28
208	1972-12-05	22	86	98
201	1997-12-13	66	39	182
236	1952-03-27	46	99	181
266	1991-06-05	69	26	58
237	2016-03-02	93	17	171
225	1974-08-05	87	85	42
246	1998-12-24	29	42	123
243	1982-05-24	65	24	64
246	1981-06-02	7	84	86
298	1980-03-19	97	36	159
280	1974-11-05	64	95	14
252	1984-04-19	5	27	120
219	2003-12-03	85	72	76
290	1956-05-02	13	26	93
217	1980-05-07	74	26	165
257	1963-09-25	29	79	186
223	1954-12-03	34	28	190
272	1970-07-05	10	57	77
229	1974-12-15	12	71	90
253	2000-01-30	77	19	122
242	1998-02-20	70	6	165
222	1971-03-10	41	83	94
273	1947-11-18	65	20	20
248	1993-04-06	7	58	192
219	1940-06-06	24	36	119
238	1985-04-18	20	32	23
292	2019-06-17	45	70	154
252	1982-01-04	40	94	28
281	1978-07-30	55	99	98
275	1945-06-21	87	40	55
234	2013-12-28	32	84	147
231	1994-08-09	99	93	195
263	2003-02-25	20	14	74
300	2020-05-26	35	3	130
212	1986-03-18	2	55	98
264	1988-05-28	3	9	151
215	1973-01-08	18	40	26
278	1969-11-28	80	66	192
264	1948-10-13	17	30	121
224	1943-09-01	85	57	194
291	2002-04-26	9	31	188
217	2012-12-19	96	69	169
295	2009-05-13	26	80	196
212	1949-07-12	13	74	187
280	2016-06-03	100	32	110
280	2013-02-14	0	48	56
236	2000-02-06	89	78	129
298	2014-10-23	1	33	6
217	1944-02-01	67	94	192
255	1948-12-18	75	78	22
264	1974-08-02	20	74	184
218	1944-01-25	80	16	157
258	1990-05-24	31	2	137
281	1970-04-29	49	3	46
216	1975-11-02	48	22	196
232	1987-02-26	97	51	149
295	1948-09-30	63	61	66
241	1960-08-26	66	92	138
202	2005-10-15	21	70	18
241	2013-07-06	81	5	170
287	1960-07-12	4	37	105
284	1984-08-21	79	77	132
267	1965-03-31	52	82	149
241	1990-02-25	69	1	120
220	1956-06-05	3	92	196
245	1964-01-30	88	66	122
215	1954-02-16	25	71	68
244	1971-07-05	42	73	29
254	2016-09-06	82	13	128
241	1957-06-03	45	8	107
296	2018-11-23	1	98	191
250	1958-07-25	76	52	5
258	1941-02-12	43	39	65
205	1989-09-10	87	98	198
232	2016-07-08	10	71	104
298	1994-11-08	100	8	130
271	1967-02-08	37	28	105
259	1979-02-09	58	6	128
226	1982-10-24	3	42	93
231	1965-03-31	40	2	10
253	2016-11-18	63	36	190
267	1994-02-19	88	9	80
262	1947-06-08	48	8	134
292	2005-01-20	72	82	39
247	1982-04-22	51	4	125
217	2011-05-13	29	94	86
222	1967-07-30	24	89	9
288	1942-12-10	5	31	192
286	1996-05-27	63	53	21
205	1949-07-09	19	53	125
287	1989-05-29	20	54	43
264	1960-02-01	26	3	21
258	2019-07-16	93	84	118
282	2008-04-02	60	50	137
252	1940-11-19	2	19	131
217	1975-10-19	69	23	159
209	1980-04-26	8	99	189
278	1980-09-13	100	58	7
275	2013-11-13	5	14	110
280	1971-02-17	50	56	24
262	2002-10-05	94	53	86
203	2018-10-30	27	1	33
287	1966-08-31	36	45	6
236	1953-04-15	80	37	54
295	1968-04-04	44	14	164
239	2012-06-04	68	100	104
237	1949-06-16	44	76	51
