267	1990-11-10	55	40	191
274	1974-09-01	83	85	90
291	2000-07-08	70	34	134
287	1970-06-25	11	55	137
294	2017-08-04	19	3	10
236	1943-05-01	9	81	66
269	1968-10-25	96	51	194
229	1976-12-02	93	79	126
288	2014-12-24	85	93	142
272	2001-10-16	77	79	155
257	2018-12-14	20	22	198
246	1988-05-10	61	82	87
225	2020-01-30	48	6	169
244	2007-02-10	51	89	104
268	1942-06-13	100	5	135
271	1954-07-17	86	31	21
296	1980-06-26	83	84	18
292	2017-04-13	53	97	189
272	1956-04-28	55	30	51
295	1942-08-21	39	72	117
252	1982-04-24	79	46	171
220	2001-05-14	31	9	36
222	2016-03-29	95	34	80
220	1979-07-30	8	50	106
224	2002-12-05	45	17	186
275	1984-03-11	13	63	127
295	1945-03-19	80	12	114
219	1967-11-04	42	27	23
227	2006-02-02	3	40	154
278	1942-02-21	34	19	11
287	1981-10-13	85	8	87
266	1992-12-28	90	28	64
228	1944-05-15	78	55	182
267	2002-08-26	21	79	169
216	1961-04-03	76	57	83
274	1980-02-12	97	63	177
275	2008-08-19	80	85	17
298	1955-01-20	67	81	87
288	1942-08-16	15	99	106
249	1966-02-19	11	74	140
215	2020-08-21	5	24	72
242	1966-07-20	81	44	12
270	2001-08-03	77	40	118
287	1948-06-16	14	50	172
245	1952-06-20	2	85	164
280	2014-07-07	84	63	136
288	1988-01-21	61	1	75
261	1946-09-24	96	21	54
283	1964-05-01	47	6	134
292	2000-03-19	24	58	5
249	1986-02-09	69	29	170
215	1959-12-30	36	0	168
271	1954-11-11	88	49	82
254	1968-03-22	25	6	72
251	2011-11-22	67	14	27
201	2009-04-15	14	56	111
275	1980-07-19	88	89	122
208	2019-12-25	48	57	179
219	1940-11-19	76	27	6
204	1955-05-10	56	30	79
280	1968-04-15	94	44	125
201	1972-02-02	37	35	107
229	1997-09-25	34	19	199
223	1941-10-02	61	33	105
269	1989-10-29	81	70	50
257	2004-06-17	71	37	134
284	1953-03-15	21	67	90
217	1946-08-06	72	43	79
207	1991-05-26	92	12	96
203	1980-07-07	22	39	105
265	1974-01-24	78	72	94
295	1983-04-01	52	40	171
237	2006-07-09	33	28	185
205	1981-12-07	75	32	189
270	1941-05-21	41	78	57
292	1973-07-28	79	20	100
210	1994-05-02	43	70	64
214	2018-04-07	42	78	41
222	1967-01-14	99	2	193
205	1989-07-31	43	27	51
232	1943-01-04	2	62	53
232	1956-06-29	68	4	100
264	2012-02-07	96	50	23
266	1988-06-25	29	8	142
270	1998-09-08	76	1	38
272	1969-11-28	16	53	73
257	1984-03-31	97	9	72
254	1947-03-02	91	89	3
212	1986-06-18	84	28	177
288	1976-03-22	71	42	99
208	2011-11-15	75	92	148
263	1974-01-18	43	42	164
249	2014-01-21	83	46	147
227	2011-06-22	31	34	166
268	2010-08-23	4	49	74
267	1974-09-25	15	49	89
203	2002-10-31	29	49	48
243	1973-04-03	57	36	63
208	2008-01-09	54	4	88
243	1964-12-23	99	56	21
240	1941-10-15	24	80	75
239	1962-01-27	85	8	18
207	2001-01-23	98	52	97
274	2009-04-25	93	48	88
286	1977-04-28	77	30	168
205	1946-04-30	69	96	118
223	1969-09-12	22	40	85
250	2007-06-30	7	54	91
279	1940-12-04	82	85	60
246	1985-08-10	88	39	8
290	1946-10-24	48	86	127
206	2006-09-10	14	26	197
254	1995-04-10	95	100	82
253	1956-01-31	78	59	125
245	2006-02-06	7	2	61
216	2010-02-01	43	39	63
231	1964-04-18	31	85	193
210	1947-01-17	84	69	56
224	1951-07-20	78	40	93
267	1984-06-06	22	35	19
281	1958-07-26	43	60	27
297	1964-04-13	79	36	65
219	1994-09-12	30	43	106
290	1990-08-27	53	98	174
274	2008-03-25	4	59	162
255	2006-12-06	92	33	176
219	1988-05-29	44	64	102
281	1955-03-20	12	76	89
233	1982-11-20	66	21	28
209	1998-06-14	85	15	197
231	1989-10-24	67	17	58
222	2013-12-18	53	86	84
208	1994-10-14	3	50	106
240	2020-09-01	0	32	192
204	2002-05-26	97	5	133
237	1977-04-06	28	85	112
287	2016-10-09	31	81	52
212	2001-05-12	19	21	41
260	2017-02-11	53	58	21
263	1988-02-12	5	78	21
215	1993-07-03	83	36	146
297	1980-05-01	67	21	33
225	2010-05-11	33	79	68
238	1976-08-09	10	30	12
299	1963-03-10	9	76	155
260	1953-04-21	50	53	192
239	1965-05-07	99	72	165
288	2002-03-02	37	90	173
220	1952-05-20	43	8	30
211	1947-08-07	52	2	177
293	2014-12-22	21	88	200
258	1973-09-26	77	83	44
227	1996-05-31	24	52	192
224	1964-12-27	49	4	70
275	2010-06-04	39	21	198
229	1948-08-29	77	81	68
227	2019-02-20	87	48	138
242	1993-01-18	78	20	16
238	1985-04-30	81	46	177
249	1947-03-27	50	44	94
251	1991-08-26	97	90	177
240	1970-10-10	88	75	101
291	1991-03-04	33	64	92
252	1946-12-05	19	16	183
223	2005-05-08	40	56	81
267	1995-10-03	36	77	123
235	1970-04-07	48	28	34
201	1969-08-18	54	90	41
222	1996-02-29	14	55	101
208	1959-03-19	31	25	31
232	2018-12-30	27	4	149
254	1993-07-08	11	2	25
280	2010-09-29	47	57	39
283	2011-08-20	78	92	139
212	1950-06-29	28	40	190
265	1951-07-23	97	39	194
222	1953-07-15	74	68	171
242	2006-03-14	42	55	152
275	2012-08-01	62	61	103
248	1952-11-16	18	64	172
250	2008-09-20	54	48	75
246	1962-01-08	49	48	44
260	1941-01-03	41	97	119
257	1955-09-10	34	15	45
218	2015-08-05	53	69	42
242	1947-09-18	91	1	198
268	1991-10-02	99	35	18
289	2005-12-29	44	50	21
213	2001-08-06	88	20	12
233	1974-02-01	24	96	132
218	2014-04-01	46	68	39
259	1966-05-04	81	58	197
260	1974-05-09	46	92	162
244	1994-10-26	95	21	129
286	2004-08-11	26	50	133
209	1966-05-07	0	100	105
285	1961-06-07	8	27	145
201	1985-10-05	54	45	128
212	1947-01-17	87	92	68
293	2015-05-27	16	66	86
269	2007-10-30	76	100	155
253	2018-12-31	58	56	109
288	1967-06-12	72	41	197
236	1977-06-07	21	23	170
291	1969-11-24	98	49	70
210	1985-11-23	41	89	68
238	1959-02-25	60	77	195
243	1964-11-14	27	47	62
275	2009-06-26	30	28	180
