202	2020-04-04	4	22	118
206	1954-03-02	23	92	149
253	2007-06-26	79	66	37
275	1998-06-21	6	33	46
230	1976-08-16	64	13	69
226	2005-04-14	30	53	161
217	1995-05-08	74	65	46
234	2007-09-30	40	71	199
284	1964-04-06	81	57	178
271	1984-10-20	48	35	90
220	2018-01-23	73	23	112
281	1969-11-16	18	6	173
211	1968-06-30	5	17	73
212	1965-06-28	37	79	172
249	1980-04-11	51	12	23
207	1981-01-30	24	18	105
249	1994-09-14	82	21	28
280	1963-08-24	79	35	87
259	2014-08-28	76	12	119
223	1958-06-14	92	34	176
213	1971-05-20	70	72	136
229	1990-04-20	58	30	55
216	1959-02-21	100	10	148
256	1986-11-27	48	76	179
296	1956-07-06	84	23	179
221	1953-01-08	68	16	130
293	1955-09-30	24	47	27
229	1957-08-26	82	33	163
287	1990-07-24	88	44	64
300	2003-07-12	31	49	177
243	1957-11-13	62	65	143
274	1962-09-13	62	5	78
283	1947-12-11	94	48	11
276	1960-10-05	23	5	195
273	1946-12-08	18	91	50
298	2003-01-19	82	45	76
273	1980-10-30	88	70	99
274	2014-04-22	20	37	102
223	1954-01-25	45	55	129
220	1994-12-28	60	33	190
281	2001-10-08	7	59	171
239	1996-11-08	25	78	156
242	2019-11-20	67	96	55
296	2002-07-26	29	5	28
260	1975-11-07	53	69	31
259	1943-08-06	64	84	189
291	2009-12-11	78	2	28
282	1975-11-09	89	61	18
265	1998-10-26	7	29	178
230	1980-02-28	23	70	64
294	2008-12-13	61	19	165
243	1996-08-19	65	88	142
244	1964-06-19	49	52	168
258	1948-05-11	14	87	117
275	1985-12-07	24	79	8
254	1980-09-14	25	24	130
262	1960-10-23	84	0	90
234	2017-09-21	75	1	55
284	1965-05-13	45	63	38
253	1942-05-12	81	66	63
287	1980-08-05	90	42	183
257	1993-03-20	58	58	159
250	1993-04-11	16	9	33
264	1960-09-07	19	90	106
231	1978-10-23	46	57	189
290	1970-05-27	50	75	190
245	1983-01-08	80	34	140
241	1993-07-12	29	39	74
277	1985-05-24	63	87	5
209	2015-10-21	21	81	26
252	1980-12-04	100	60	101
214	1992-05-19	12	49	121
299	1951-07-23	78	71	165
267	1963-02-19	75	3	39
286	2003-06-26	40	49	154
296	1965-07-20	62	48	194
245	1969-04-29	0	44	148
280	2009-12-25	62	67	77
262	1968-12-20	56	100	117
266	1968-08-09	12	74	9
281	2008-01-25	52	10	173
235	1955-11-21	89	57	69
265	1976-03-03	73	77	179
237	1941-12-13	7	79	136
213	1962-02-14	20	23	18
226	1983-06-27	26	50	154
279	1980-02-26	2	83	16
208	1992-11-17	37	70	53
241	1977-07-30	22	27	90
222	2011-04-26	77	47	20
253	1947-04-14	29	53	19
245	1997-05-08	11	42	179
285	1952-05-19	70	67	112
223	1962-01-24	15	78	61
219	1940-02-14	2	91	24
295	1981-07-28	86	35	18
246	1986-05-31	52	46	166
243	1971-12-07	26	54	59
294	2018-08-25	85	47	164
225	1977-11-02	28	61	75
292	1955-09-21	63	11	133
255	2002-09-07	83	12	137
299	1945-07-05	26	58	123
211	1941-09-02	32	49	29
279	1945-01-23	55	98	62
286	1986-04-19	45	22	83
235	1966-06-20	64	76	133
262	1956-01-24	40	15	44
229	1940-06-23	31	23	87
209	1951-10-29	84	92	131
280	1979-10-16	22	32	28
231	1980-08-20	69	59	91
243	1966-06-10	70	75	7
210	1997-11-23	72	95	157
229	1959-02-27	97	4	13
269	1947-07-08	99	78	81
256	1993-07-26	22	43	20
275	1966-08-21	65	62	119
256	1972-11-27	37	41	92
228	1971-01-29	59	91	23
295	2002-09-27	56	39	13
281	1971-11-12	59	2	6
248	1991-03-11	35	21	38
225	1953-03-07	31	63	31
242	2018-06-10	76	50	201
202	2012-03-20	71	58	138
237	2018-10-02	19	10	118
257	2015-04-08	39	86	100
277	1965-12-31	76	51	144
214	1989-01-18	41	30	109
259	1973-09-28	80	17	45
288	2014-10-31	57	54	124
204	1949-06-30	67	61	121
247	2015-04-19	98	85	30
264	1945-10-24	63	84	196
215	1944-11-13	92	57	115
207	1947-03-19	74	12	184
281	1943-02-19	81	74	180
208	1984-05-10	51	86	82
228	1944-11-22	46	54	112
237	1950-01-17	23	77	180
296	1974-10-26	11	88	68
232	1951-04-03	50	35	112
223	1994-10-15	76	28	70
250	1956-10-29	34	0	171
279	1945-10-26	14	55	32
219	1946-07-08	3	61	174
277	2000-08-30	44	58	38
216	2010-12-18	91	85	196
214	1958-02-13	57	28	17
214	1954-10-21	79	97	94
260	1980-07-23	80	97	69
250	2015-03-01	90	41	56
224	1945-04-10	74	48	40
248	1946-09-25	34	47	74
292	2000-09-09	9	80	68
227	1971-02-05	88	16	47
278	2009-06-05	81	16	174
202	1940-02-07	26	3	32
247	1961-05-17	16	58	28
227	1941-12-23	3	26	119
293	2008-03-27	82	95	22
259	1955-04-23	71	62	201
235	1957-09-23	99	39	124
229	2009-06-25	24	51	197
274	1994-10-13	60	82	130
232	1970-01-18	88	31	112
241	2012-10-26	60	20	188
246	1965-01-10	56	21	69
269	1960-05-07	76	66	151
241	1967-06-13	74	69	83
255	2007-01-16	37	93	27
248	1958-11-17	34	22	153
217	1959-07-11	16	2	130
224	2006-04-01	17	53	143
263	2000-03-12	21	67	63
233	2007-02-09	64	31	11
213	1988-02-03	1	51	77
281	1968-01-10	21	90	61
271	1996-12-27	63	19	192
258	1993-02-22	72	31	121
251	1994-09-26	37	95	122
224	1984-01-07	82	68	22
294	1969-06-13	62	65	100
240	2013-03-27	43	89	18
204	1952-11-14	24	99	66
277	2004-08-17	99	51	152
298	1959-04-26	68	37	178
204	1947-09-15	83	94	161
266	1995-12-22	73	49	139
238	1962-01-24	78	66	83
241	2007-04-08	76	98	72
279	1977-04-14	58	55	189
287	1992-09-12	21	28	51
276	1975-11-15	94	72	50
244	2007-05-30	51	50	181
272	2006-04-04	97	70	161
273	2015-01-30	51	61	37
255	2010-09-16	13	54	171
275	1994-08-02	60	24	70
216	1965-02-22	27	46	159
276	2017-01-19	20	68	186
223	2006-04-18	65	90	116
228	1992-05-16	53	22	26
270	1957-12-14	62	47	55
242	2011-06-18	66	48	109
300	1953-08-02	42	51	102
242	2008-11-27	33	92	44
273	2019-06-07	42	84	121
236	1950-05-25	85	55	125
217	1998-01-28	48	94	54
272	2009-05-12	40	26	16
297	2011-08-31	33	71	117
234	1966-10-09	56	97	115
231	1947-02-10	21	62	50
205	2014-05-24	61	69	192
287	1966-01-11	51	15	167
202	1983-09-06	87	25	31
290	1961-09-09	97	87	151
227	1945-12-18	73	0	146
265	1975-12-02	31	5	159
294	1945-09-06	35	17	36
267	1962-05-29	86	45	182
246	1959-02-20	61	93	57
254	1992-04-07	56	59	117
222	1951-04-23	19	91	184
291	2005-05-13	70	4	158
300	1963-11-29	61	27	65
215	2020-06-26	54	51	20
270	1980-05-20	2	21	52
234	1978-05-14	30	64	167
260	2007-10-16	25	66	122
288	1986-01-09	71	17	74
230	2002-10-13	51	82	194
209	2018-12-22	56	59	168
236	1964-10-30	13	78	88
285	1978-12-15	53	20	126
230	1953-12-23	49	22	17
203	1994-11-23	20	54	63
298	1976-05-15	28	48	32
201	1979-12-16	42	22	112
278	1970-06-11	64	46	174
209	1981-01-24	43	18	128
294	1968-06-07	45	51	2
270	1960-05-19	9	24	122
246	1999-08-12	65	17	68
299	1977-07-17	27	31	115
