219	1942-12-16	43	46	68
218	1967-07-23	38	67	177
221	1989-06-28	35	27	176
241	1960-10-30	3	72	115
221	1947-06-26	36	42	99
230	1979-06-07	39	60	190
242	2003-10-11	61	48	168
277	2020-05-02	73	54	27
263	1947-01-21	88	70	170
220	2013-10-09	53	99	3
267	2009-12-13	47	99	121
262	2002-10-10	12	88	114
295	1941-01-24	4	18	107
210	1950-03-20	58	63	47
202	1980-09-05	53	7	30
211	1990-11-19	50	100	15
204	1987-04-21	18	86	124
269	2003-10-11	31	14	5
215	2003-04-06	12	16	84
295	2017-06-02	19	67	119
213	2018-07-07	44	82	167
265	1941-08-25	13	73	159
249	2013-05-05	66	59	183
243	1983-01-10	33	50	100
212	1965-10-07	28	39	142
297	1968-06-01	54	80	164
224	2013-03-17	60	26	94
239	1998-10-25	35	34	62
252	1985-08-27	27	11	40
252	1951-03-20	12	85	178
274	1974-11-30	30	15	105
206	1967-08-19	29	51	123
201	1971-01-25	49	50	193
279	2008-01-17	29	51	52
289	1985-02-13	77	2	44
242	2018-10-27	17	36	45
264	1980-04-15	34	84	48
294	1961-11-23	94	3	153
284	2005-07-24	74	48	49
237	1998-07-18	52	76	124
249	1977-06-06	94	8	109
273	1949-11-15	58	61	96
295	1979-08-24	7	30	179
202	1997-11-28	77	100	84
252	1953-12-29	4	43	182
274	1981-10-22	63	27	158
212	1988-11-12	36	50	81
217	1995-06-21	63	28	193
213	1973-03-22	47	11	181
207	1959-04-16	49	98	78
245	1974-07-01	24	3	31
268	1985-04-12	82	18	21
224	1988-06-19	47	17	130
249	1958-07-30	91	89	135
272	1987-02-04	63	32	178
238	1954-10-16	44	83	50
206	1984-08-29	47	10	197
226	1995-12-14	90	45	153
268	1964-12-28	90	82	123
229	2004-04-05	12	16	9
241	1975-08-30	97	86	48
249	1955-06-20	92	33	96
274	1969-10-19	33	60	32
274	2000-07-16	100	64	25
254	1949-05-05	30	21	144
246	1998-06-06	22	14	74
247	1992-07-19	99	57	14
284	2014-11-29	84	90	98
256	2013-07-07	22	67	86
216	1993-01-02	14	30	102
261	1961-12-08	67	37	110
255	2015-04-15	41	39	125
283	1981-12-09	80	46	49
299	2016-07-23	82	74	139
263	2013-06-11	20	87	179
254	1981-06-28	79	54	150
227	1948-04-22	35	34	161
282	1965-02-03	28	28	146
220	1986-08-26	34	34	126
266	1941-01-10	48	29	40
241	1945-09-08	94	45	54
257	1971-12-07	19	3	51
223	1946-05-13	56	53	185
277	1964-05-08	69	81	66
202	1981-03-27	12	83	52
214	2019-06-17	37	13	92
298	1952-08-03	92	67	171
255	2013-09-14	21	33	177
260	2013-02-20	25	81	21
225	1982-07-05	71	82	80
218	1996-05-18	89	64	19
285	1973-07-05	24	48	185
266	1982-09-13	14	53	146
235	1965-08-11	12	70	169
210	2020-09-03	54	61	143
228	2009-02-02	27	37	2
205	1966-01-15	62	98	5
218	1982-08-24	47	42	144
272	1972-05-07	41	97	23
292	1981-11-09	1	72	14
295	1993-05-07	7	36	97
202	1971-10-14	67	50	162
244	1974-04-21	65	19	128
237	2002-06-20	42	2	32
282	1969-07-21	6	48	130
204	2016-10-02	53	1	50
203	1950-02-26	10	23	59
247	1979-07-24	40	80	121
238	2000-01-16	95	46	76
295	1952-02-01	77	13	167
276	1976-10-18	44	95	143
214	1997-07-25	2	28	128
216	1948-12-25	28	60	14
267	1999-12-26	35	36	141
236	1953-05-13	24	30	187
280	2013-01-26	61	31	186
287	2015-06-13	38	92	96
286	2009-10-05	89	18	158
236	1970-10-06	37	17	183
282	1950-02-26	66	21	9
243	1997-07-23	54	99	197
226	1957-11-30	75	12	183
273	2006-03-18	41	61	99
277	2006-10-16	91	81	41
266	2008-06-25	58	17	165
240	1981-11-23	57	57	13
201	1944-04-03	73	93	2
211	1996-11-05	40	56	70
242	2008-02-25	2	22	28
265	2002-04-16	51	16	37
227	2016-08-31	95	14	187
292	1949-01-16	39	29	200
296	1964-03-11	7	44	198
284	1951-07-29	33	24	121
254	1992-04-23	19	73	94
271	1941-06-22	23	39	51
248	1947-08-20	69	56	38
251	1988-06-26	85	29	118
287	1971-03-23	73	17	153
257	1957-02-02	94	95	120
275	2017-01-03	78	77	171
209	1966-07-28	25	73	173
273	2020-01-15	29	38	151
292	2011-01-27	95	70	114
266	2015-06-26	75	90	17
262	1988-04-07	97	9	63
249	2014-04-12	29	81	91
257	1945-05-08	15	95	27
263	1980-04-30	94	83	198
210	1984-12-25	85	9	192
279	1987-02-11	20	27	73
213	1961-10-16	8	20	93
266	2010-06-25	36	79	110
210	2012-09-13	62	17	146
298	1994-03-09	96	7	86
223	1955-09-16	87	86	1
236	1986-03-15	94	55	85
280	1987-06-19	54	10	102
210	1979-10-18	91	44	142
281	1979-01-01	52	83	45
205	1972-01-14	77	80	6
212	1988-06-03	91	64	139
209	1947-10-01	41	95	90
213	2006-09-29	34	67	55
277	1994-02-06	42	42	67
270	2017-04-15	0	65	181
285	1959-05-22	59	35	127
246	2015-07-31	34	2	156
294	1958-01-23	23	54	134
268	2007-01-10	48	4	24
218	1997-01-01	0	92	34
232	1980-01-31	16	17	71
294	1985-01-08	27	12	123
271	1976-11-07	44	55	195
290	1975-02-04	26	55	187
231	1979-12-20	32	80	102
266	1954-01-20	86	78	182
259	2019-10-04	38	10	177
295	2018-12-01	73	61	135
201	1988-06-11	85	32	76
266	1978-11-22	3	1	7
266	1954-05-22	78	92	187
239	1955-02-21	36	43	187
257	1965-08-07	93	71	148
267	1995-06-29	22	43	184
297	1962-11-05	86	47	45
269	2016-06-25	0	37	59
206	2016-05-20	66	5	146
248	1950-12-27	38	42	33
276	1973-12-25	52	7	143
285	1963-03-03	69	22	132
232	2005-06-28	29	39	60
223	1943-12-25	97	55	61
253	1963-08-24	66	71	107
288	1989-11-27	1	25	158
292	1975-01-14	86	27	93
203	1944-04-13	36	95	177
274	1969-04-08	13	100	132
211	2016-06-23	16	30	43
280	1992-02-09	69	40	135
202	2003-11-27	17	44	103
268	1973-04-26	8	35	158
244	1983-07-05	0	46	174
276	1962-04-28	62	10	9
297	2007-08-27	39	49	188
252	1954-06-17	67	71	143
230	1941-09-03	45	50	3
234	1956-06-21	99	96	11
231	1976-03-19	71	72	8
205	2006-12-31	87	19	16
258	1942-10-16	88	12	103
234	1951-08-24	60	51	106
223	1983-09-04	3	79	119
231	2008-10-24	52	61	94
202	2002-04-23	42	34	86
233	1952-10-23	86	50	89
233	2014-02-16	98	8	108
225	1985-03-03	2	51	165
254	2008-03-14	11	69	161
221	2009-05-17	1	20	90
235	1999-09-19	76	89	7
269	2003-03-28	47	74	61
265	1981-09-30	74	16	41
223	2018-03-30	25	84	46
236	2003-05-18	43	6	157
296	2005-08-16	42	60	147
213	1987-03-24	65	44	124
259	1985-09-09	16	96	87
295	2013-11-21	78	5	44
245	1977-11-12	66	24	163
237	2014-12-31	65	46	143
235	2012-12-19	29	68	159
286	1992-03-18	19	78	69
253	2018-05-05	24	97	186
233	1944-02-17	46	37	60
246	1956-07-16	37	65	32
279	2004-07-09	18	30	34
216	1960-05-05	16	65	20
295	1976-04-06	52	22	80
228	1960-07-03	73	94	30
232	1986-05-27	96	82	29
275	1959-10-10	28	38	57
256	2017-09-03	13	29	54
258	2015-08-01	0	3	86
232	2005-11-25	39	19	199
264	1956-12-22	91	92	198
288	1965-08-16	98	13	37
229	1959-09-18	97	56	150
221	1987-05-10	4	63	34
278	1949-09-01	66	77	136
203	2000-09-08	87	81	68
269	1987-02-02	22	77	133
265	1941-12-11	24	47	167
269	1986-06-10	32	83	126
249	1940-05-14	30	49	68
278	1993-06-02	22	46	111
236	1993-11-29	85	78	158
229	1952-03-09	31	70	72
277	1974-04-16	30	67	69
254	1946-06-23	53	84	93
212	2008-05-16	48	39	128
223	1953-03-26	80	88	95
297	1990-12-31	76	28	10
300	2006-02-04	54	53	151
232	1949-04-12	72	19	56
204	1963-06-19	84	62	148
221	1993-10-19	27	16	70
257	1947-10-09	23	94	138
263	1974-10-03	25	31	51
244	2012-04-17	17	94	32
220	1945-03-15	92	39	7
295	1957-11-23	86	60	162
236	2003-11-06	1	51	192
236	1941-03-27	16	6	78
