227	1979-03-08	82	93	172
285	2004-07-29	59	52	39
232	1991-11-26	55	34	123
298	2002-10-24	3	52	167
259	1973-02-06	78	91	6
203	1957-10-14	13	61	107
206	1979-07-10	22	78	144
215	2020-01-23	11	16	162
229	1968-03-13	71	55	108
275	1955-04-06	78	9	170
218	1940-04-10	25	4	72
264	1949-09-22	60	75	183
206	1949-12-03	8	78	71
295	2000-05-17	14	9	74
290	1986-03-24	96	4	5
231	2005-10-08	89	17	29
245	1981-01-11	93	89	17
223	1972-07-30	45	55	97
203	1964-08-30	46	55	20
208	1960-04-05	15	32	10
258	1970-05-28	60	87	195
269	1943-11-16	4	29	173
227	1973-02-19	39	68	197
296	1978-01-23	75	90	14
209	1956-09-25	25	91	86
244	2003-12-08	60	40	6
296	1940-02-28	60	93	37
270	1953-12-21	62	91	189
216	2019-09-13	94	57	2
250	1954-03-07	27	57	72
207	1971-10-14	11	53	98
229	1959-12-12	81	25	165
289	1953-05-15	92	42	4
244	2009-10-17	59	91	86
260	2019-04-02	84	7	6
247	1970-12-16	44	10	139
292	1977-12-16	15	64	30
298	1961-06-22	15	18	140
235	1959-01-22	48	49	10
210	1958-09-05	5	76	200
276	1987-07-25	79	42	89
235	2011-07-30	6	19	61
221	1981-05-22	18	92	89
299	1971-12-09	29	44	184
252	1991-01-15	34	55	112
282	1946-06-17	43	84	6
204	1992-08-17	72	7	117
268	1940-09-24	65	24	10
245	2011-12-30	95	60	173
296	1977-07-15	2	77	112
256	2019-10-26	24	88	160
256	1993-09-17	81	79	32
284	1982-07-05	26	21	19
206	1962-11-20	23	99	130
224	1964-03-12	70	90	41
202	2001-02-14	91	37	30
268	1944-11-14	100	68	59
278	1991-08-02	30	29	65
269	2015-05-18	0	24	28
263	1958-12-17	5	73	30
292	1946-11-13	91	5	49
262	2012-05-21	3	20	144
247	1996-05-14	17	54	135
282	2009-08-24	56	5	145
291	1967-12-30	86	9	156
288	1956-12-20	97	94	120
204	1944-01-03	30	70	149
255	1958-04-21	70	2	11
285	1962-12-08	28	31	121
261	1995-11-30	82	67	171
293	2008-09-30	51	13	123
265	1957-01-06	73	31	36
220	1981-07-04	8	52	152
275	1944-08-24	47	13	148
257	2002-06-01	85	15	67
216	2001-01-20	12	36	178
238	1970-02-27	95	25	168
234	1985-08-29	23	87	35
208	1991-04-07	71	80	70
237	1984-01-18	65	85	123
270	1944-04-12	4	80	125
253	1989-03-23	30	76	186
289	1942-08-15	90	61	135
258	1996-04-08	41	96	138
273	2006-05-26	50	76	5
284	2020-04-11	99	95	11
279	1992-03-06	57	10	161
245	2008-07-04	40	24	23
266	1987-06-09	23	20	79
228	2001-11-30	94	24	119
276	1994-04-06	11	84	31
273	1968-02-27	3	71	87
275	2006-07-17	36	91	112
244	1985-05-06	58	85	103
261	1956-08-28	52	67	107
276	2015-10-25	34	69	49
206	1940-06-22	39	70	79
278	1943-09-27	75	2	27
250	1985-08-03	6	63	45
216	1979-01-04	9	40	19
287	1965-12-19	72	59	43
251	1986-05-20	78	99	1
292	1998-07-04	20	18	200
238	1983-11-21	75	90	136
265	1955-05-06	90	32	157
298	1943-05-04	88	100	77
250	1946-05-31	81	1	135
214	1942-11-16	15	91	153
268	1956-03-22	76	29	3
240	1982-06-22	70	81	101
255	1987-04-19	12	89	170
218	1968-04-22	5	3	165
214	1958-02-05	96	63	148
279	1941-08-23	97	46	88
223	1959-08-03	68	5	110
232	1961-03-22	62	87	69
250	2004-07-12	82	74	119
296	1956-05-04	62	66	41
290	1992-07-05	87	61	90
218	1961-03-05	23	6	34
216	1942-05-25	47	55	82
251	1950-06-21	36	80	140
261	1993-01-22	96	0	127
220	1977-04-16	24	50	146
214	1961-10-14	27	15	85
210	1943-03-19	60	20	163
247	2018-10-01	4	0	40
203	1951-01-11	93	26	53
263	1978-11-24	7	85	65
251	1946-12-26	81	98	120
226	1940-09-15	6	0	17
227	1966-12-06	55	77	34
278	1951-09-02	23	98	80
214	1986-05-09	89	65	44
217	1987-11-04	9	93	113
248	2003-08-24	12	24	193
232	2000-07-30	80	88	3
204	2001-03-15	38	97	76
269	1979-01-16	12	40	138
223	1941-02-07	48	3	1
234	2018-03-28	24	100	73
272	1966-02-06	15	42	19
283	1966-08-16	75	75	37
235	1993-03-10	96	49	111
273	1942-06-26	59	85	88
250	1955-07-09	39	64	13
260	1989-01-24	15	44	118
223	1950-05-02	78	26	153
284	1945-01-28	25	3	48
249	1970-07-20	86	67	194
203	1949-06-08	29	89	116
260	2008-05-07	97	37	143
293	1941-09-07	62	34	69
258	2009-10-14	6	62	73
246	1945-02-25	78	92	107
219	1997-04-13	9	68	105
201	1995-01-21	22	86	81
278	1962-05-14	60	82	107
223	1987-04-09	42	55	30
211	1982-02-12	46	4	96
219	1955-03-24	67	56	47
221	1976-07-29	93	95	118
289	2012-03-10	18	41	118
214	1964-01-22	47	21	63
224	1975-04-24	75	93	112
203	1959-10-26	67	29	36
258	1995-05-11	33	86	1
278	1996-04-10	28	28	148
225	2009-04-09	55	27	29
298	1947-07-04	76	33	93
201	1992-12-30	92	50	182
258	2003-11-14	61	72	150
297	1985-01-27	87	5	4
242	1968-12-04	48	12	4
237	1978-08-19	2	77	65
236	2000-01-21	66	34	72
238	2016-03-07	94	45	27
261	1995-03-29	78	26	19
268	1988-06-21	54	17	190
279	1947-03-28	71	9	152
202	2018-02-09	79	68	85
204	1953-09-03	16	74	116
248	2000-06-07	1	5	166
277	1978-02-02	17	11	181
259	1947-10-10	57	2	177
293	2006-09-08	29	77	126
236	1977-01-23	77	35	201
292	1982-03-29	43	52	173
206	1994-07-04	11	14	183
273	2003-07-26	92	86	97
271	2013-10-14	84	86	166
275	1987-12-06	42	63	99
231	1974-11-22	70	5	48
232	2011-10-24	77	27	0
267	1975-11-24	7	48	45
283	1978-03-31	24	26	61
216	2014-02-01	56	49	0
286	1993-04-01	60	47	197
233	1996-12-25	29	96	45
295	2008-10-21	7	83	15
263	1960-02-16	98	16	23
296	2012-07-03	100	95	44
201	1968-01-09	6	78	174
296	1944-02-23	98	63	158
284	1944-07-01	2	49	70
255	1949-12-14	8	28	192
291	1960-08-19	12	7	113
247	1958-09-21	18	3	197
227	1996-02-19	92	72	198
287	1964-10-19	15	5	175
278	1971-10-26	60	36	142
299	1963-11-09	4	72	73
209	1961-09-30	38	82	201
254	1982-08-03	19	75	63
219	1989-04-02	21	51	134
234	1967-05-06	45	44	164
259	2004-05-08	94	83	78
258	1946-08-10	24	74	158
255	1959-11-21	48	26	176
276	1995-08-15	98	65	17
210	1968-02-18	20	52	50
279	1962-06-24	57	23	18
261	1950-05-07	50	44	21
254	2013-12-10	12	92	122
244	1955-12-13	57	37	69
273	2007-09-07	24	95	37
247	1996-01-09	54	73	119
