237	2006-09-01	93	60	123
291	2011-12-25	14	53	108
233	1966-07-04	95	94	62
268	1951-10-25	80	79	82
253	1982-10-05	39	30	171
287	1974-11-07	64	50	21
285	1942-05-01	49	8	83
290	1943-11-01	54	23	22
211	2009-12-05	51	11	188
203	1991-09-06	13	68	7
265	1963-04-20	22	25	6
245	1945-11-04	24	32	65
221	1983-07-07	62	45	68
292	1991-06-22	78	11	152
237	1984-01-13	88	89	179
262	1955-11-09	75	12	158
232	1945-03-21	92	63	4
284	2010-12-19	74	93	135
296	1969-12-17	8	0	65
266	2004-09-25	88	96	34
252	2000-11-14	36	31	92
292	1972-05-28	29	20	178
227	2002-02-09	86	98	46
206	2003-06-30	42	85	194
293	1961-11-25	90	0	121
207	1984-03-26	57	89	72
260	1961-07-06	95	43	133
279	2018-04-03	66	69	98
256	1975-06-09	27	35	75
277	1942-01-01	56	55	99
291	1999-12-24	44	72	197
285	1973-06-17	13	35	81
286	2009-09-22	72	14	65
292	1985-12-10	23	15	45
243	1979-07-13	19	0	23
273	1983-04-27	79	46	127
268	1984-02-08	30	44	37
261	1998-08-05	49	99	122
226	2014-06-29	84	79	133
286	2000-01-11	33	19	26
211	1941-02-18	52	52	25
206	2003-10-22	9	32	46
256	1997-09-26	3	48	170
276	1994-10-20	93	80	55
254	1976-03-15	54	71	150
241	1941-04-21	91	4	153
243	1963-06-13	99	49	14
254	1996-09-26	56	35	25
300	1991-02-07	54	28	3
201	2005-01-15	11	92	172
264	1941-11-17	11	49	110
297	1999-04-01	49	1	169
267	1960-01-12	88	47	178
201	2016-05-04	86	40	85
280	2007-07-18	86	16	178
215	2005-05-21	3	17	103
280	2018-03-23	62	31	153
256	1992-06-26	51	36	21
233	2006-02-28	30	81	163
209	1978-11-23	92	59	195
278	1953-03-09	99	68	35
253	2006-03-02	14	44	127
245	1948-03-17	16	60	99
217	1952-02-14	57	9	129
207	1981-06-24	15	20	68
215	1962-05-09	43	43	190
204	1982-05-29	11	38	122
257	1995-08-12	41	72	193
273	1981-06-06	16	30	59
290	2011-09-23	51	35	148
273	1971-05-03	53	96	192
214	1991-07-17	46	68	147
256	1982-02-07	57	4	175
223	2020-05-16	7	92	11
235	1965-07-05	79	68	39
256	1969-08-04	66	19	88
221	1988-08-18	72	63	31
235	1968-11-26	16	17	12
272	1993-02-22	41	55	157
285	1953-08-16	79	41	115
281	1958-11-14	76	92	127
270	2010-06-08	39	34	79
220	1994-04-05	41	0	160
206	2018-06-11	89	32	113
295	1950-12-25	100	74	195
275	1994-03-01	72	70	91
283	1995-06-26	62	21	78
223	2004-03-18	94	100	163
255	1969-03-27	72	82	39
294	1986-06-20	45	30	66
227	2010-01-18	16	32	65
293	1947-07-19	39	53	163
268	1962-11-21	77	55	22
288	1968-09-25	53	7	157
249	2003-09-21	4	48	77
205	1985-02-08	3	31	110
205	1959-08-13	18	49	102
233	1942-09-28	66	76	78
202	1989-12-04	97	1	126
281	1990-05-24	73	79	168
204	1994-08-30	4	34	62
230	1986-07-02	50	45	77
281	1990-10-05	23	24	14
223	1970-09-12	21	76	119
225	1959-09-24	43	87	197
229	2019-02-03	25	66	60
218	1996-08-19	8	8	163
244	1984-06-02	52	21	17
282	1992-09-13	18	35	75
277	2005-10-20	52	35	196
273	2014-11-18	65	65	31
217	1950-01-28	73	16	153
277	1996-09-15	94	74	200
236	1948-05-26	31	37	185
221	1949-11-27	83	35	34
201	1969-02-23	87	4	6
265	1993-08-16	27	23	159
220	1992-01-17	53	49	170
276	2013-07-31	28	88	190
235	2000-02-07	29	64	97
207	1965-11-18	64	31	187
289	1990-09-18	73	88	94
288	1998-03-22	83	73	73
280	1944-12-30	86	42	182
201	1985-02-21	49	53	22
260	1968-04-19	63	16	124
287	1988-09-04	19	90	46
260	1948-11-18	46	73	6
221	2003-06-24	91	41	77
219	1986-09-01	4	77	31
290	2002-04-07	78	30	164
267	1966-11-12	28	87	28
263	1963-08-19	95	45	193
219	1949-08-19	66	73	109
234	1944-03-28	13	68	85
249	1973-08-13	47	11	182
272	1997-03-16	97	76	193
232	1942-11-13	28	47	1
261	2007-03-07	39	68	99
262	1944-06-12	62	42	145
201	1984-09-17	51	98	75
230	1971-08-29	44	9	39
295	1984-06-17	89	97	65
204	1949-12-30	78	57	140
262	1995-09-29	84	97	20
286	1958-12-01	24	77	34
296	1950-05-15	73	86	24
259	2019-02-28	45	74	105
282	1977-09-24	32	22	21
259	1949-09-30	43	10	159
236	1974-09-29	74	29	179
284	1948-04-11	4	19	81
251	1972-11-21	74	95	127
291	2015-04-30	23	16	32
288	2005-08-29	22	79	16
218	2015-02-16	22	87	109
293	1975-03-04	34	36	123
249	2014-10-13	1	0	122
295	1942-01-22	72	51	56
263	1991-11-04	83	49	138
207	1996-11-15	61	46	108
246	2016-10-30	99	59	33
293	1987-11-22	45	6	42
293	2008-05-06	87	7	131
244	2014-02-07	56	50	66
257	1986-09-19	54	66	127
206	1973-09-16	38	58	123
265	1951-07-17	40	78	119
289	1967-12-27	81	51	74
210	2008-07-13	54	49	78
219	1964-01-25	12	100	11
234	1950-02-24	24	65	34
280	1970-09-03	97	38	50
291	1956-02-13	5	13	21
266	1950-08-19	44	29	153
236	1978-07-20	100	33	171
220	1970-03-29	11	38	45
292	2001-03-11	19	23	58
300	1943-03-16	27	79	73
209	2011-09-21	26	59	184
287	1940-10-01	3	21	108
275	2008-04-28	20	49	31
225	1945-10-08	43	68	187
260	1969-07-26	86	63	131
217	1981-12-03	78	97	193
283	1966-05-16	15	36	177
240	2009-10-31	98	78	87
234	1994-07-07	22	44	178
223	2006-03-01	24	57	96
211	1953-12-20	35	13	88
201	1950-12-28	9	52	38
274	2004-04-14	1	94	122
289	1962-01-19	88	91	31
230	2004-07-21	98	16	199
255	1974-06-03	21	30	24
231	1962-04-27	66	57	18
224	1955-06-07	15	75	27
224	1976-05-10	56	0	154
264	2015-05-04	5	100	136
298	2019-05-07	73	84	127
224	1966-12-11	16	75	79
268	2005-05-31	52	45	151
227	2019-01-17	8	2	36
220	1959-11-20	34	1	101
262	1964-05-24	1	72	96
219	2018-05-03	83	40	92
254	2015-01-01	45	34	29
231	1984-03-10	49	93	67
281	1951-12-17	11	92	50
227	1945-01-14	77	78	74
285	1985-12-23	87	32	32
297	1972-11-05	91	35	141
205	1977-12-16	42	50	85
202	2012-04-01	1	87	109
278	1974-01-02	38	14	189
284	1971-03-30	64	1	71
272	1980-03-29	52	8	85
208	1964-08-05	19	91	191
254	1979-07-29	79	94	134
234	1981-11-12	95	34	75
288	1982-09-18	5	22	51
234	1983-04-27	84	96	128
248	1945-04-04	21	40	187
257	1989-03-29	19	0	26
297	1952-08-18	15	20	97
227	1960-06-19	48	82	99
257	2003-08-16	75	25	134
213	1978-09-15	43	16	28
253	1968-10-06	51	86	66
286	1983-03-01	99	63	16
280	2019-09-04	66	20	43
291	2001-05-19	7	90	167
210	1966-11-04	12	7	10
294	1947-02-22	38	93	28
285	1949-05-01	86	36	176
216	1962-06-23	55	37	158
264	1980-01-09	69	9	134
291	1954-06-18	82	79	106
284	1954-12-08	31	63	46
297	1941-01-28	43	88	78
272	1997-02-11	52	3	31
203	1994-07-05	68	71	67
249	1960-08-17	53	4	65
287	1984-07-19	38	32	97
231	2019-03-10	87	94	62
215	1964-05-01	62	74	58
231	1976-10-21	88	30	38
267	1974-10-18	95	25	130
236	1956-05-02	24	28	125
233	1981-06-10	99	71	50
282	1951-09-08	23	88	87
269	2002-11-05	90	22	40
205	1954-01-06	23	59	12
218	1988-08-03	51	48	137
273	2005-11-04	82	49	24
233	1962-06-28	65	82	86
230	1992-06-27	28	35	117
256	1997-11-27	79	41	34
230	1949-08-24	27	3	47
269	1987-06-14	66	62	106
279	1967-02-28	95	40	89
247	1992-07-02	93	65	108
287	1992-10-31	84	77	3
262	1981-03-11	73	17	182
211	1999-07-16	3	40	71
272	1976-09-21	58	69	152
