218	1998-03-09	89	51	185
216	2004-04-24	15	97	68
261	1968-09-11	48	83	22
223	1975-03-21	58	72	195
257	1994-09-26	48	89	127
234	1962-01-25	6	52	85
207	2008-01-25	34	34	139
290	2019-06-10	81	81	116
208	2014-05-09	60	70	25
247	1944-01-03	31	100	31
292	1971-08-05	83	76	45
234	2007-12-29	39	56	105
247	1956-06-07	17	81	94
215	2015-04-09	93	99	117
299	1982-03-22	53	5	49
217	2011-08-30	4	32	15
250	1999-06-25	80	20	149
259	1953-11-14	59	14	81
286	2011-11-10	88	35	189
215	1954-12-01	3	34	19
261	1967-12-01	49	70	38
232	2008-03-04	47	84	116
275	1988-09-03	4	27	125
239	1940-08-24	13	57	111
284	1942-09-12	80	42	74
220	1978-05-09	35	53	136
235	1976-08-06	10	72	112
208	1943-12-12	100	42	36
228	1984-02-15	78	66	190
219	1984-09-13	31	85	5
248	1994-09-10	0	44	147
232	1974-02-04	44	23	39
206	2002-09-17	15	18	113
280	1970-05-20	81	47	152
220	2015-05-02	10	36	54
211	1975-06-28	79	10	149
233	2008-07-24	63	84	64
250	2004-01-23	89	67	103
296	1958-12-15	78	55	190
242	1973-09-27	11	77	2
227	1991-09-02	15	12	116
210	1954-07-27	93	65	44
278	1983-08-20	20	80	109
230	2013-06-15	9	21	75
203	1980-12-02	46	56	161
212	1947-10-01	70	35	98
278	2012-07-19	21	90	13
284	1995-12-27	92	7	201
297	1987-06-25	66	58	64
299	1965-04-15	4	73	120
256	1973-06-03	65	37	163
261	1948-08-09	51	55	40
203	2005-10-01	27	74	22
233	1993-02-19	88	68	161
297	1965-07-27	47	88	64
222	1941-03-06	62	78	94
277	1959-11-24	51	72	57
268	1966-06-15	69	4	147
244	1967-10-23	71	73	112
294	1978-06-16	8	60	141
289	1949-03-25	9	55	92
260	1956-04-21	42	25	107
297	2000-01-03	55	44	11
252	1975-04-27	86	49	119
274	1986-12-29	53	85	67
280	1983-01-16	59	37	104
223	1978-08-23	42	6	67
268	2010-01-01	79	97	148
272	1985-11-20	30	77	89
290	2010-12-06	62	51	188
207	1950-02-17	44	72	63
252	1959-07-25	40	88	1
258	2012-03-03	77	68	186
271	1976-03-16	97	41	10
236	1945-06-23	95	77	55
286	1947-12-01	88	92	101
300	1970-06-10	53	76	60
246	1990-03-12	72	27	110
283	1958-04-01	55	77	127
213	2007-06-05	7	91	167
253	1992-11-08	39	55	168
231	1946-09-18	25	100	26
283	1983-06-28	46	48	90
262	2012-07-10	69	62	76
272	1978-11-11	61	11	88
268	1996-07-22	14	100	177
284	2020-07-12	10	48	13
218	1984-02-13	88	43	126
247	1980-07-05	37	41	42
243	1967-02-12	55	78	93
291	1941-09-24	48	7	123
300	2014-06-27	57	95	162
227	1982-04-08	85	62	95
259	1943-04-04	84	76	124
277	1987-05-02	3	19	199
243	1963-01-19	23	65	173
239	1965-02-20	61	21	11
241	1969-03-05	11	62	32
217	2007-08-17	48	76	46
234	1978-09-14	28	56	72
240	2008-12-18	97	53	31
238	1986-11-16	80	22	63
267	2020-04-20	67	93	184
256	1951-12-13	25	37	23
281	1976-06-23	95	70	41
231	1960-09-20	8	0	106
