235	1977-03-29	18	32	39
260	2010-05-08	63	74	95
248	2013-02-23	99	47	8
251	1998-03-23	77	94	180
240	2013-07-12	56	97	119
260	1973-12-20	38	27	137
281	2019-12-18	76	86	74
299	1955-02-26	57	82	167
294	1953-10-06	38	76	184
295	1975-02-23	32	58	25
245	1946-02-07	44	82	128
206	1979-08-19	27	16	4
261	1972-08-09	44	92	86
224	2004-10-22	93	62	134
262	1976-05-03	42	79	101
236	2017-04-20	23	94	136
228	1954-01-21	28	34	0
217	1981-12-18	16	7	27
287	1997-03-12	81	40	36
262	1997-02-10	64	42	200
287	2010-10-22	28	55	67
211	1959-10-03	54	62	38
289	1991-04-21	40	65	94
278	1951-05-22	51	33	106
210	1953-06-07	69	54	119
216	1986-10-02	30	93	15
210	2000-03-19	13	67	93
223	2013-02-28	14	100	120
292	1993-08-02	61	40	40
210	2005-12-18	88	85	94
222	1992-06-24	29	30	195
250	2013-08-19	8	3	2
259	2006-09-10	83	91	98
235	2000-01-27	93	48	71
206	1952-04-24	40	2	124
237	1943-02-26	51	13	2
279	1950-05-06	90	16	79
275	2006-12-11	89	98	115
244	1974-10-20	13	18	38
280	1960-02-19	65	66	168
261	2014-10-20	32	34	32
299	2008-01-01	20	26	97
207	1942-03-27	22	16	131
295	2018-02-25	91	16	18
217	1973-04-14	11	81	21
209	1994-03-05	17	4	120
300	1948-05-17	27	15	77
277	2018-11-29	59	85	16
268	1945-06-11	83	23	192
223	1997-11-08	16	69	156
293	2001-08-25	97	27	180
226	2006-12-17	0	14	101
283	2008-05-17	30	61	33
288	1959-07-14	14	9	120
230	1951-06-01	64	37	142
280	2015-11-15	96	76	43
258	2004-12-04	79	43	125
216	1988-08-28	16	93	22
274	1945-11-21	94	68	36
248	1990-06-17	45	0	186
249	2001-05-19	64	77	102
272	1960-01-29	90	71	129
201	1969-09-12	70	8	128
213	1940-08-30	3	80	143
260	1973-01-01	77	15	20
231	1978-04-04	47	87	116
292	1977-04-08	93	96	158
268	2012-09-17	56	83	137
246	1966-12-26	48	1	48
222	1965-11-07	19	74	132
214	1971-11-10	34	68	134
246	1956-01-03	20	43	151
265	1993-10-01	97	66	87
245	1952-02-18	46	43	98
217	1971-01-18	61	4	22
266	2017-01-05	29	51	1
290	1942-02-23	17	81	34
274	2009-05-09	98	52	201
277	1945-06-08	15	48	7
263	1966-05-18	94	51	31
264	1958-10-29	74	73	199
258	1991-06-24	55	1	136
244	1976-06-17	17	62	148
255	2005-06-20	92	65	160
235	1990-01-12	39	38	5
234	1986-06-19	7	20	14
232	1958-10-15	65	42	94
262	1946-09-20	29	72	132
299	2000-01-06	14	52	8
207	2014-07-29	86	11	93
261	2020-04-04	59	81	140
220	1970-10-23	59	35	8
286	1949-05-02	99	37	34
272	1973-04-01	27	7	153
297	1949-08-01	69	19	80
294	1968-11-23	45	23	97
258	1978-06-10	24	44	124
263	2016-04-11	74	57	187
232	1979-06-24	67	86	34
293	1969-12-25	4	27	53
219	1982-02-10	79	67	145
268	1986-06-23	13	82	39
280	1947-05-29	54	8	182
262	1950-03-18	78	65	117
268	1944-05-07	91	96	105
282	1971-03-22	63	81	159
256	1999-12-07	87	93	130
244	1987-08-14	96	41	182
294	1978-06-12	76	95	178
214	1979-03-21	27	29	200
232	1985-09-01	77	54	163
213	1958-05-22	11	9	174
298	1948-11-18	50	53	161
280	2019-10-03	98	12	33
231	1944-01-24	85	0	33
294	2001-01-03	28	1	5
240	1998-10-23	15	94	165
204	1969-05-30	100	54	29
211	1977-02-18	23	7	24
211	1998-05-02	49	67	103
298	1998-01-19	71	79	30
212	1997-01-02	8	14	190
222	1943-04-25	20	44	33
266	2009-01-30	63	51	110
270	1960-09-26	100	14	80
268	1956-11-29	64	4	3
258	1961-02-27	100	58	155
228	2020-04-16	12	20	99
220	1962-08-02	84	11	45
290	1982-12-30	56	77	3
282	1963-01-10	23	99	141
268	1954-02-23	100	100	110
201	1956-09-04	21	88	149
216	2009-03-25	87	26	145
224	2009-12-29	52	95	194
230	1942-09-17	27	12	181
254	1976-01-19	64	11	120
241	1967-07-09	96	70	163
291	1964-07-24	88	50	99
226	1997-12-13	91	93	178
