202	2007-03-31	84	66	24
231	2002-02-11	30	94	80
283	2009-02-13	70	94	181
279	2004-07-23	6	15	189
244	2014-12-17	18	59	56
203	1993-08-27	76	35	22
216	1943-01-20	21	34	62
290	2008-05-06	74	33	47
262	1963-02-09	84	78	129
228	1942-09-14	77	48	5
245	1954-06-23	6	2	43
259	1995-11-09	15	74	57
234	1994-09-14	47	81	63
226	1961-09-02	3	52	26
237	1979-12-31	58	7	112
226	1956-08-07	0	99	23
231	2020-03-12	36	69	196
238	1976-11-15	15	28	110
218	1946-03-16	36	31	152
260	2020-08-28	19	68	50
229	1996-06-03	41	92	0
281	1940-10-23	19	30	20
293	2000-12-29	82	95	189
268	1957-12-14	56	81	37
278	1959-10-08	33	49	154
216	1972-10-25	81	67	82
270	2002-02-02	12	65	94
276	1991-06-13	71	52	49
221	2005-04-14	76	52	119
227	1994-10-24	79	57	176
256	1948-04-22	40	44	132
260	1950-10-07	65	87	91
290	1949-01-24	82	82	189
226	1989-05-01	46	0	196
208	1971-08-21	80	90	162
238	1946-08-05	57	53	125
282	2016-04-27	0	81	148
229	1986-12-15	37	93	27
213	2006-06-19	7	26	19
222	1952-09-22	37	98	137
209	1981-12-14	66	15	13
259	1984-01-08	15	55	0
216	1949-01-13	85	25	149
269	1956-06-18	82	16	184
261	2003-07-25	14	98	93
268	2005-02-05	66	77	14
262	1954-12-22	84	99	47
227	1981-07-24	49	25	154
239	1988-05-31	81	90	1
214	2010-03-07	43	18	4
244	1944-08-18	70	88	154
281	1974-01-03	2	93	37
256	1966-04-03	23	58	162
230	2006-07-08	9	48	167
234	1946-04-06	63	78	137
273	1959-02-16	29	97	22
295	1962-04-12	22	36	41
249	1959-12-14	71	39	143
295	1991-11-20	45	76	187
255	2001-01-23	51	47	201
287	1957-07-30	4	84	21
272	1965-04-08	61	31	3
285	1941-12-31	100	61	100
253	1973-03-09	95	72	196
278	1967-07-12	29	96	181
281	1952-08-18	57	64	188
245	1957-09-03	78	97	175
262	1998-10-23	60	12	154
260	1941-12-09	15	53	113
207	1958-04-21	41	4	192
278	2016-09-22	24	60	201
238	1974-11-28	61	75	42
204	1979-07-17	69	63	59
269	1940-10-31	8	13	40
269	1990-07-03	35	39	71
243	1973-05-07	78	86	91
249	1994-03-14	62	80	16
233	1980-03-02	44	10	58
230	1967-10-21	54	41	139
210	1959-03-20	75	69	183
216	2016-05-25	89	38	12
284	1979-05-20	2	51	199
232	1962-06-26	77	41	191
227	1952-02-19	5	97	117
282	1954-04-01	88	4	83
297	1940-12-15	10	42	13
273	1940-11-18	42	20	78
254	1998-01-19	80	44	157
253	1964-05-04	61	21	87
224	1953-07-15	86	29	32
273	1946-08-06	12	41	79
298	2005-11-05	95	68	35
258	1978-02-04	33	24	24
281	2020-07-23	51	88	137
243	2004-09-01	83	16	81
289	1947-10-27	15	52	58
250	1950-01-18	95	55	79
284	1999-05-15	41	27	94
295	1995-02-12	1	23	151
231	1990-06-19	23	88	130
248	1965-07-30	83	86	97
226	2019-01-02	55	89	95
283	1992-04-22	41	72	96
289	1969-07-31	3	17	121
287	1953-07-06	28	7	22
283	1952-04-07	3	74	153
274	2020-01-06	31	12	14
261	1942-05-31	66	0	42
281	1957-06-04	70	56	108
258	2017-02-09	12	27	173
263	2018-09-24	60	43	111
205	1945-09-07	5	1	34
216	1992-08-17	90	36	8
243	1952-05-07	76	53	97
276	1960-01-11	51	87	42
279	2003-06-22	69	36	104
294	1985-08-24	29	16	146
262	1974-05-15	22	99	58
255	1949-02-07	90	99	128
279	1986-11-09	2	95	150
279	1978-12-06	64	15	93
209	1994-05-14	67	61	113
281	1981-01-04	44	87	7
259	1987-01-05	26	63	120
249	1965-07-23	98	76	182
297	1993-05-24	21	18	22
297	1991-07-24	96	18	71
262	1959-04-23	40	37	165
205	2012-12-06	50	62	166
276	2011-08-07	89	64	73
240	2020-02-08	3	36	106
214	1944-01-23	81	37	112
229	1942-02-03	4	85	95
202	1962-03-09	29	77	147
261	1944-07-19	93	66	3
254	2000-09-09	92	27	190
252	1977-10-15	14	43	70
215	1964-10-08	2	60	170
229	2001-10-30	84	94	73
237	2014-01-22	63	48	20
201	2012-06-12	20	78	92
263	1956-06-04	78	83	103
216	1952-12-18	78	69	137
254	1959-12-16	24	30	105
284	1966-09-07	13	16	17
299	1991-10-26	62	88	119
210	1975-11-29	24	29	45
221	1951-12-27	75	28	77
290	2009-12-17	53	32	3
300	2008-02-21	64	24	184
238	1989-01-04	42	84	118
205	1992-12-01	74	8	48
237	1979-02-20	71	70	114
213	1941-02-04	11	32	114
291	1941-04-02	54	17	95
204	2012-07-05	27	82	51
276	1940-05-11	67	78	134
291	1970-06-01	99	59	187
234	1982-03-30	70	44	166
232	1994-10-28	46	12	171
221	1991-02-04	91	7	49
224	1971-06-19	98	94	10
231	1955-03-28	62	57	12
