213	2000-01-02	92	15	197
241	2005-01-11	75	43	137
218	1966-01-16	100	77	132
250	2005-01-02	82	87	193
223	2005-06-20	19	75	117
225	1961-05-13	35	61	89
251	2009-09-15	79	24	26
298	2007-03-01	9	39	118
294	1992-06-12	94	35	197
258	1954-09-22	3	40	28
221	1969-09-09	57	47	90
257	1951-11-28	19	47	30
288	1958-04-21	70	97	114
252	1953-11-27	61	95	190
244	1961-03-29	66	92	74
218	1953-03-26	86	19	78
271	1957-07-13	79	40	102
241	2019-12-06	17	3	193
220	1985-11-27	74	61	44
232	1974-05-18	64	14	132
299	1966-10-29	100	71	130
287	2008-05-08	42	52	0
214	1971-01-31	67	55	197
261	1983-10-21	83	15	153
285	1985-01-04	84	11	41
287	1973-04-19	6	78	180
291	1974-12-06	29	87	64
279	1989-09-17	90	29	6
270	1986-09-30	0	42	59
227	2014-04-28	56	58	109
277	2000-06-18	19	25	112
270	1955-11-17	82	86	195
212	1990-12-21	90	100	182
202	1952-03-03	48	32	45
204	1943-10-14	37	65	101
234	1951-10-11	46	4	90
207	1942-01-12	77	18	175
276	1940-01-11	66	26	42
288	1981-03-29	25	98	149
298	2004-08-05	28	64	112
211	1960-01-10	96	97	53
287	1993-08-05	42	0	136
289	2019-03-11	85	16	163
205	1982-04-11	98	17	94
237	1968-06-03	99	100	186
255	1993-11-29	100	27	112
280	2005-03-15	89	3	51
209	1998-02-27	51	98	179
250	1970-03-16	77	55	181
299	2013-01-28	55	40	11
226	2006-12-14	45	1	96
232	2010-08-11	30	36	7
269	1976-04-23	15	26	6
226	1974-10-18	17	75	107
233	1953-08-15	50	24	9
237	1951-11-16	14	13	139
255	1954-01-03	36	69	18
257	1991-04-27	46	81	28
214	1990-11-08	62	19	37
221	1946-04-28	85	43	23
230	1943-05-25	68	11	194
248	1968-05-24	2	33	182
234	1992-10-15	54	84	186
298	2019-03-10	48	73	144
221	1948-02-02	31	13	90
252	1949-07-13	99	91	36
275	2002-05-24	46	6	153
221	1946-08-26	77	28	0
263	1976-12-15	66	45	6
253	2007-06-21	33	47	199
208	1994-04-30	2	15	150
205	1952-06-19	10	62	152
284	1949-08-02	72	7	18
233	2008-06-06	12	34	175
261	1982-10-16	37	40	120
231	1960-10-05	7	24	84
222	1996-03-03	48	0	72
261	1980-10-26	43	74	186
282	1988-03-24	47	59	94
272	1962-11-25	11	91	49
261	2002-01-29	4	42	25
253	1987-10-09	65	76	177
253	1957-11-30	98	26	150
212	1991-06-19	27	79	98
261	1967-08-21	42	91	154
218	1991-03-20	93	68	13
253	2005-03-19	31	93	126
251	2001-12-08	25	33	51
281	1945-01-09	70	97	21
232	1970-09-15	71	83	37
296	1981-09-07	43	52	58
242	1981-08-03	53	30	188
231	1978-06-26	24	56	167
285	1948-01-15	24	38	161
294	1941-06-09	35	19	76
255	2002-02-15	82	90	159
208	1978-09-26	98	32	144
296	2005-12-20	94	39	33
214	2001-07-22	36	33	192
229	1970-01-23	57	70	3
221	1960-01-04	61	85	193
270	1997-05-11	22	99	122
238	2009-05-20	70	69	145
215	1974-07-31	23	50	79
212	1950-02-21	97	30	106
292	1960-02-27	55	75	13
239	1997-02-22	33	41	102
257	2003-09-18	27	29	93
222	1988-01-06	85	18	82
256	1966-10-17	29	35	121
268	1973-11-03	14	69	158
272	1960-07-30	87	40	129
296	1943-04-06	68	60	108
253	1964-06-21	4	31	54
244	1993-11-22	34	95	13
291	2011-04-04	54	71	139
294	2005-09-20	58	73	0
282	1993-01-22	31	91	136
295	1965-05-10	70	57	124
210	1949-01-25	39	27	198
260	1948-10-08	15	15	173
295	2001-01-06	73	73	120
298	1995-03-15	68	58	47
225	2003-11-22	73	69	84
239	1975-12-14	85	3	160
216	1967-05-22	14	71	74
239	1961-07-13	32	64	183
253	1956-09-23	15	14	43
207	1977-11-24	49	73	26
265	1977-07-01	23	43	21
