299	1948-11-07	7	44	51
277	2020-05-17	62	43	90
290	2017-01-18	90	33	149
250	2014-10-18	71	58	11
203	1974-07-01	12	70	64
205	1953-12-21	15	72	114
248	1977-12-30	86	56	18
278	1945-08-27	89	4	12
242	2007-12-26	64	18	155
227	2018-09-11	35	70	67
222	2007-10-06	92	78	34
288	1958-03-03	7	65	31
213	1948-04-01	55	26	169
229	1979-01-03	72	36	86
237	1964-01-23	31	60	101
207	1995-12-02	99	27	37
233	1940-10-29	51	4	133
258	1960-02-02	47	48	31
287	1987-08-31	83	35	163
250	1945-03-10	18	21	61
221	1958-01-04	73	64	174
226	2000-01-24	63	100	119
222	1951-05-26	8	51	101
266	2012-12-28	44	41	80
204	1951-07-01	81	15	27
295	2017-12-26	81	94	175
207	1983-09-30	18	14	24
272	1978-12-08	93	49	164
234	2008-05-19	71	10	82
300	1946-08-14	58	93	171
297	1961-05-28	29	44	170
300	1992-01-13	5	54	5
248	1949-09-29	21	0	72
245	2019-04-13	96	98	25
256	1954-04-12	66	77	8
241	1994-04-01	9	63	190
255	1944-04-21	19	56	151
227	1963-09-17	56	74	9
268	1975-11-03	20	76	166
236	1984-06-22	78	22	70
236	1954-07-26	95	13	73
262	1971-02-20	70	87	172
294	1995-03-11	3	2	69
230	2011-12-26	95	26	97
208	1943-03-18	69	81	146
231	1947-02-11	78	56	134
269	1977-10-01	52	71	65
216	2019-12-18	70	49	135
212	1987-06-11	88	63	48
288	2006-06-30	50	21	103
234	1940-06-21	46	25	111
234	1971-12-24	46	45	123
261	1965-07-10	33	69	163
284	1975-10-21	15	28	132
278	1959-07-20	7	41	132
234	1968-01-30	40	31	83
238	2002-08-27	67	63	0
232	2016-06-10	85	42	35
212	1954-11-26	18	68	105
291	2000-11-26	11	78	89
214	1981-01-26	55	57	22
261	1940-08-24	59	11	99
293	1998-03-07	62	97	38
211	1974-06-16	10	57	41
218	1950-06-22	6	97	115
262	1967-07-24	68	1	64
265	1997-07-13	93	50	104
255	2008-01-18	23	65	102
245	2000-04-22	8	69	175
276	2011-11-18	53	97	85
241	1980-04-14	86	56	49
264	1953-02-23	19	84	78
269	1986-04-24	64	41	113
203	1999-03-15	90	99	3
288	2007-05-28	91	1	118
220	1986-08-27	73	6	113
205	2007-12-07	48	56	155
209	1950-11-12	80	55	149
218	1978-04-06	61	86	158
257	1973-05-20	67	97	60
267	1972-09-02	2	49	79
228	1988-04-09	25	70	79
204	1940-05-16	9	74	88
299	1950-07-28	28	88	83
217	1973-12-01	69	76	30
299	1995-09-03	45	60	63
272	2012-03-05	86	67	115
267	1961-10-27	38	20	201
273	1999-02-01	21	31	68
225	1973-06-10	51	98	108
254	1946-11-10	99	31	63
276	1982-07-28	92	53	121
249	1996-05-07	84	16	100
259	2013-06-30	72	16	31
230	1966-08-08	91	97	149
243	2014-05-17	49	52	67
289	1982-12-08	24	32	140
293	2012-05-24	62	60	8
237	1993-02-19	99	62	117
273	2001-09-25	54	10	17
240	1965-04-02	46	15	10
201	1990-01-17	86	40	162
233	2018-02-05	2	74	182
292	2010-11-28	2	87	77
280	1990-08-02	41	79	181
251	1977-10-24	53	39	176
237	1980-10-09	36	11	75
258	2012-04-22	91	11	198
276	1958-11-10	37	99	184
219	1969-04-12	77	54	76
249	1948-03-04	0	11	88
252	1968-05-20	41	42	122
235	1980-10-17	84	75	200
252	1944-09-17	61	84	163
236	2012-02-14	69	93	149
213	2008-12-02	6	78	155
295	1990-08-31	41	13	131
236	2011-07-08	20	31	182
252	1991-10-03	3	58	133
259	1979-01-08	97	7	91
229	2013-03-28	81	27	190
276	1959-07-26	93	41	186
255	1951-09-13	53	25	184
206	1980-02-27	75	87	78
282	1977-03-01	81	45	143
237	1990-05-01	44	88	132
208	1946-09-29	79	96	153
266	1944-04-08	21	54	1
238	1991-07-21	99	69	148
270	1984-07-01	98	91	123
262	2004-04-06	22	69	4
251	2017-02-02	50	35	31
209	1978-11-08	56	44	17
240	1948-10-08	7	72	136
215	2007-07-10	22	10	29
296	1964-05-18	51	38	39
220	2001-01-14	54	50	11
236	2012-05-16	53	14	87
224	1947-10-29	80	93	173
238	2000-08-03	18	87	177
274	2000-11-12	16	59	122
234	1962-07-09	31	87	85
216	1970-04-25	86	3	80
284	2015-04-14	70	30	35
203	1943-09-23	2	15	14
251	1974-05-06	59	57	13
289	2019-10-16	75	40	177
273	1985-03-30	26	48	128
298	1942-04-01	34	86	27
223	2016-11-13	14	81	50
237	1948-12-25	94	1	55
265	1954-12-12	81	8	48
295	1984-07-10	32	83	109
214	1981-05-26	35	21	116
276	1943-06-07	34	59	8
201	1942-11-06	85	41	84
287	1970-04-20	24	98	9
229	2013-03-01	82	14	59
298	1958-04-15	21	42	120
296	2010-05-07	77	0	59
211	1999-04-24	10	34	104
208	2015-07-03	6	26	39
290	1965-04-10	72	60	130
296	1981-05-17	73	33	106
291	1997-03-25	38	5	175
289	1999-06-16	51	25	180
262	1969-02-03	69	71	77
214	1995-12-29	98	84	68
261	1944-09-02	21	73	104
227	1957-09-03	71	1	88
226	1960-12-05	94	86	42
201	1943-05-22	32	93	183
290	1962-03-24	62	26	79
264	2006-09-03	86	28	86
268	1970-01-11	52	96	134
221	2004-02-13	95	95	189
230	1981-11-30	44	93	129
300	1969-01-23	40	95	29
277	1978-08-27	23	69	77
233	1990-01-31	67	8	139
288	1956-01-10	45	0	48
245	2006-12-18	39	87	163
285	1979-01-25	76	8	11
284	1985-11-02	21	65	67
228	2020-02-16	20	24	62
248	2009-08-15	82	55	186
276	1985-05-06	25	85	24
212	1948-03-24	20	16	45
218	1968-09-16	27	57	130
224	1982-03-11	6	51	3
202	1987-02-11	15	50	4
215	1985-04-21	91	36	55
270	1982-09-15	72	21	97
300	1958-01-13	87	12	9
260	2012-02-16	66	88	5
286	1985-06-21	43	35	67
216	1946-05-19	31	79	61
237	1986-01-13	18	12	56
244	1975-05-04	0	13	7
266	2006-04-14	6	70	113
288	2015-03-07	66	84	56
211	1941-05-26	75	14	135
244	1973-06-22	96	75	30
295	1959-12-31	11	28	61
288	2017-04-21	31	70	157
261	1961-04-28	55	90	182
269	1993-07-28	35	67	186
219	1940-06-29	44	30	200
274	1995-03-29	18	64	25
272	2015-03-08	17	13	79
235	2013-10-09	68	96	104
229	1966-09-15	37	95	33
297	1963-12-11	72	41	100
