274	2017-12-18	91	11	52
225	1946-01-02	72	21	87
233	1942-09-13	22	24	140
288	1961-10-25	37	83	149
225	2002-01-18	57	2	9
233	1976-09-23	30	53	45
254	1954-07-08	49	52	103
273	1981-09-13	45	55	176
225	1980-09-07	34	46	152
202	2011-03-14	77	82	116
274	1948-09-06	11	10	151
225	1946-03-17	13	47	177
291	1953-03-06	23	10	39
273	1945-06-15	35	32	193
271	1963-04-18	1	32	27
241	1999-01-27	100	4	177
242	2000-03-29	44	77	102
201	2014-09-18	34	89	180
276	1955-01-10	100	55	179
284	1947-05-06	5	100	147
202	2006-09-28	29	41	54
253	1991-10-08	85	73	11
285	1952-12-06	63	89	84
221	1970-08-08	68	33	192
294	1946-05-08	77	81	92
278	1979-05-30	14	68	201
237	2014-05-17	98	49	77
294	2014-11-04	97	81	170
232	1981-06-10	14	5	16
236	2007-05-19	54	89	12
271	1955-04-06	31	19	192
260	1946-05-01	10	35	163
269	1943-11-18	54	62	44
287	1952-03-19	74	64	80
205	2009-06-02	27	40	1
233	1981-11-26	98	24	50
249	1975-03-18	87	39	32
257	2010-02-12	26	22	172
244	1959-07-14	43	94	83
266	1942-04-11	32	72	180
291	1973-10-02	95	90	36
247	2007-09-22	10	36	13
230	1995-05-24	26	14	11
251	1993-05-06	24	16	50
216	2002-11-03	93	19	98
235	2008-11-18	93	81	110
267	1990-10-30	45	95	131
227	1971-02-13	42	0	44
268	1948-02-17	14	24	75
250	1970-08-23	89	98	117
285	1980-01-07	86	80	141
284	1999-04-16	19	58	187
285	1964-03-02	100	83	105
239	1978-04-01	86	91	77
241	1956-11-16	47	82	166
231	1952-07-20	82	24	61
281	2019-07-11	0	52	173
267	1963-04-22	72	16	197
283	1986-01-11	16	32	75
248	2001-09-05	85	34	114
223	1981-10-03	47	8	82
270	1963-11-09	90	79	118
300	1940-12-13	32	26	127
267	2010-05-22	61	86	165
296	1987-09-06	61	37	72
249	1990-01-01	0	6	118
298	1946-12-23	72	78	183
226	1991-10-08	55	7	17
244	2014-08-03	27	14	78
265	2004-07-04	52	21	131
281	1970-07-04	87	13	46
282	2003-08-23	64	86	189
255	1951-05-03	34	38	140
295	1982-07-11	61	82	147
244	1959-06-19	84	40	115
280	1950-12-14	33	68	1
295	1955-09-04	71	1	93
300	2009-12-14	24	64	41
298	1983-02-21	73	95	142
275	1998-11-06	98	68	123
285	1967-08-11	86	51	145
224	1977-08-31	24	5	110
250	1996-08-24	20	30	43
225	2014-04-26	50	2	3
219	1995-04-21	24	22	23
203	1992-09-03	83	17	101
268	1953-02-23	20	65	129
205	1998-12-28	1	72	147
245	1949-03-04	88	24	51
248	1965-12-10	6	62	83
276	1997-06-28	29	48	198
204	1994-02-01	16	47	2
294	1981-04-20	31	58	160
292	2001-01-06	34	68	198
212	1999-06-29	88	23	31
264	2017-01-08	68	16	62
286	1975-07-01	13	52	88
214	1942-02-26	26	23	140
300	1952-03-07	53	82	10
228	1991-11-17	32	4	48
260	2016-12-05	22	72	197
222	2010-04-15	50	12	73
273	1949-08-28	81	45	64
263	1965-12-27	58	94	165
299	1995-01-03	93	74	156
244	1978-08-08	65	9	157
252	1979-04-21	45	2	157
251	1943-06-30	10	70	127
294	2018-11-11	5	46	161
239	1979-05-04	46	58	196
223	1972-06-11	56	77	107
267	1969-06-12	9	74	66
279	1980-10-16	82	42	93
203	1973-07-30	28	10	9
247	1997-09-01	90	27	75
222	1992-12-16	60	57	58
276	2007-06-11	83	51	81
298	1992-01-13	19	25	77
226	1982-01-24	9	33	178
224	1995-05-23	44	98	86
285	1996-10-31	94	65	128
221	1940-11-22	32	81	3
241	1958-11-11	4	61	132
251	1945-12-23	71	20	109
267	1967-10-27	80	6	63
288	2001-07-20	99	76	185
289	1982-12-07	1	22	161
210	1952-10-15	94	36	99
282	1949-08-21	95	64	123
218	1973-07-12	95	22	104
