260	1949-02-12	59	26	49
207	2013-09-20	65	53	174
246	1982-12-15	64	51	3
236	1995-03-23	60	41	57
225	1947-02-28	33	78	140
231	1976-07-05	4	69	51
285	1990-07-09	42	40	193
261	1965-02-07	90	24	92
251	2017-06-19	74	94	25
276	2017-09-16	66	67	61
300	2013-10-22	27	16	167
270	1947-10-20	36	27	82
221	1989-12-31	78	67	22
269	1990-02-13	48	39	192
265	2010-07-07	87	60	46
280	1950-07-02	32	98	77
269	1954-10-29	28	21	44
226	1973-09-24	0	0	41
271	1959-06-24	77	4	68
203	1949-08-21	16	57	73
265	2020-05-29	45	65	72
266	1955-09-11	36	33	160
213	1940-10-18	70	44	185
215	1969-04-07	26	66	16
285	1966-01-31	36	42	51
260	1989-07-25	9	16	133
279	2004-02-01	27	1	190
256	1984-08-10	46	67	79
254	1954-01-13	44	27	155
259	1983-06-23	68	41	9
221	1961-01-22	11	71	117
231	1992-05-31	0	73	28
295	1958-01-24	30	90	70
253	1944-10-22	28	87	177
215	1976-08-18	77	97	84
247	1982-02-01	29	92	116
282	1985-07-06	7	5	181
237	1944-07-15	88	1	5
279	1977-04-26	46	8	34
226	2005-01-26	78	25	46
215	1971-03-26	0	42	13
240	1965-12-02	59	27	119
251	1982-02-19	51	79	70
248	1989-11-03	59	14	118
281	1951-05-28	0	54	158
205	2001-09-08	8	78	134
254	1962-08-17	61	77	128
260	1994-09-06	77	87	164
218	1965-02-05	51	75	101
299	1984-03-28	32	79	79
285	2015-04-21	91	14	39
238	1987-04-27	67	38	56
290	1955-06-22	51	29	6
254	1977-04-06	7	13	55
290	1950-06-22	95	19	55
217	2020-02-16	57	1	64
218	1965-01-17	53	50	66
264	1946-09-15	24	17	60
246	2011-10-22	91	63	192
201	1941-03-27	51	69	194
245	2015-01-05	83	24	72
264	1996-06-10	3	61	186
282	1987-07-19	66	69	53
268	2008-05-25	60	70	24
240	1973-11-21	47	2	127
265	2014-03-30	6	39	196
241	1952-09-17	24	67	158
225	1977-03-09	22	91	7
300	1997-10-04	89	41	69
257	1996-08-27	75	20	123
246	1967-07-10	66	94	30
275	2014-12-20	60	11	86
202	1995-07-22	25	66	104
275	2000-01-06	30	85	100
227	1974-01-24	62	53	67
278	1941-10-20	35	91	195
259	1970-06-16	85	72	41
269	1948-02-08	46	72	91
208	2019-07-01	95	82	79
216	1988-11-17	27	11	79
284	1981-01-22	60	69	83
271	2001-12-03	77	14	64
231	2015-12-25	90	34	128
256	2018-04-01	85	34	84
299	1952-05-04	66	52	96
230	1970-12-19	31	32	79
246	1960-09-02	70	84	190
218	1961-04-11	49	13	173
243	1945-06-14	47	76	131
243	2007-03-04	48	17	48
265	1996-03-19	43	46	57
233	2019-08-03	55	97	161
225	1976-03-11	40	56	200
250	2013-07-06	66	36	139
210	1961-05-02	11	58	200
262	1959-02-17	46	50	176
287	1966-01-30	78	44	48
215	2000-05-02	33	71	134
263	2006-01-12	14	5	25
287	1975-10-16	70	3	7
241	1990-03-14	22	65	64
283	1946-03-08	21	6	57
254	2015-03-20	62	64	146
228	2004-09-26	89	43	88
271	1979-04-07	45	95	81
217	2011-04-02	4	53	133
239	1980-07-16	90	78	160
299	1983-04-25	5	33	189
265	1959-02-07	75	21	15
300	2006-04-23	48	25	45
228	1989-01-20	56	97	163
272	1953-07-23	1	45	22
255	1950-05-03	42	41	127
229	2016-11-15	40	24	101
229	2001-02-09	85	8	16
228	1979-02-25	69	61	196
238	2009-08-06	1	47	172
220	1987-02-12	30	88	63
293	2006-09-02	9	27	141
205	1974-12-28	33	21	121
235	2013-07-21	83	54	53
229	2004-08-14	18	41	196
261	1946-12-25	89	61	55
260	1950-01-18	20	84	174
238	1988-01-09	82	75	20
229	2019-04-02	1	5	174
203	2019-10-12	61	16	92
231	1940-06-27	0	20	17
297	1963-06-05	64	95	159
235	1944-08-04	4	33	117
208	1981-05-23	90	69	153
243	1947-12-06	29	65	57
278	1967-07-20	0	23	77
205	2010-08-07	72	100	52
268	2012-01-31	13	55	14
261	1949-09-26	94	45	9
241	1941-10-03	68	45	14
228	1949-11-02	57	46	144
211	1956-03-07	72	79	129
280	1982-07-24	71	20	22
243	1983-10-01	88	82	201
245	1964-08-29	89	76	7
267	2013-10-07	0	12	138
224	1943-02-07	44	70	114
292	2014-05-13	17	68	46
239	1967-09-22	41	54	181
277	1941-03-18	22	52	85
242	1942-02-23	90	37	201
261	1947-08-10	100	18	99
224	1955-09-04	51	63	166
251	1974-10-16	23	28	141
241	2005-09-02	68	69	99
298	1940-07-11	35	24	156
284	2008-11-23	27	43	182
240	1958-03-05	77	91	74
282	2001-03-13	36	37	111
251	1948-06-24	67	87	29
219	1970-06-06	19	7	25
239	1976-04-01	58	75	41
211	1991-05-09	40	13	95
249	1994-02-27	44	40	147
236	1967-12-04	66	36	126
269	1993-02-15	47	36	188
236	1945-07-18	68	58	157
225	1964-08-07	55	12	191
206	1996-08-01	38	22	90
228	1982-03-23	95	55	3
231	1992-10-03	53	21	137
277	1951-12-03	1	2	26
254	1980-10-16	52	28	197
285	1975-06-06	67	83	60
276	1999-11-30	19	39	105
250	2009-08-17	54	55	53
251	1970-07-30	32	9	157
238	1954-09-21	21	52	20
233	2006-10-14	7	74	68
211	1990-02-04	78	73	61
290	1966-04-29	38	49	88
266	1960-09-16	28	58	55
235	2018-05-06	39	28	86
264	1943-03-03	2	33	119
246	2003-01-10	74	82	189
234	1978-12-29	53	23	167
205	1977-04-19	30	69	101
204	1945-03-24	31	86	126
293	2019-11-13	97	55	123
216	1959-07-21	57	94	21
281	1981-03-04	85	99	32
210	1997-12-08	57	90	4
263	2011-02-17	91	77	15
291	1948-09-14	55	62	95
213	1943-06-16	74	32	15
300	1987-11-05	90	2	117
235	1945-11-09	43	32	182
275	1945-06-19	63	96	111
210	1948-02-15	36	86	180
257	1998-01-18	42	69	2
209	2000-03-10	62	70	140
273	1983-03-17	11	55	74
264	1994-10-26	48	45	199
223	1989-10-17	13	23	64
239	1956-03-01	83	52	96
240	2007-06-07	75	37	90
217	1950-12-20	39	65	121
230	1941-11-28	65	77	118
231	1977-12-14	78	75	164
217	2002-02-03	86	42	94
225	2019-12-11	23	14	200
256	1981-07-24	9	29	150
208	1959-02-08	5	45	79
239	1999-05-17	11	95	89
261	1975-10-05	97	0	13
233	1998-07-15	15	91	13
248	1951-10-19	32	43	39
255	1979-12-04	74	49	89
258	1943-01-07	10	99	20
224	1958-01-06	97	9	48
284	2001-10-24	52	89	58
201	2018-12-25	15	67	119
224	1965-12-29	44	14	74
217	1968-11-03	12	92	117
240	1953-04-18	14	80	9
216	1996-07-29	71	54	15
256	1954-10-03	84	8	79
263	1985-08-13	55	75	178
207	1945-07-20	2	79	18
253	2010-01-27	19	92	91
282	1949-02-03	95	53	112
209	1990-03-01	50	71	122
296	1986-07-03	14	94	107
240	2019-04-28	63	42	86
266	1999-05-05	38	84	23
254	1965-08-03	55	14	6
216	1980-02-09	53	62	136
218	1959-10-23	35	82	92
221	1987-06-21	49	84	114
275	2001-05-01	41	52	169
284	1972-05-25	1	10	25
212	2004-08-05	77	60	37
250	2009-05-07	93	0	134
266	2015-06-18	9	86	153
273	1950-02-23	58	33	37
248	1977-04-01	31	15	196
216	1993-09-24	10	88	183
240	1968-10-04	55	45	4
295	1962-11-09	49	86	185
253	1950-07-04	79	22	69
279	1995-07-15	89	66	125
226	1965-09-07	15	83	187
202	1945-12-23	86	43	135
281	1948-03-22	37	7	121
214	1959-01-16	43	95	12
