243	1978-03-04	35	62	108
281	1967-09-14	35	38	160
214	1972-01-23	81	35	155
241	1960-05-07	32	17	1
250	1979-10-16	7	57	79
246	2018-03-17	27	65	12
212	2011-06-02	27	76	125
212	2015-08-14	39	64	97
217	1962-02-08	58	67	11
283	1945-11-13	66	10	26
261	1958-05-27	95	18	45
274	1955-07-19	82	33	14
234	1947-11-30	0	53	107
222	1992-07-01	42	40	93
284	1972-01-05	62	88	44
210	2006-08-16	49	51	2
275	2003-09-07	71	92	121
271	1986-12-04	42	81	64
280	1957-09-16	50	80	145
223	1965-03-15	18	64	146
215	1971-05-05	27	34	26
249	1984-01-17	91	68	136
202	1987-10-17	36	34	48
300	1963-01-25	52	51	103
295	1946-06-18	18	91	106
288	1957-08-31	10	91	64
264	1990-07-03	97	59	157
205	2002-09-19	53	73	194
204	1989-11-17	52	27	168
269	1941-08-29	22	88	180
238	1986-11-19	1	88	198
250	1943-05-05	78	15	70
250	1996-09-13	17	23	23
236	1983-10-07	67	8	165
291	1999-08-07	95	83	5
275	2002-01-24	64	28	185
287	1975-12-29	12	54	40
235	1944-08-07	25	82	166
296	1963-12-10	36	100	111
288	1944-12-06	18	71	143
226	2012-03-12	9	68	157
220	1984-03-17	22	83	98
296	1973-07-05	47	90	102
245	2010-07-07	97	26	33
235	1997-08-16	9	58	173
262	2015-12-19	70	3	132
224	1981-11-07	61	79	157
201	1959-09-18	60	67	46
229	1962-07-07	52	99	172
284	1958-11-26	42	59	151
285	1976-10-27	75	6	149
293	1985-04-19	21	88	2
228	1971-02-15	23	78	144
254	2002-05-13	81	93	117
266	1982-01-27	6	90	108
222	1957-03-01	73	3	126
237	1978-07-29	95	0	123
269	1950-05-18	21	63	22
264	1998-05-29	34	25	41
249	1992-10-27	45	50	163
275	1944-09-22	45	35	142
252	2014-01-25	33	48	0
259	2002-02-05	73	95	3
223	1980-03-08	47	26	45
264	1960-07-27	100	0	37
237	2012-07-08	62	20	30
218	1974-07-10	0	69	3
211	1978-09-24	79	18	10
266	1990-02-07	48	29	119
277	1980-04-21	19	52	122
230	2007-02-18	69	45	126
257	2004-10-23	40	72	118
272	1999-05-09	45	64	139
214	1968-10-16	47	7	185
296	2005-01-05	9	53	194
217	1970-01-22	6	0	73
279	1983-07-31	65	99	170
220	1997-04-21	18	75	20
273	2018-05-07	7	20	124
221	1951-11-06	93	9	14
235	1976-04-24	88	84	62
283	1977-12-25	37	8	198
263	1946-08-05	23	28	142
234	2011-12-28	74	57	55
262	2011-04-22	41	14	172
214	2017-11-07	53	48	168
206	1998-09-28	47	28	23
218	2003-02-17	91	37	16
290	1953-07-31	67	29	42
294	1950-11-26	67	7	164
241	1953-08-02	38	34	28
260	1996-08-03	8	99	45
260	2010-07-28	23	28	79
245	1973-05-14	46	84	102
272	1955-03-04	16	97	103
283	2014-03-26	37	80	172
216	1961-07-04	60	34	36
290	1978-10-09	54	16	27
287	2000-06-14	28	19	87
291	1956-05-30	42	99	13
262	1972-04-03	44	56	22
285	1978-01-27	27	38	58
276	1981-09-26	58	42	176
208	2004-06-12	80	61	94
250	1996-11-11	44	91	85
220	1947-04-28	65	4	127
283	1968-03-18	32	90	7
298	2002-03-11	82	14	8
287	1968-01-18	65	39	63
261	1985-10-28	47	41	86
276	2009-10-16	55	3	34
282	1944-02-10	48	48	76
