267	2009-11-20	11	53	28
207	1972-03-11	87	80	99
290	2016-01-03	27	79	19
287	1949-06-24	1	68	42
212	1949-05-12	67	14	59
208	1943-01-07	6	82	144
299	1950-07-19	7	9	78
209	1959-01-11	100	65	10
272	1998-07-19	18	56	46
280	1997-05-27	3	2	160
230	1987-06-14	67	52	8
202	1956-07-21	3	48	16
240	1965-11-17	3	44	162
257	2019-04-15	16	48	9
221	2004-07-30	28	25	9
221	2007-07-23	87	15	152
223	1945-09-26	69	61	53
215	2000-04-04	54	12	172
273	1979-06-01	26	63	21
208	2019-02-04	37	15	142
283	1977-05-26	90	3	105
220	1984-04-29	43	60	133
272	2014-01-31	88	53	196
244	1975-06-16	26	0	157
259	1947-03-03	27	23	166
246	2018-01-25	94	61	129
239	1978-09-26	0	32	192
294	2002-11-18	0	98	187
255	1964-02-05	61	87	90
269	1982-03-25	86	79	102
283	2010-04-28	66	76	119
277	1943-01-07	5	44	89
300	1952-08-07	21	20	154
262	1955-01-13	92	16	14
299	2013-02-21	91	30	179
255	1982-03-17	86	59	127
209	1961-01-03	91	69	125
267	2011-04-01	25	29	171
288	2019-07-11	93	8	18
286	1959-04-12	80	21	153
260	1942-02-13	53	34	16
222	1999-05-01	87	89	58
223	2003-08-31	64	94	32
218	1966-06-25	39	5	174
268	1995-11-16	26	35	70
265	2016-04-23	61	64	200
235	1943-12-30	64	94	193
210	1960-08-15	85	51	167
269	2019-03-07	92	45	195
244	1954-06-01	98	8	113
269	2003-09-09	27	59	7
276	2011-07-20	19	60	161
244	2012-11-03	88	98	86
260	1948-01-10	5	5	23
218	1964-04-03	100	51	83
240	2001-09-04	87	57	49
258	1950-04-02	99	75	163
282	1997-09-11	49	33	141
284	2001-08-12	65	9	89
240	2009-12-17	85	39	147
253	1948-05-12	4	42	37
255	1994-01-15	28	49	181
244	1964-06-04	47	53	188
203	1940-05-27	71	94	195
233	1955-03-17	75	9	158
234	1958-01-02	11	37	21
238	2005-04-01	12	27	11
258	1987-05-01	60	91	170
274	1954-02-14	67	93	139
222	1981-02-12	49	43	185
264	1980-08-20	35	42	41
292	1991-07-21	49	35	149
232	1996-10-06	49	51	143
289	2014-05-25	4	13	16
216	1991-05-15	44	75	77
276	1977-04-20	54	50	146
216	1955-08-27	11	47	29
299	1999-06-29	38	1	175
251	1953-09-24	42	59	177
296	2014-05-01	56	29	69
243	1991-09-14	91	90	8
217	2006-05-18	58	39	75
245	1948-01-17	94	20	150
261	1943-04-11	49	63	86
245	1959-08-30	2	75	121
228	1955-06-06	18	2	75
254	1955-12-25	4	4	97
244	1950-12-30	63	50	137
220	1981-06-28	3	87	83
236	2008-01-30	51	27	85
202	2012-06-02	21	31	79
221	1961-03-15	67	97	132
269	1997-07-03	42	54	99
233	1950-05-24	93	94	187
287	2018-01-29	16	74	197
220	1986-05-25	50	77	139
288	1965-06-12	31	21	118
236	1959-11-12	4	31	55
233	2019-12-08	22	77	105
298	1982-04-15	98	37	166
236	1970-05-22	9	93	111
276	1979-01-19	92	84	30
226	1950-03-07	9	9	131
255	2012-12-24	58	57	77
288	1955-05-08	55	78	46
207	2016-09-11	12	37	12
270	1989-03-21	23	82	52
229	1999-10-20	44	100	36
292	1940-03-19	6	50	142
236	1941-01-31	99	81	85
254	2004-05-28	67	65	129
238	1956-01-22	18	99	127
296	1999-05-13	41	60	127
212	1994-04-07	77	8	59
