239	1991-02-03	20	71	176
242	1954-03-29	72	23	191
228	1948-11-18	26	73	117
207	1972-12-26	78	78	22
263	1988-04-26	47	81	69
205	1973-05-29	32	81	73
274	1940-09-27	17	18	23
291	2006-12-22	35	68	130
240	2009-06-30	56	11	162
231	1953-10-13	37	15	148
261	1947-07-31	31	75	91
242	1944-12-18	85	60	141
274	2005-01-17	91	82	36
290	1963-05-22	27	30	107
268	1960-11-23	49	97	16
212	1992-11-21	10	32	92
257	2002-05-28	59	52	140
228	1975-06-11	55	75	28
277	1958-12-25	96	98	48
285	2011-05-11	33	39	160
297	1996-11-19	29	13	16
274	1993-02-18	57	93	115
291	1967-03-20	10	97	123
281	2015-03-12	96	26	189
205	1979-08-30	82	3	94
211	1960-09-01	68	3	55
296	2010-09-14	84	2	173
274	1941-04-24	61	94	157
240	1975-03-30	48	65	17
231	1960-06-05	13	3	23
290	2011-10-17	17	32	41
247	1985-12-17	87	34	99
233	1996-08-08	32	13	95
223	1986-02-11	52	23	122
299	1940-09-18	66	48	44
212	1942-12-07	75	39	88
291	2017-03-09	89	68	116
276	1947-03-11	97	82	190
234	1948-06-14	10	44	134
223	1957-08-15	56	71	95
218	1968-08-22	31	92	19
234	1996-07-21	75	85	29
223	1964-11-27	71	86	161
252	1982-03-23	27	51	38
239	1986-05-17	38	61	5
220	2006-04-15	49	5	96
238	2011-07-11	3	64	95
251	1992-05-31	44	24	11
220	1963-07-26	82	63	170
270	1956-10-26	97	17	5
248	1957-10-30	75	87	69
294	1946-04-21	81	42	152
258	1963-12-31	1	28	111
226	1967-05-21	63	12	108
248	2012-06-29	27	97	89
243	1958-06-09	77	39	180
280	1997-12-04	85	11	92
294	1984-03-06	74	78	61
296	2019-06-07	3	42	62
234	1960-01-26	17	25	98
296	1953-12-07	6	26	127
279	2011-01-04	21	76	138
245	2004-08-21	83	42	153
230	1949-12-19	43	55	154
230	1958-07-10	94	10	180
273	2001-08-28	63	75	24
249	1957-06-24	94	11	24
275	1985-12-13	24	69	70
234	1995-07-04	25	27	104
270	1961-07-28	84	18	135
238	1988-08-20	44	76	72
212	1995-01-18	3	55	97
208	1974-02-02	42	71	48
295	1998-01-02	50	6	184
239	2011-02-14	97	15	180
294	1951-01-09	43	13	134
272	1949-04-07	29	53	191
290	1963-12-15	0	1	124
262	2008-07-30	81	78	22
227	1969-05-08	99	76	103
259	2000-07-25	43	33	18
235	2001-02-18	68	87	186
212	1987-09-21	63	33	184
234	1974-05-14	54	73	184
255	1961-09-16	80	65	38
252	1969-07-16	37	93	119
250	1942-07-13	11	54	192
242	1949-03-15	11	76	163
203	2015-08-16	59	94	65
294	2013-12-20	77	96	194
250	2002-08-08	10	3	86
273	2016-02-05	11	13	80
262	1967-09-14	1	81	182
210	1984-11-11	94	47	131
217	2014-10-02	45	15	186
290	1975-04-03	7	42	166
279	1998-06-08	93	45	98
297	2005-12-11	8	43	160
247	1957-01-10	85	100	33
219	1989-11-21	98	17	4
214	2009-10-13	34	43	47
248	1984-08-07	5	51	164
201	1971-07-16	44	75	188
273	2007-01-02	38	66	200
265	1955-10-02	15	86	26
279	1978-04-15	42	94	26
211	1965-01-20	65	66	140
212	1959-05-05	83	43	18
290	1966-04-07	96	91	171
254	1959-03-21	22	40	62
290	2005-11-19	22	39	201
254	1961-10-20	75	74	194
205	1973-04-21	90	4	30
241	1957-08-08	77	76	179
284	1959-05-08	94	78	134
294	2015-09-30	23	24	159
250	2002-09-20	20	83	0
278	1967-10-23	2	8	155
252	1984-01-22	16	63	21
264	2017-12-21	22	63	34
298	1949-02-19	23	29	128
242	1957-01-29	69	34	182
286	1999-01-31	87	25	66
215	1999-06-15	28	60	112
272	2014-02-09	96	85	55
226	1955-10-31	65	26	191
263	1969-08-03	65	77	22
287	1983-06-26	67	71	26
261	1959-06-16	12	75	182
289	1942-09-12	93	96	99
248	2016-03-27	94	65	12
215	1940-03-18	65	94	118
249	2006-08-02	33	38	100
263	2003-10-20	56	20	188
258	1980-04-02	15	54	135
260	1956-05-20	12	95	47
211	1951-04-23	83	10	30
257	1980-11-24	78	13	118
281	1973-12-18	53	93	67
229	1943-09-02	81	72	101
285	1983-06-23	11	72	151
239	1985-06-06	74	51	165
207	1955-11-11	48	29	114
222	1971-02-06	93	60	153
279	1975-04-10	35	74	138
271	1963-09-15	77	12	109
254	1997-10-16	36	42	74
225	1956-08-07	55	45	93
297	1945-11-03	89	82	144
246	1946-08-26	92	87	90
227	1961-01-12	25	72	85
202	1986-11-23	28	37	31
284	1989-04-02	34	75	132
290	1972-06-14	64	97	65
234	1949-11-09	88	65	143
236	2016-05-23	2	94	34
272	1979-12-19	24	4	185
251	2018-08-21	76	71	76
262	1944-07-08	32	24	194
297	1997-04-24	54	15	174
248	1998-04-29	16	83	19
208	1962-07-01	24	35	120
224	1970-12-26	27	8	79
226	2019-05-25	60	33	195
282	2006-02-15	49	69	91
223	1968-11-15	29	77	145
236	1994-10-08	71	29	39
264	2008-12-30	3	13	96
295	1986-08-28	72	8	149
270	1951-02-24	27	62	193
222	1949-04-10	13	1	21
253	1999-12-17	98	12	38
223	1948-07-09	40	42	129
260	1978-05-26	7	51	72
224	1940-03-22	85	10	164
257	1941-04-22	43	21	145
202	1941-11-12	42	79	164
270	2003-08-13	20	61	91
224	1991-07-03	92	59	77
201	1943-08-08	87	93	33
227	2003-05-08	93	95	163
222	1994-12-30	20	19	72
241	1971-10-21	68	23	20
244	1989-01-27	63	26	166
287	1982-08-04	14	36	61
270	1989-03-12	77	23	161
286	1961-12-25	85	16	117
255	1996-04-07	57	2	118
243	1996-05-07	35	96	52
203	1941-09-23	43	72	135
238	2002-12-06	10	28	4
237	1944-02-29	89	96	24
259	1998-10-12	61	23	102
232	1979-08-19	76	21	23
299	1969-04-18	50	71	64
242	2015-05-12	25	15	28
207	1961-06-14	2	86	154
255	1940-11-16	76	57	122
284	1954-05-12	38	6	17
203	1945-02-21	72	45	12
