267	1955-04-24	36	32	174
214	1955-11-25	68	100	53
227	2001-01-02	58	29	37
208	1964-06-19	60	43	189
238	1985-10-27	61	52	76
226	1940-12-04	66	40	159
267	1967-03-02	72	100	17
291	1964-12-25	53	96	108
277	2017-03-01	9	52	131
224	1998-09-15	84	91	85
291	2015-12-11	92	73	133
257	1975-01-18	89	75	147
206	1970-10-17	38	64	114
283	1980-05-16	70	43	13
241	1980-01-25	38	8	172
223	1992-05-16	7	97	70
298	2010-07-31	59	7	106
231	1985-04-01	24	54	175
201	2015-02-09	6	33	137
230	2007-01-01	92	47	150
254	2014-10-10	14	93	164
242	1956-03-13	14	21	198
211	1987-01-08	77	19	184
255	1985-01-30	38	60	77
209	1940-08-18	30	41	173
201	1958-03-10	50	5	30
262	1948-09-06	31	71	155
274	1987-08-24	60	32	8
260	2020-08-13	50	24	162
218	2008-09-24	23	24	9
251	2007-04-22	25	18	157
230	1991-12-18	51	70	82
291	1999-02-10	44	42	22
287	2003-06-10	90	77	101
236	1992-10-30	93	25	69
282	2018-03-27	9	20	134
216	2000-06-22	56	30	11
241	1987-10-22	83	63	80
288	1978-04-17	37	51	197
248	1941-03-20	34	59	155
258	1980-10-17	51	63	160
236	1967-08-23	25	25	200
235	2014-04-05	26	56	157
225	2014-07-12	52	94	14
201	2001-03-04	22	40	73
285	1940-04-03	20	58	45
276	2009-10-24	54	47	64
295	1974-05-27	77	9	169
241	2008-04-29	68	37	23
252	2008-06-08	80	32	7
235	1985-07-08	73	95	94
229	1948-04-08	33	65	15
291	2000-07-11	94	39	16
250	1965-11-08	17	65	30
211	1949-12-17	26	76	136
291	2007-03-05	18	5	38
221	1950-07-26	71	13	83
218	1941-08-18	67	13	22
246	1978-11-09	49	40	130
300	1994-10-27	66	3	62
227	1980-01-06	73	72	79
299	1965-03-31	100	63	47
270	1959-09-04	11	59	144
273	1999-08-10	6	84	104
299	1942-10-05	94	32	147
277	1996-02-06	76	73	200
205	1978-03-17	48	22	30
291	1969-02-12	96	39	185
248	1977-09-28	8	65	152
292	1983-10-26	30	21	195
201	2015-09-02	51	13	102
282	1967-11-30	27	94	163
231	1942-12-30	85	49	194
283	1990-02-01	83	99	122
216	1980-10-29	87	22	194
234	1953-01-12	41	29	129
261	2019-08-01	17	88	31
245	2000-08-20	29	83	200
236	1943-01-29	8	57	88
282	2008-09-13	33	52	83
233	2002-02-21	87	11	198
263	2011-08-27	15	87	9
234	1945-12-23	33	41	105
243	1992-10-25	96	37	22
224	1963-01-12	12	26	100
293	1947-12-01	7	27	134
299	1992-11-02	11	8	201
236	1997-12-06	48	51	136
252	1963-12-25	54	100	42
282	1964-04-05	6	85	70
238	1992-01-21	66	58	23
221	2000-03-07	19	95	88
259	1992-12-21	40	26	89
266	1970-11-12	85	100	59
288	2014-11-26	70	31	172
273	1951-11-06	66	35	125
236	1943-09-17	47	54	198
239	1957-01-11	34	48	73
275	1994-07-09	4	61	179
235	2018-11-24	60	87	201
203	1962-04-21	66	5	81
240	1997-10-24	34	8	76
267	1964-11-11	43	13	63
244	2001-05-10	88	25	158
235	1952-09-24	90	17	18
263	1944-11-12	99	35	0
289	1962-05-04	97	80	120
215	1985-12-05	80	59	104
247	1999-08-04	60	92	155
214	2006-03-18	35	80	90
242	1940-02-20	84	9	75
236	1968-07-18	74	44	166
248	1941-04-21	97	62	58
236	1958-08-06	66	70	159
278	1996-05-01	5	65	126
265	2012-10-09	3	2	79
238	1976-08-18	1	74	89
239	1946-07-18	23	69	140
266	1984-08-17	80	40	84
238	1995-09-27	58	3	65
221	2011-09-28	83	75	154
296	1986-09-08	0	6	83
222	1966-06-18	98	68	118
206	1960-03-30	93	50	163
205	2008-11-20	45	71	167
281	1968-06-15	5	54	74
263	1998-06-10	33	41	47
222	2012-11-21	40	89	6
208	1976-08-23	40	68	155
263	1984-08-17	53	5	201
271	1951-04-14	89	61	145
245	1956-01-09	96	52	82
247	1944-08-09	52	80	44
205	2006-06-13	85	35	137
285	1954-12-13	74	70	38
285	1986-04-13	84	51	134
204	1979-11-21	98	23	37
234	1981-04-01	97	29	119
285	2002-01-07	34	74	146
236	2010-06-15	43	26	41
232	1966-04-20	53	21	175
295	2008-07-20	19	29	177
228	2019-08-26	43	74	140
276	1970-03-01	4	24	183
225	2012-04-12	36	85	64
256	1949-10-15	58	8	34
258	1968-08-23	8	35	179
259	2013-07-21	62	12	181
261	2014-10-27	73	52	185
215	1956-08-31	66	19	35
229	1964-01-28	28	0	32
255	1964-07-15	46	26	188
201	1958-07-25	35	17	172
284	2020-01-23	63	59	186
273	1940-02-04	73	76	64
293	2000-10-21	7	74	137
295	1996-05-23	61	51	189
213	1953-05-14	30	71	184
272	1944-10-07	50	33	54
247	1952-02-13	48	11	153
226	1950-08-21	53	73	22
250	1952-07-03	61	85	125
