270	1989-05-24	28	5	163
272	1997-04-27	71	0	38
288	1962-11-05	26	90	107
289	2019-08-29	31	29	156
271	2001-05-28	51	1	37
298	1993-01-08	10	45	153
279	2005-09-13	100	84	85
272	2013-08-05	52	17	81
242	2011-05-21	46	49	74
227	1952-02-20	12	46	157
254	2013-08-02	35	68	144
292	2018-12-06	95	57	91
249	2019-07-26	2	46	65
233	1968-07-12	25	54	118
246	1943-03-14	36	81	13
221	1988-10-11	70	69	65
258	1994-10-21	27	100	103
246	1974-02-28	73	85	134
244	1959-09-25	87	68	24
218	1963-11-16	13	70	125
268	1968-10-09	65	83	35
205	1941-08-04	57	40	96
276	2008-07-21	3	91	143
201	2019-04-20	82	0	65
273	2010-10-13	67	51	158
242	1952-12-24	32	26	122
290	1980-11-14	31	25	127
245	1993-03-03	36	89	46
202	2014-05-18	8	11	17
234	1948-10-05	52	8	137
273	1948-10-02	35	8	84
263	2015-09-22	35	85	11
228	1969-11-26	27	61	163
240	1967-07-19	5	19	187
258	1980-06-03	10	85	133
284	1956-09-26	41	60	199
226	2013-09-19	38	99	90
250	2001-02-18	96	7	115
275	2015-09-06	2	26	34
253	1997-12-15	55	59	198
274	1967-01-01	12	79	37
252	1940-01-09	80	64	176
214	2004-02-06	62	8	46
266	2001-07-03	50	53	192
217	1972-11-26	65	45	124
215	2016-04-02	22	45	146
209	2020-02-01	30	71	23
225	1991-08-01	37	67	4
247	1970-04-10	95	79	97
235	1996-07-02	18	53	87
231	2006-02-11	42	72	173
271	1955-02-22	8	3	156
228	1976-02-23	15	22	28
221	2010-08-29	37	97	11
211	1967-11-06	14	89	10
266	1940-09-26	34	61	51
267	1969-04-12	20	7	31
260	1955-11-22	19	69	66
223	1971-04-02	27	74	25
257	1971-01-18	92	64	174
227	1981-08-02	26	30	181
227	2012-05-11	62	40	94
232	1962-03-14	8	22	80
263	2015-02-18	74	61	135
256	1977-03-04	89	1	193
209	1975-09-15	91	30	191
298	1956-05-04	53	87	36
230	1977-07-04	94	36	107
229	1980-07-04	27	14	87
226	1950-04-06	8	30	145
263	1955-07-30	34	84	3
260	2005-12-28	63	84	29
209	1998-11-24	95	32	142
206	1987-11-09	30	36	42
216	1977-04-11	2	82	190
267	1961-06-05	28	73	126
230	2011-03-24	72	10	138
287	1995-05-16	13	51	59
246	1990-06-03	91	60	11
291	2013-06-09	52	26	156
287	1970-12-08	26	99	89
236	1945-12-01	71	62	106
276	1977-11-15	49	76	77
229	1974-01-03	76	51	70
243	1980-06-08	89	47	39
265	1960-10-27	74	30	41
230	1972-07-10	45	19	74
264	1942-07-18	67	66	121
257	1997-07-25	67	81	174
201	1952-01-28	96	54	110
212	2019-04-03	80	17	196
231	2011-08-04	6	11	197
260	1962-08-21	5	76	126
260	1999-05-06	87	76	137
250	2004-02-29	27	45	155
255	1977-07-07	11	31	189
204	1955-11-23	40	24	11
223	1972-01-28	14	70	88
213	1991-06-27	1	33	65
284	1977-08-15	19	27	96
242	2002-01-05	43	97	17
255	1958-10-14	2	68	79
277	1980-05-31	56	16	3
287	1972-05-31	41	95	6
213	1964-12-23	62	29	140
268	1948-08-04	9	84	162
279	1956-01-12	56	55	173
261	2018-11-09	71	27	27
230	2007-07-31	35	24	28
221	1999-09-08	63	87	155
257	1995-09-09	32	27	113
276	1951-07-21	56	76	195
284	1945-08-24	66	78	87
296	2014-11-11	74	50	196
211	1976-04-15	66	80	195
257	1985-01-11	6	74	130
