283	1985-03-05	86	70	10
265	1994-05-07	96	26	68
220	2016-12-02	39	79	104
251	1948-01-11	98	48	143
297	1961-11-28	0	16	87
275	1979-02-03	78	89	106
237	1970-03-11	37	34	86
278	1946-02-26	2	5	136
220	1989-01-14	17	94	37
280	1991-10-08	0	36	145
222	2007-05-11	20	98	120
294	1957-02-13	90	95	145
243	1995-09-17	6	21	39
244	1995-05-12	99	40	155
272	2007-08-23	43	57	199
264	1969-08-19	62	74	180
270	1997-07-30	83	91	31
263	1948-12-17	88	66	190
282	1984-08-29	28	100	200
212	1988-02-24	11	35	164
296	1987-10-24	6	34	179
294	2012-05-23	15	27	152
272	2016-07-25	12	4	83
272	2015-04-07	45	99	103
277	1969-11-17	43	88	151
221	1998-04-06	39	75	195
233	1952-05-02	5	81	167
255	2019-05-30	52	98	96
292	1982-05-30	14	28	57
208	1983-09-15	10	16	65
219	1960-06-29	76	70	143
257	1991-08-07	75	91	138
275	1955-12-07	87	28	36
288	1976-05-06	52	38	89
282	1955-03-27	21	77	31
284	1950-11-25	79	37	65
264	1972-07-02	44	78	65
298	1966-01-01	42	75	7
226	1951-02-25	32	67	106
244	2010-08-23	23	61	18
208	2006-10-14	13	38	75
241	1989-12-26	50	55	83
239	1962-08-27	65	52	62
274	1941-02-08	37	78	150
271	2003-12-31	18	5	25
277	1964-07-10	97	19	189
233	1978-07-12	18	99	86
231	1966-10-17	18	83	6
285	2009-11-29	78	64	41
223	1993-05-18	34	60	156
282	2010-11-30	51	30	105
281	2001-09-09	8	82	116
249	1962-12-16	66	63	109
284	2005-12-05	18	9	194
273	1944-02-18	75	68	66
256	1977-10-14	20	85	28
285	1947-03-24	76	80	33
225	1966-06-12	53	0	125
268	1981-04-10	37	26	148
261	1940-10-23	8	24	129
298	2012-08-18	4	97	195
226	2019-06-04	14	86	6
247	1949-03-27	53	20	95
283	1987-03-15	29	24	32
209	1988-05-04	57	76	126
255	2000-02-20	27	22	93
215	1960-03-12	45	15	89
270	1977-01-18	98	49	194
274	1942-04-15	29	44	181
237	1959-11-29	25	28	111
236	2018-12-12	44	95	129
245	1949-08-24	47	2	116
226	1947-05-25	31	89	173
282	1951-07-06	41	97	89
218	1944-01-26	26	72	59
209	1960-10-08	30	94	179
223	1993-10-26	12	17	8
210	2019-01-16	98	44	6
216	1974-12-23	40	44	200
238	2014-03-04	43	45	104
222	1984-11-12	58	40	9
288	2010-11-28	61	30	21
282	1975-02-22	1	34	166
223	1979-12-18	5	19	134
254	2012-07-22	91	10	114
203	2013-10-16	29	14	155
262	2018-02-20	47	18	39
222	2014-03-16	28	100	164
269	2010-03-19	86	88	185
234	1999-09-03	67	97	187
236	1959-04-21	78	54	12
272	1996-09-21	67	100	149
292	1958-05-19	19	5	153
210	1970-11-22	76	22	110
296	1971-02-05	92	5	182
233	1985-03-01	57	33	134
275	1956-12-18	97	26	33
219	1999-07-01	16	55	194
249	1994-07-09	66	96	201
218	1946-12-05	4	13	106
206	1973-08-18	47	87	200
213	2013-12-07	68	20	33
202	1961-09-14	12	7	18
226	1981-02-22	15	20	27
261	1977-07-30	24	71	2
281	1969-04-12	91	7	99
289	1980-07-31	17	31	186
235	1983-08-13	27	69	197
272	1941-06-29	92	64	156
256	1981-07-10	40	60	71
244	1946-08-27	51	62	88
216	1972-04-01	98	11	107
267	1948-01-19	61	13	195
287	1966-01-07	46	88	190
295	1996-05-18	90	93	39
241	1940-06-21	65	59	118
240	1990-03-28	11	90	167
295	2000-01-24	61	42	138
253	1940-02-01	30	97	156
218	2001-11-12	18	99	43
274	1984-05-01	92	50	168
281	1978-03-27	19	82	160
259	1990-04-26	9	92	20
266	1972-10-16	44	53	154
276	1997-11-26	2	40	122
250	1956-10-18	14	81	198
296	1962-10-18	1	61	129
264	1980-11-21	83	80	75
295	1948-05-12	99	80	114
223	2006-04-22	72	67	104
260	2004-04-15	85	1	149
212	1968-07-17	52	46	134
242	1965-02-20	56	78	195
249	1964-02-19	20	22	185
284	1957-11-24	4	81	19
