201	1963-02-05	12	88	144
282	1968-08-26	13	45	116
205	1964-05-07	19	65	167
261	2017-03-12	63	21	80
292	1973-06-18	50	3	113
284	1948-09-11	8	33	46
223	1945-03-29	73	1	164
264	1975-09-25	36	15	38
215	1957-02-03	88	12	109
227	1974-01-18	23	71	103
263	1975-04-10	65	10	37
240	2008-09-14	74	10	95
296	2008-11-01	13	76	69
295	2002-06-23	94	67	81
274	1990-10-13	66	88	100
211	1959-10-11	11	18	107
233	1981-06-30	80	86	99
268	2015-12-31	22	44	93
219	1983-02-06	7	39	60
298	2002-05-05	14	41	168
260	2001-06-29	37	44	190
278	1954-10-14	34	14	178
281	1967-04-01	45	48	49
212	2006-11-13	45	16	108
254	1998-03-13	21	66	163
210	1966-11-30	26	20	128
263	2014-01-28	100	100	27
229	1965-01-16	25	95	65
203	2005-06-12	56	21	119
268	1990-04-02	60	51	173
263	1994-11-23	16	83	108
273	2005-05-25	69	76	170
239	1990-12-11	82	25	13
271	1941-06-14	49	64	137
280	1960-05-17	87	49	172
299	1945-03-20	85	49	200
287	1977-11-15	59	20	163
243	1980-02-03	75	85	46
217	1990-05-22	38	16	105
215	2020-07-18	67	82	174
253	1966-02-11	78	93	41
206	1983-07-20	67	0	47
222	1974-04-09	64	66	97
231	1987-08-11	61	64	153
268	1980-11-20	63	86	78
270	1969-03-01	98	2	95
300	1996-09-02	19	59	178
267	1999-07-20	17	55	90
290	1955-01-22	48	71	118
258	1941-08-16	86	4	68
257	1960-06-02	91	50	98
293	1972-09-28	6	34	104
282	1968-01-18	4	9	104
300	2004-02-20	67	3	163
270	1985-12-19	60	22	200
269	1941-07-10	93	86	103
269	1973-06-14	79	88	105
217	1959-06-17	25	23	51
237	1944-01-13	54	10	42
213	2013-05-21	11	91	13
294	1993-01-02	54	86	182
270	1997-04-06	79	25	87
279	2005-06-13	71	68	29
232	2012-04-14	43	55	9
234	2012-02-23	39	70	167
220	1955-05-07	93	58	67
266	1950-05-01	33	24	45
298	1973-03-02	81	68	53
217	1987-11-18	17	74	80
212	2002-12-01	55	25	77
233	1943-03-21	38	54	0
266	1961-12-12	3	66	78
252	1955-12-19	83	4	95
240	1961-02-17	60	98	85
217	1951-09-11	57	49	157
206	2007-05-06	45	54	16
212	2019-02-07	95	29	98
300	2014-04-08	81	3	11
230	1994-07-31	54	98	190
271	1954-05-27	2	40	190
273	2018-03-28	93	83	43
285	2008-11-29	98	45	50
280	1942-06-11	82	39	116
201	1954-09-25	3	75	197
253	2002-01-02	4	58	73
285	2013-05-20	49	7	147
273	2020-06-26	100	62	182
258	1942-11-08	41	52	163
211	1952-01-16	8	5	151
245	1969-07-12	55	16	103
211	1989-02-07	3	69	105
216	2011-03-31	29	78	87
239	1944-06-19	99	54	129
294	1997-04-08	20	95	5
287	1978-01-01	82	23	15
247	1976-01-17	91	69	31
260	1950-01-09	91	100	25
207	1943-06-30	76	8	191
294	2001-04-27	79	70	115
283	1992-11-08	23	34	7
203	1949-01-07	4	20	194
248	1945-01-12	36	31	142
237	2020-05-20	9	4	162
243	1976-09-16	93	8	168
271	1998-06-09	76	78	179
256	1966-04-22	1	51	94
235	1947-07-07	80	42	188
207	1982-11-28	3	86	110
298	1946-08-02	65	28	121
223	1979-04-08	0	93	81
295	1988-09-25	4	98	182
230	2013-09-15	5	92	106
247	1986-06-07	18	97	140
282	1948-02-16	14	97	11
261	1979-10-25	85	32	187
211	1946-08-23	39	74	34
258	1976-09-01	13	37	153
265	1950-05-29	60	8	32
295	1983-03-09	54	32	126
226	1951-07-21	36	63	86
237	1992-05-30	57	12	95
213	1941-08-03	20	70	102
300	2010-10-12	37	90	5
214	1955-04-16	42	62	56
250	2002-06-15	72	84	76
242	2005-09-14	24	99	10
245	1954-05-27	10	33	200
276	2002-05-04	33	2	142
241	1976-03-30	11	71	56
205	1961-07-30	64	21	180
221	1947-04-14	35	56	78
245	2001-11-23	70	96	17
279	1983-11-01	11	61	66
247	1994-07-13	4	88	22
257	1967-05-05	77	24	11
289	1955-10-07	68	79	68
232	1942-01-14	85	23	17
248	1941-04-06	11	39	80
290	1998-01-07	62	10	4
231	2003-11-14	94	4	159
289	2011-09-15	30	31	144
211	2008-01-20	45	94	156
