203	1959-01-04	100	57	140
297	2015-08-11	94	98	31
206	1954-11-22	5	38	183
227	1949-06-14	6	17	184
287	1980-05-09	58	60	199
268	2009-06-04	78	81	143
233	1993-07-14	58	35	196
286	2010-06-24	10	49	180
276	1984-12-26	95	89	95
259	2019-02-17	36	42	98
232	1952-05-27	4	14	57
215	1972-08-22	36	85	113
238	1995-02-27	47	15	76
278	1995-05-11	60	50	99
245	2000-04-11	94	99	144
242	1973-06-05	50	12	46
214	1941-07-18	50	40	170
201	2001-09-02	36	29	110
291	1995-04-23	87	60	88
271	1983-07-08	100	62	56
257	1965-10-09	71	38	192
235	1946-11-03	76	22	11
213	1991-10-11	52	80	53
243	2015-11-24	74	56	0
215	1979-12-19	31	32	40
230	2020-01-09	40	27	191
232	1977-02-09	53	73	9
253	1971-05-29	82	98	121
253	2018-11-24	4	35	163
232	1943-07-19	45	38	4
267	1951-10-17	92	25	124
277	1989-10-13	3	59	97
202	1993-02-19	60	86	53
211	1999-04-07	17	79	14
201	1982-11-07	45	41	122
273	1975-03-13	4	5	57
246	1964-01-16	48	68	14
230	2019-08-04	54	86	120
283	1986-10-02	12	92	114
226	1957-08-03	38	87	13
269	1942-12-21	19	45	107
286	1984-02-01	95	0	36
258	1964-09-07	83	87	66
238	2018-08-21	77	37	184
212	1968-03-12	40	97	129
214	2002-08-03	34	53	61
222	2020-08-29	5	33	173
218	2014-12-16	3	23	16
218	1960-12-18	44	90	34
234	1940-08-23	99	37	8
245	1943-09-29	99	18	12
202	2014-02-15	31	80	19
254	1963-10-10	85	13	155
211	1953-03-09	37	41	37
256	1942-12-03	95	65	38
208	1972-04-16	53	85	4
221	1987-08-10	68	16	121
292	1974-07-17	46	70	130
251	1956-05-21	0	25	120
265	1981-03-04	89	72	115
232	1942-07-30	26	90	176
288	1989-02-14	37	26	124
271	1941-12-12	55	92	40
234	2006-06-09	69	43	6
272	1990-01-02	92	70	49
231	2015-04-27	84	85	55
225	2020-08-24	87	85	154
212	1965-04-03	12	81	37
218	2008-08-01	37	67	159
234	1980-04-23	42	7	99
298	1958-07-26	28	90	172
278	1954-12-14	57	49	36
213	1958-12-08	72	86	177
233	2019-05-31	4	64	139
224	2016-07-22	74	27	181
296	2008-05-21	3	31	154
201	1969-06-07	80	35	52
238	1992-08-22	25	54	147
256	1947-05-03	97	59	77
297	1973-09-28	62	29	58
267	1944-03-05	74	59	88
260	2011-11-28	33	43	141
231	1990-04-30	79	35	8
278	1962-12-30	5	91	153
236	1976-06-21	59	35	164
251	2017-04-22	65	38	127
299	1990-04-25	80	65	178
270	1987-05-12	90	96	108
299	1971-05-02	2	7	145
227	2010-02-19	84	22	24
291	1964-06-06	16	83	113
281	1970-09-08	26	1	122
300	1971-08-21	84	56	193
256	1961-04-08	96	2	174
237	1944-08-27	10	47	166
256	1941-06-29	2	31	1
286	1970-09-10	80	4	13
275	2000-05-22	77	75	171
236	2008-07-19	51	42	180
293	1997-02-06	87	65	105
296	1977-05-11	56	56	114
202	1950-01-17	66	12	160
227	2011-11-22	96	94	68
297	2004-04-22	100	98	178
211	2002-09-30	32	58	160
229	1949-02-11	98	8	54
258	1946-01-17	18	17	200
253	2010-01-02	97	64	3
216	2010-04-13	90	24	190
231	1983-10-18	99	58	199
271	1961-11-29	77	36	185
261	2009-10-02	11	78	63
248	1965-12-19	6	47	138
284	2008-04-18	94	37	110
229	1978-08-22	79	82	77
252	1974-05-25	55	8	39
277	2009-07-08	69	35	130
281	1966-09-24	38	91	133
249	1952-10-24	2	36	137
251	1973-07-08	53	49	58
277	1996-04-22	8	36	120
213	1949-07-08	46	51	27
252	2001-06-16	71	85	149
251	1946-09-03	14	0	54
284	1998-07-01	76	49	82
281	2005-04-07	74	91	9
291	1959-07-15	46	14	10
285	1978-08-05	58	28	196
211	1994-04-15	33	98	153
228	1943-02-17	62	66	154
218	2000-03-19	13	19	76
258	1983-10-29	40	12	44
253	1962-08-09	86	18	117
227	2014-12-25	81	60	45
283	2011-03-10	21	51	197
249	1972-10-22	29	65	176
292	1940-12-22	24	82	65
257	1962-11-06	14	15	155
295	1948-07-02	58	50	63
277	1951-06-15	87	58	196
229	1998-10-15	43	73	117
207	1987-08-14	99	45	68
226	1996-07-24	41	39	68
252	1979-10-06	27	95	141
270	2007-02-10	94	77	103
239	1962-06-11	6	92	158
270	1987-06-12	69	54	175
234	2003-07-01	36	26	161
265	1962-04-22	65	32	65
293	2010-02-08	50	74	91
259	1990-04-19	26	22	1
230	1970-10-10	26	49	3
202	1969-07-30	34	5	8
227	2017-10-31	38	62	168
205	1960-06-07	54	82	77
206	1998-11-28	9	9	133
239	1979-09-14	42	12	49
258	1990-05-31	61	83	183
277	1990-11-07	8	32	96
256	2009-08-31	70	86	35
287	1947-03-08	73	58	126
213	1995-02-04	80	88	90
291	1970-01-26	12	32	59
217	1993-11-10	53	18	176
277	1963-05-05	13	67	6
205	1984-12-18	25	40	152
300	2005-12-26	30	26	151
277	2015-09-16	19	48	120
250	2016-11-14	45	7	155
271	1984-11-15	67	3	185
227	1986-09-23	50	77	93
203	1972-03-01	9	63	173
208	1960-04-14	62	10	109
275	2014-08-20	92	48	20
291	1988-09-02	14	76	200
219	2008-02-16	64	15	122
293	1992-04-11	73	98	130
248	2009-06-28	21	67	21
292	1984-12-24	82	6	188
250	1953-11-01	86	75	20
278	1970-05-06	46	60	34
264	1993-03-21	85	47	196
219	1993-02-28	14	82	22
258	1967-01-02	87	80	124
212	1979-07-31	51	46	92
297	1969-04-02	14	38	130
271	1951-09-20	51	100	128
257	1982-02-08	26	56	153
287	1999-03-22	32	39	134
221	2010-07-20	69	65	88
296	2010-12-17	60	8	122
250	1980-12-19	14	52	141
280	1990-02-21	32	95	77
276	1960-07-16	25	88	177
288	1950-09-10	9	82	53
265	1956-09-28	33	73	11
236	1986-06-25	92	11	127
294	1959-10-22	44	37	48
264	1997-03-01	47	6	141
281	2020-08-27	75	65	83
253	2015-08-17	74	46	194
202	1999-02-24	11	66	42
284	1966-05-23	92	27	178
252	1959-07-09	100	88	37
260	1964-02-15	72	94	179
225	1957-09-01	68	32	139
234	2010-10-15	62	26	123
267	1973-09-24	4	13	4
286	2015-05-22	100	7	24
240	1994-07-10	22	54	168
293	1991-06-05	45	0	196
204	1984-09-23	87	48	41
209	2001-11-11	23	74	68
281	1953-04-22	32	48	87
289	1965-06-02	18	31	82
293	2006-03-09	36	55	107
220	1986-04-16	12	95	140
290	1999-10-24	50	12	143
207	1986-02-02	70	24	181
246	2003-04-01	34	35	89
262	1980-03-30	12	40	152
237	1976-04-27	77	100	87
270	1967-03-20	30	82	100
233	2017-01-13	89	51	113
239	1996-11-28	86	23	191
217	1946-04-25	2	86	138
280	1944-02-04	94	93	63
269	2005-05-18	15	11	97
294	1965-07-03	7	24	168
211	1970-12-02	54	68	61
210	1957-09-16	67	55	91
279	1989-12-17	72	73	3
297	1972-06-09	53	86	145
281	1983-05-30	48	91	28
214	1991-09-08	53	98	55
277	1970-05-06	87	93	77
266	1958-07-27	16	10	113
237	1999-09-10	93	77	62
272	1947-04-22	73	32	87
243	1944-06-02	64	88	189
262	1969-02-05	89	93	195
254	2009-08-30	0	36	169
261	1959-06-07	65	9	185
291	1944-01-04	29	58	146
286	2008-01-13	31	31	167
217	1962-06-21	37	69	85
270	2012-12-21	13	32	195
227	1944-03-26	77	54	49
228	2013-05-14	80	89	59
293	1994-01-02	67	82	107
237	1952-10-14	85	58	147
253	1971-05-31	37	52	78
274	1980-02-29	79	78	181
202	2014-04-19	98	6	119
224	1941-09-14	1	16	88
233	1969-05-17	99	53	112
215	1956-02-22	63	25	115
238	1985-03-21	10	18	110
233	1996-07-16	37	7	145
234	1997-04-10	52	39	5
240	1960-10-13	65	7	121
278	1940-11-14	1	41	45
218	2007-01-13	79	77	156
213	2011-08-17	33	16	172
217	1978-05-12	85	17	137
264	1945-04-11	32	20	64
231	1991-06-01	59	71	121
249	1984-09-03	25	84	88
285	2013-09-10	64	45	66
266	1959-12-21	100	17	161
269	2001-06-13	58	26	115
277	1953-03-11	70	11	75
224	1983-02-14	16	7	134
219	1973-01-04	46	79	100
239	1973-11-15	71	85	53
266	1941-03-21	22	71	193
214	2004-05-17	48	6	104
269	2008-05-23	92	15	62
238	2003-08-20	30	64	106
270	1993-07-21	100	31	194
271	2018-02-08	50	43	182
236	1962-08-16	66	61	149
287	2017-11-15	50	6	168
217	1980-03-24	34	63	140
254	2019-02-08	53	88	177
236	2015-06-21	74	77	7
206	1964-04-05	75	58	42
291	1970-05-03	2	47	3
266	1974-02-07	92	3	66
209	2006-08-12	45	66	85
274	1984-11-30	71	41	158
241	1961-12-08	95	97	66
247	2007-03-11	99	86	27
