248	1989-04-20	30	93	168
244	1942-11-26	79	3	132
277	1961-11-06	60	66	44
217	1999-03-20	96	99	125
247	1966-08-04	3	100	34
220	1967-10-02	7	35	112
276	2015-07-07	49	54	176
296	2011-10-30	16	1	96
206	1960-03-23	85	4	146
228	1977-12-28	38	77	18
239	1949-06-02	80	89	196
279	1944-02-29	85	54	6
233	1990-03-22	17	70	183
290	1994-05-09	38	37	116
213	1965-03-20	13	92	52
236	2000-05-21	32	9	86
293	1962-09-10	57	74	42
243	1947-09-21	63	80	81
268	1992-09-29	3	88	38
271	2018-03-01	88	29	116
258	1979-03-08	50	43	111
258	1984-05-01	2	37	147
295	2019-02-03	78	34	180
241	1991-11-01	14	42	109
281	1973-04-14	91	86	36
223	1944-03-22	81	4	136
260	1948-12-27	33	86	162
215	1975-04-29	24	82	87
213	1983-10-16	98	43	8
213	2017-01-07	81	95	120
260	1980-01-05	61	80	95
256	1980-06-25	96	86	197
224	1965-10-17	31	96	124
269	1989-08-27	20	79	69
249	2011-07-23	20	95	104
275	2003-10-30	57	62	34
210	2001-01-09	54	5	57
255	2018-05-25	0	88	71
272	2013-06-02	3	32	6
238	2012-03-20	74	90	23
300	1981-10-06	7	96	191
284	1942-03-28	7	59	147
292	2006-12-26	7	53	13
244	1972-04-23	29	15	163
208	2006-05-14	3	59	129
296	1974-04-27	64	77	59
231	2015-01-10	8	92	185
299	1990-09-07	45	6	109
288	1978-07-23	18	42	177
225	2009-08-14	92	32	161
264	1942-12-08	85	58	201
291	2016-10-06	21	90	101
236	1952-09-27	32	8	23
252	2017-09-08	14	54	14
231	1989-02-27	11	9	5
290	1989-05-04	73	25	5
298	1968-07-05	5	77	62
295	1946-06-18	21	78	152
241	1967-11-28	18	24	49
207	1997-06-19	83	34	158
272	1942-05-08	32	90	50
284	1974-01-10	60	23	139
284	2003-05-03	23	54	159
211	1953-04-16	35	53	24
274	1992-11-27	91	1	17
246	1950-12-04	6	57	93
249	1994-08-26	93	44	97
249	1989-01-28	43	56	97
290	1991-12-10	47	88	188
277	2001-04-20	48	37	8
260	1995-12-09	53	13	163
222	1963-10-29	44	93	4
258	1996-05-21	55	64	2
280	1992-04-26	23	43	1
224	1997-11-10	54	71	73
251	1991-04-26	67	79	64
284	2016-07-05	60	42	7
206	2018-07-12	92	86	199
287	1961-12-04	45	58	7
300	2005-01-01	10	83	25
287	2013-07-07	8	70	129
230	2016-01-03	58	6	120
278	2005-09-13	36	86	78
237	1988-03-04	44	29	192
215	1947-01-30	86	39	157
258	1966-08-02	11	71	82
274	1994-04-13	91	42	101
206	2020-06-02	19	31	171
266	1977-04-04	68	6	186
243	2012-01-25	33	36	50
290	2016-09-16	35	52	48
267	2001-10-24	39	5	77
203	1962-12-31	46	9	11
261	1962-10-01	4	27	145
264	1971-03-13	65	62	61
295	1946-09-16	54	71	6
284	2017-06-20	79	46	86
286	1997-06-01	99	67	125
249	1989-05-27	28	96	74
267	1985-08-07	55	71	13
258	1979-02-14	34	25	171
293	1995-03-12	66	47	193
242	2017-02-01	88	75	113
201	2019-09-07	75	54	62
201	2019-10-17	6	93	30
236	1943-04-08	24	77	1
210	1994-02-07	97	42	139
274	1951-04-16	36	70	34
215	1989-04-03	12	68	70
