299	1989-04-30	21	50	173
251	2007-01-27	44	35	69
230	2007-03-31	80	12	5
291	1946-11-11	52	51	172
234	2009-01-13	35	38	74
239	2004-08-26	63	53	127
234	1953-01-14	77	38	38
249	1992-10-04	98	28	199
233	1956-06-01	2	25	189
246	2015-10-20	69	54	54
256	1999-11-27	30	62	114
248	1947-11-09	91	53	83
253	1966-12-18	92	48	62
291	1972-09-29	58	71	161
212	1972-02-12	87	81	5
259	2003-05-28	81	25	111
241	1981-04-10	25	100	130
227	2011-05-19	33	72	179
239	1943-10-14	44	63	132
253	1947-02-25	42	13	19
216	1956-07-30	57	23	175
241	1961-12-13	3	49	51
207	1960-08-09	96	57	194
289	1990-07-21	50	88	171
275	1972-10-29	39	59	164
282	1976-08-02	73	30	98
261	1976-08-27	0	61	40
264	2014-08-21	75	33	182
240	2019-01-08	15	82	136
267	2009-02-17	86	35	30
233	1950-09-14	37	10	149
280	1973-04-19	92	87	14
213	2019-04-04	34	6	91
265	2000-12-08	58	13	159
258	1964-05-07	24	84	4
288	1972-11-09	30	74	150
300	1959-03-01	72	57	198
208	1974-04-16	21	4	44
229	2013-05-20	4	20	178
215	1963-11-18	4	0	68
202	1948-04-25	3	25	172
274	1969-01-09	51	50	133
237	2015-07-26	10	17	190
204	1942-03-15	39	80	4
243	1948-07-05	59	56	49
266	1947-02-07	76	8	128
280	1947-09-23	46	99	184
294	2017-04-24	1	90	68
257	1998-04-06	8	35	156
239	1979-03-08	96	64	54
294	1964-08-22	54	71	195
213	1971-04-18	92	14	128
220	1985-05-17	40	42	142
275	1942-11-26	72	71	198
232	1952-08-08	2	76	4
202	1944-04-19	100	62	93
235	1960-08-27	5	53	109
289	1999-11-22	88	40	81
268	1980-06-13	35	6	33
281	1990-11-28	59	9	152
242	1972-12-12	7	68	52
263	1952-11-06	21	35	28
266	1953-03-08	62	24	199
220	2013-07-08	84	71	58
265	1969-01-25	8	77	122
282	2002-08-04	23	25	118
229	1974-02-02	100	81	161
217	1980-09-01	1	77	159
245	1989-12-10	8	77	114
240	1983-11-23	18	55	195
266	1960-01-20	4	85	131
256	1966-07-03	3	37	163
201	1987-05-13	70	50	38
266	1977-10-27	63	56	197
296	1951-12-29	70	99	82
278	1983-07-23	89	60	73
218	1978-06-19	73	93	194
275	1955-12-09	95	94	188
278	1950-01-04	39	18	61
261	1956-04-03	75	20	155
288	2012-12-07	90	40	47
223	1948-11-17	65	64	166
261	1945-02-03	77	40	158
230	2010-04-23	43	26	0
300	1991-07-08	71	48	176
273	1995-06-07	76	1	193
257	1958-03-09	34	81	20
251	2016-04-19	2	56	160
286	1959-01-12	77	61	180
259	1949-04-15	55	64	106
286	1947-09-12	62	24	131
284	1968-12-26	91	2	141
213	2005-05-06	36	78	162
262	1940-05-20	52	94	192
231	1973-06-01	11	26	47
299	2003-01-13	34	13	137
210	1975-03-22	73	20	101
233	1940-05-21	61	45	62
243	1973-07-03	27	49	2
255	2002-01-14	95	41	56
288	1970-08-28	58	41	118
222	1957-10-01	74	67	77
234	1981-03-17	79	50	165
295	1951-06-20	65	97	75
260	1984-07-26	68	94	171
201	1970-05-15	28	73	162
210	1983-06-06	43	91	17
289	1999-01-19	63	79	113
226	1944-06-10	49	33	131
258	1984-08-29	54	98	135
242	1941-01-09	94	83	33
265	1985-05-24	71	8	76
259	1986-02-18	100	71	121
221	1985-08-13	91	44	70
276	1951-12-08	52	12	65
223	1976-01-05	0	79	173
247	1987-10-16	19	0	83
231	1946-06-10	84	71	149
213	2016-09-15	34	43	13
245	1970-08-27	18	41	39
278	1988-06-22	36	52	113
215	1972-08-02	26	85	79
274	1967-06-16	7	96	25
216	1967-09-15	79	49	24
268	2009-04-22	85	24	153
244	1940-05-17	57	60	37
254	1953-08-12	16	76	142
265	1972-02-25	6	94	71
291	1966-05-17	98	8	179
210	1991-12-23	47	23	119
275	1976-03-24	92	34	102
211	1971-04-21	9	3	74
208	1957-08-17	99	2	112
209	1987-11-21	32	20	35
217	1949-07-15	47	5	200
299	1995-06-12	17	75	0
261	1975-09-14	67	21	153
243	1969-04-02	21	15	158
219	1944-12-03	76	22	121
217	1987-10-19	24	82	184
285	1978-10-18	93	29	98
291	1992-04-25	34	56	155
254	1998-07-16	73	32	171
222	2001-10-15	53	28	37
255	1977-06-27	24	83	51
277	1961-01-17	44	50	167
204	2005-06-22	14	49	22
217	1994-04-12	0	40	75
237	1993-09-04	61	8	58
290	1967-06-03	28	95	156
227	1963-01-30	53	54	80
298	2001-04-07	64	44	154
287	1999-11-08	88	35	86
273	2009-12-30	32	50	178
273	2013-11-26	11	0	169
213	2007-10-08	6	74	52
290	1951-06-07	70	58	78
293	2006-10-27	23	16	131
227	2013-05-15	92	2	150
274	2006-10-23	65	62	133
214	1988-05-01	62	27	5
235	1983-08-28	50	17	181
268	1940-02-28	10	55	197
213	1984-10-14	21	17	57
222	2011-11-16	7	63	129
264	1961-01-06	10	18	48
266	1957-07-22	71	89	6
206	1974-12-21	49	44	25
238	1965-03-05	10	8	120
238	2005-05-11	38	66	3
238	2012-03-31	96	9	102
201	1967-11-07	16	15	31
282	1953-08-19	50	11	111
214	1947-04-17	36	22	135
278	2016-12-22	7	60	84
223	1956-02-14	70	50	43
266	1949-02-04	65	62	176
278	1986-05-30	71	6	130
212	1968-01-15	56	80	150
257	1970-06-08	34	47	89
260	1990-11-01	59	9	25
234	1957-12-18	17	31	104
214	1941-09-19	35	14	20
232	2016-11-17	42	3	88
211	2003-09-13	74	99	106
226	1979-03-03	1	91	79
207	1961-09-22	74	36	49
249	1990-08-12	89	26	184
219	1970-05-08	84	54	81
204	1950-06-12	30	36	60
205	1994-07-01	22	76	73
244	1987-11-24	27	0	74
223	2013-01-13	86	6	46
273	1993-03-11	76	72	35
227	1997-10-11	67	55	195
262	1965-06-29	19	69	154
212	1949-01-04	100	97	38
262	2013-05-17	21	10	136
288	2006-04-10	16	62	112
236	1995-06-19	33	39	108
298	1940-12-03	8	53	56
276	1978-04-11	85	53	82
222	2016-03-17	68	15	192
250	2006-02-28	94	96	57
252	1966-05-31	96	29	159
230	2004-11-15	78	76	101
217	1967-09-14	38	43	59
286	1978-05-26	56	3	164
252	2016-10-10	9	63	51
265	1945-06-11	2	2	144
207	2002-01-14	67	82	28
290	1974-09-04	74	98	147
277	1975-03-05	28	38	13
272	1984-07-26	12	87	167
246	2015-10-19	13	68	172
214	1954-12-31	32	96	184
210	2019-12-10	4	26	158
239	1999-06-05	41	48	156
257	2000-06-20	94	97	126
276	2001-06-08	69	55	78
260	1998-11-07	88	42	82
268	1997-08-16	10	84	146
271	2004-10-07	60	68	32
203	2013-06-15	100	7	141
219	2004-02-15	82	19	139
234	1975-12-17	95	68	131
293	1949-09-18	78	92	0
206	1952-03-01	77	20	137
264	2017-06-11	54	62	178
262	1975-08-19	15	89	15
224	1987-11-04	17	14	82
288	2019-05-10	51	5	113
225	1940-05-09	51	53	78
251	1994-12-23	89	9	182
227	1985-12-27	12	25	92
282	1974-09-05	67	71	20
239	2010-12-05	58	97	146
207	1966-09-25	2	6	200
290	1967-03-29	1	51	23
276	1974-08-03	39	8	168
298	1955-04-19	18	64	138
261	1997-10-01	50	57	159
237	1963-05-18	10	2	73
237	1994-02-13	29	49	136
225	2000-05-24	60	90	142
270	1940-02-23	79	58	50
286	1997-03-30	12	86	174
217	1969-09-04	81	61	62
223	1964-04-02	88	49	153
240	1983-07-29	67	32	116
210	2012-08-18	55	53	23
290	2013-12-08	46	67	180
240	1995-10-18	78	53	197
222	1984-11-14	88	76	100
205	1981-09-03	24	33	135
278	1969-01-28	56	25	188
287	1970-01-09	58	26	63
238	1940-03-10	93	25	3
216	1942-10-10	54	6	30
236	1977-08-06	72	63	132
231	1989-06-21	34	97	95
226	1941-06-16	92	67	170
211	2011-06-30	25	80	66
231	1974-10-21	31	44	130
237	1980-01-12	77	72	164
207	1972-12-27	24	6	88
281	1950-04-01	32	98	10
282	1972-10-16	91	87	190
259	1949-05-26	27	66	68
217	2007-06-30	69	56	12
237	1989-11-14	44	58	9
253	1944-12-27	86	53	32
254	2004-05-29	47	64	107
247	1981-03-14	70	54	25
285	1950-01-24	39	48	28
255	1972-10-27	88	76	62
231	1946-10-21	91	27	180
298	1999-01-10	34	97	165
253	1976-12-23	86	52	29
232	1971-06-27	90	85	119
276	1982-03-02	82	97	191
286	1988-07-23	53	53	41
244	1960-04-13	30	95	91
257	1987-08-23	89	49	16
289	1973-07-30	98	86	142
250	2019-08-13	61	76	157
287	2013-06-25	61	65	91
258	1978-07-13	20	16	196
211	1988-12-27	44	80	93
240	1981-04-18	18	28	194
284	1990-01-29	34	40	55
277	2000-03-19	47	28	58
283	1990-12-06	79	44	85
212	1979-02-20	69	75	78
220	1977-08-01	28	3	153
221	2000-05-15	87	92	186
223	1976-02-28	72	38	9
218	1978-11-17	23	40	16
