263	1989-01-27	85	53	80
258	1959-04-19	67	70	153
201	1969-01-02	67	5	201
255	1989-10-10	4	48	63
244	1996-01-12	35	61	187
273	2006-02-20	75	8	94
270	2017-04-22	23	42	193
255	1956-11-22	78	31	107
276	1997-08-04	19	49	131
276	2003-08-21	54	66	161
254	2001-10-03	74	43	40
228	2002-06-23	100	31	191
252	2004-09-23	68	53	101
247	2004-12-20	66	63	1
256	2017-08-24	17	95	2
228	1966-01-07	43	6	153
248	1990-01-27	2	58	174
224	1984-02-04	35	54	123
216	2016-07-04	46	21	68
286	2000-04-13	37	26	8
274	1959-01-03	9	22	106
239	1957-07-13	16	27	188
279	1981-11-21	44	85	2
241	2013-10-14	68	32	173
229	1990-07-13	50	21	11
273	2018-10-26	3	84	140
248	1974-01-05	97	11	60
240	1988-05-07	19	86	141
290	2001-04-19	76	20	58
231	2016-10-15	15	17	74
209	2019-04-12	29	50	64
251	1999-12-09	72	64	106
212	1983-10-07	96	58	145
223	2006-08-20	17	10	48
243	1961-12-20	61	13	121
227	1986-11-09	6	43	118
231	1943-07-31	9	23	25
241	2007-06-11	8	93	68
264	2010-12-30	20	90	102
241	1955-10-31	19	8	32
240	1950-02-25	45	89	68
204	1962-10-09	39	2	36
266	1942-10-17	85	28	20
216	1965-09-26	68	55	42
276	2010-01-04	58	100	37
299	1969-11-22	9	93	2
218	1991-09-09	32	81	109
285	1940-02-16	74	6	73
274	2005-12-30	57	20	16
204	1984-12-19	25	93	12
240	1958-12-22	100	75	86
207	2005-05-12	98	98	51
231	1954-06-27	21	97	122
245	2005-12-27	82	23	120
209	1951-01-02	44	59	148
207	1990-04-12	22	71	13
259	1981-07-17	56	1	35
227	1969-12-20	85	87	49
258	1940-11-02	0	50	174
260	1984-11-23	73	65	44
212	1975-05-05	10	64	105
212	1976-11-18	63	24	43
276	1972-10-25	46	73	116
202	2006-03-13	60	61	108
273	2018-01-22	83	11	96
238	1970-04-19	11	61	195
232	1946-09-11	70	90	130
271	2000-02-02	24	26	104
285	1953-03-15	19	69	187
230	1954-09-15	85	27	182
221	1985-11-22	46	47	3
207	1956-01-30	80	91	26
212	1989-01-02	33	19	25
240	1999-09-02	96	31	172
248	1950-02-07	8	58	78
270	1992-02-01	90	12	101
228	1975-12-25	13	45	177
238	2017-12-01	58	90	23
290	1979-10-10	91	99	5
203	1992-07-13	61	28	101
262	1968-09-24	58	4	67
268	1958-06-21	39	79	24
276	1948-03-07	45	82	73
247	2005-03-07	65	77	155
269	1962-04-02	21	100	64
245	2019-03-12	80	72	128
287	1965-12-27	94	93	32
254	1960-06-25	88	64	6
247	2008-06-13	55	16	108
211	1969-12-23	36	7	134
209	1945-09-04	76	85	150
236	1973-12-23	69	45	115
234	2018-04-06	69	84	63
217	1981-08-16	32	71	35
219	1984-05-09	27	44	142
300	2001-03-15	45	54	84
293	1966-06-14	63	37	81
224	2019-08-26	30	71	6
271	1982-05-21	66	100	13
253	1963-05-20	45	47	143
298	1979-04-10	23	82	112
