286	1960-08-02	87	23	104
262	1991-09-03	56	35	24
230	2011-05-17	84	3	122
241	1942-11-23	50	77	138
223	1963-08-25	93	52	30
258	1998-08-28	64	61	103
285	1959-03-30	17	79	4
223	1967-11-08	32	85	23
287	1973-03-22	12	2	75
237	1999-07-09	19	83	153
243	1974-07-28	33	100	10
251	2008-11-18	75	22	50
289	1951-04-15	99	83	147
222	2009-05-07	30	44	5
252	1989-06-29	41	85	107
242	1943-06-25	27	82	125
252	1980-04-17	47	21	88
260	1966-11-12	3	63	40
242	2018-09-19	73	100	95
229	1974-12-20	0	62	191
205	1976-03-18	100	80	9
241	2012-10-31	45	26	76
242	2014-04-21	88	21	159
251	1950-11-01	71	57	120
272	1961-11-11	70	51	83
218	1955-08-21	6	28	169
217	1985-06-23	48	92	33
224	1992-11-10	0	52	140
233	1964-10-18	44	79	145
242	1940-02-17	71	97	89
285	1965-03-08	63	1	48
236	1956-03-11	96	57	34
268	2007-12-13	37	76	146
278	1969-05-05	8	83	107
269	2018-10-24	56	7	141
230	2018-03-17	85	45	92
244	2003-12-03	45	59	97
256	2013-01-10	43	73	54
238	1944-01-01	3	80	22
277	1978-08-06	88	86	187
292	1946-04-24	33	0	47
239	1958-04-23	83	61	175
224	1963-09-14	14	21	79
300	1943-12-30	71	68	136
205	1960-12-17	0	35	9
205	1941-02-10	33	74	190
288	1968-03-13	4	33	155
287	2001-04-11	96	0	138
255	1964-06-24	59	59	46
294	1977-03-05	19	33	134
231	2003-12-09	17	30	201
294	1985-09-19	49	45	17
202	1958-06-21	63	46	57
276	1973-09-10	74	54	136
243	1944-09-22	12	63	76
300	1974-09-12	7	95	91
201	1994-11-17	58	77	137
234	2012-01-29	40	72	38
203	1978-05-15	65	31	179
261	1947-08-29	54	85	136
248	1949-03-18	54	96	170
230	2010-09-23	99	78	121
272	2019-12-26	72	53	73
237	1995-03-15	29	24	160
205	1976-05-12	12	2	99
253	1959-12-20	42	90	123
233	1952-10-29	88	69	152
259	1983-04-30	32	2	201
264	1994-04-08	28	10	119
297	1972-04-21	48	18	191
279	2003-11-20	79	15	34
276	1973-06-10	54	36	39
223	2015-08-14	36	79	7
206	1953-06-18	96	97	21
236	1962-11-04	36	46	172
253	1993-11-20	14	70	86
205	1959-09-06	68	36	85
201	1961-10-14	91	73	162
245	2004-02-29	1	18	174
248	1985-02-12	38	65	185
247	1944-11-11	11	4	136
293	1962-04-07	9	56	125
294	2019-02-01	9	59	5
207	1992-08-07	44	85	125
262	1995-08-24	54	36	66
276	2015-07-02	43	10	77
201	1969-02-14	6	38	74
248	1954-07-16	54	98	97
243	1998-01-14	32	93	80
262	1990-10-28	2	35	128
255	2019-10-17	25	20	111
231	1983-03-19	57	59	43
296	1956-04-06	4	20	138
244	1987-05-17	79	96	91
284	1979-09-03	64	2	36
252	1986-12-06	41	99	8
205	1989-11-25	39	34	101
279	2006-04-08	41	32	104
258	1965-01-10	84	18	63
218	2017-03-29	55	12	4
261	2015-09-06	75	57	89
