259	1977-01-24	16	83	193
258	1944-07-25	15	67	17
219	1963-09-06	40	80	109
282	2013-04-07	24	80	139
203	2019-06-16	50	44	181
249	1968-02-28	63	15	198
300	1959-01-28	46	40	36
266	1998-05-25	60	52	66
227	1957-11-24	84	59	139
286	1991-10-07	41	70	36
276	1956-07-09	81	68	114
258	1962-05-11	57	92	178
284	2006-01-08	45	29	33
266	1942-12-01	12	93	50
204	1941-09-04	31	81	92
255	2020-03-01	81	40	58
273	1989-05-25	6	11	61
292	1945-04-17	31	61	91
235	2015-01-03	14	51	105
201	1994-03-13	88	51	170
264	2007-09-25	49	97	195
291	2005-05-06	33	78	46
239	1993-12-14	12	84	116
210	2014-04-27	3	98	9
256	1997-04-03	25	77	172
297	2003-01-11	21	77	137
290	2009-05-29	79	79	104
201	1945-10-21	35	99	175
284	2005-09-29	94	57	26
290	1957-01-24	18	29	179
216	2000-07-19	31	24	155
293	1966-06-28	0	79	122
280	1980-03-01	72	19	193
230	1984-12-03	50	76	165
279	1969-05-01	88	52	106
258	2019-03-04	98	13	180
242	1952-05-31	82	43	87
256	2001-04-05	65	75	85
258	1941-05-30	48	98	185
299	1962-08-31	3	86	64
243	2010-06-25	49	44	194
294	1953-12-29	72	99	187
224	1996-03-17	49	49	190
219	1986-02-07	95	84	105
291	1980-06-13	88	41	16
258	2008-07-15	9	87	52
230	2018-05-24	78	15	189
239	1958-07-20	34	3	198
234	1959-03-28	31	45	72
229	1980-08-29	26	22	18
271	1941-10-21	94	6	26
235	1974-08-05	98	87	48
281	1998-04-17	32	91	199
252	2011-06-28	85	15	23
201	1988-02-20	8	28	80
218	2008-05-12	20	17	63
264	1961-07-28	75	98	78
212	2005-09-14	11	87	101
228	1954-04-20	68	70	145
245	1979-06-15	98	97	63
272	1964-08-21	9	74	52
263	1968-05-18	46	8	10
299	1997-01-16	58	7	192
257	2003-03-27	71	27	28
285	1949-08-25	87	16	36
245	2018-12-25	98	6	199
241	1960-08-18	12	34	28
223	1969-01-03	85	83	185
208	2015-01-08	7	25	24
255	1978-02-17	19	34	120
272	1990-10-03	87	82	146
278	2017-10-13	61	71	119
216	1944-07-04	53	64	67
201	1953-03-03	35	54	5
202	2007-03-18	65	49	41
212	1952-08-12	81	69	189
277	2005-06-09	67	51	38
300	1951-12-10	97	0	84
243	2001-02-28	86	22	102
257	1988-06-23	24	5	40
248	2014-04-03	99	64	70
233	1992-04-19	23	19	29
216	1967-10-06	9	17	184
259	1966-10-14	57	42	150
210	2018-08-30	9	90	88
213	1946-09-02	0	3	65
241	1973-12-07	52	83	77
275	1953-12-08	85	25	152
223	1948-10-22	10	26	12
245	1982-04-27	5	91	116
230	1993-07-28	0	46	115
216	1972-05-15	71	44	55
284	1981-09-29	53	87	61
216	1997-11-08	53	57	141
227	2000-09-03	57	97	45
265	1984-03-15	56	30	147
209	1950-09-12	1	69	154
280	1946-04-17	70	45	124
284	1992-01-07	9	81	52
256	1994-05-04	82	55	120
242	1959-10-19	26	55	49
207	1949-11-09	90	20	191
210	1998-12-04	29	91	199
233	1956-02-27	34	58	196
253	2014-12-18	47	55	114
210	1956-01-27	43	21	132
