253	2020-09-13	18	13	878
217	1963-03-03	12	58	528
285	1965-11-28	14	12	501
294	2014-02-12	6	93	346
268	1945-11-24	35	0	1993
299	1950-02-03	14	80	1223
221	1957-10-06	26	7	30
288	2012-07-22	40	78	1592
236	1947-11-30	22	66	1944
232	1948-08-29	9	46	858
213	1984-05-26	41	51	1927
300	1982-11-18	6	58	68
236	1986-01-11	-7	69	1122
257	2015-03-30	13	88	903
244	1986-10-16	4	32	776
259	1962-03-26	40	11	1895
253	2010-07-02	29	16	1957
286	1973-03-24	40	16	1019
266	1989-01-06	26	5	41
225	2016-12-13	2	98	1217
283	1995-11-22	2	37	1335
242	1983-01-02	30	5	1245
212	1951-07-19	33	8	1625
283	1957-05-09	-5	48	1114
244	1962-04-05	-2	25	713
224	1988-08-06	12	58	908
290	1979-02-22	42	93	1985
261	1957-03-14	-2	0	482
205	1976-05-06	9	69	1777
289	1970-04-03	29	10	678
265	2010-08-01	-8	99	881
236	1998-06-12	-3	38	2
260	1990-05-31	8	38	964
280	2019-07-07	33	2	1689
211	2002-03-25	32	94	1826
247	1995-12-25	40	77	1338
300	1999-08-18	34	100	472
250	2000-08-06	30	18	1021
270	1955-06-04	1	100	1549
269	1969-08-07	-14	10	1678
222	2004-02-17	24	36	528
279	1953-01-23	21	24	1354
251	1964-11-23	9	85	1416
275	1997-04-24	4	65	928
265	1983-08-12	23	15	15
283	1968-04-25	27	33	124
213	1949-06-03	37	49	1590
295	1980-02-24	-1	21	890
252	1951-05-13	6	9	1689
216	1992-02-21	-4	2	4
239	1987-10-31	6	8	1476
205	1964-10-10	14	98	1163
214	1949-12-05	9	54	1528
203	1964-04-22	13	94	1514
247	2002-05-27	0	25	278
206	2010-01-24	-15	96	1306
268	2002-12-11	13	87	1922
206	1958-03-07	5	18	1104
237	1954-02-28	15	32	1729
287	1940-08-25	3	33	35
235	1977-11-02	-3	72	1960
291	1964-09-11	6	89	1393
269	1964-09-05	33	41	276
246	2020-02-25	19	39	1453
290	2012-03-01	9	92	313
247	1991-07-12	1	50	1008
213	2003-09-29	-11	63	1023
206	2014-05-04	24	98	613
292	1993-07-10	-9	40	530
240	1995-11-11	13	100	335
250	1968-12-06	-8	25	1632
227	1942-06-15	0	81	1567
267	2013-01-22	-14	68	32
240	1965-12-10	35	89	1143
293	1951-10-29	29	29	1547
242	1966-04-14	-14	16	256
289	1940-11-16	14	1	927
268	2012-06-17	11	53	772
215	1952-09-22	32	1	1808
262	1960-02-06	36	64	743
216	1999-07-04	-6	11	828
213	1995-10-09	19	50	1903
280	2006-02-19	-3	1	128
300	1954-11-10	-4	64	1581
226	1976-06-15	0	60	1954
205	1942-12-24	-7	97	19
275	1949-05-24	9	80	1901
273	2007-08-26	37	97	1863
206	1982-02-07	41	39	1070
223	1994-05-04	19	56	1687
222	1947-12-13	21	55	1668
265	1987-02-28	42	92	298
207	2012-06-05	12	95	1566
273	1979-12-06	0	57	248
229	1975-04-10	22	77	838
297	2002-09-29	23	56	474
276	1941-09-20	18	30	1477
216	1995-01-04	42	58	763
202	1995-09-29	40	72	862
214	2016-09-04	11	63	122
294	1983-11-18	-10	90	1422
214	1992-08-04	-10	57	1969
220	1976-09-09	-15	64	1601
231	1942-08-29	16	9	1399
205	1983-09-14	5	58	1858
280	1999-01-22	40	39	85
239	1942-08-16	-6	84	1856
291	1940-10-06	20	15	1187
256	1948-06-24	-1	81	1694
288	1983-08-26	25	65	690
264	1964-10-13	37	71	1760
271	2005-01-14	31	19	350
258	2005-11-13	37	69	253
223	1998-02-13	5	32	423
237	1986-10-31	21	62	1311
240	2006-07-06	22	42	148
235	1979-09-07	19	8	1476
263	2001-12-19	0	37	718
249	1955-08-04	29	45	1884
220	1999-03-15	-8	27	1174
230	1959-03-13	16	91	1524
250	1972-01-13	6	6	266
245	1974-11-10	18	40	1175
205	2018-09-30	22	63	980
250	1997-04-12	6	93	1891
229	1943-07-21	13	60	1668
267	1981-12-08	20	76	1445
284	1981-05-03	4	82	1688
277	1965-08-28	26	97	172
251	1950-03-01	-8	63	1095
238	2001-02-01	40	43	1757
296	1958-11-15	12	100	1900
224	1980-12-22	41	42	1920
255	2012-08-30	40	50	1407
288	1974-04-16	7	18	1642
289	1987-04-26	3	70	47
213	1974-03-30	42	52	794
234	2016-01-31	13	64	1988
274	2005-12-08	31	51	1692
233	1995-03-12	-1	77	461
221	1952-05-04	30	7	1768
291	1995-04-02	8	4	796
296	1994-10-23	27	63	638
291	1997-08-16	-11	9	159
218	1992-05-11	32	59	1918
275	2011-09-20	-14	34	1832
264	1968-03-08	7	68	952
253	1979-06-30	-8	64	1671
260	2002-11-25	9	72	265
210	1978-08-17	38	37	1777
238	1978-03-27	12	26	1560
297	1946-10-23	37	57	1216
226	1958-01-22	12	6	415
264	1969-02-28	-14	81	1220
212	1941-08-13	27	25	243
252	1983-07-14	15	22	384
291	1942-01-22	-4	18	1786
242	1948-01-21	38	1	1884
228	1979-02-14	22	79	1042
297	2020-09-09	1	88	232
214	1967-08-18	5	82	1843
284	1974-03-21	-13	18	1170
253	2016-09-28	4	61	514
225	2011-05-17	-14	30	240
223	1952-01-09	1	32	1845
267	1952-06-06	-12	5	1864
282	1945-10-16	-14	67	1614
274	1953-09-11	-14	38	1630
213	1970-12-30	19	8	477
263	1985-11-07	11	10	373
284	1984-02-29	23	32	403
248	1962-01-22	19	4	1299
278	1959-05-20	27	98	438
299	1972-08-18	7	53	562
207	1964-09-14	37	44	918
207	1964-01-17	28	45	83
253	1982-11-18	4	63	201
258	2001-08-16	-11	36	192
275	1986-10-16	26	61	1736
281	1986-08-31	1	49	481
296	2018-03-27	13	87	1438
268	2004-10-15	11	81	1966
295	2000-04-09	40	36	1630
293	1992-04-12	6	21	566
228	1959-06-05	-13	23	509
272	1984-08-21	4	44	681
278	1997-10-30	4	77	1982
262	2012-03-24	-14	7	612
260	1978-06-11	-8	61	1793
252	1995-04-13	12	87	1170
221	2012-03-13	-12	94	1895
248	1942-04-13	-15	100	1370
248	1980-06-16	-1	90	1296
211	1974-02-23	33	84	268
204	2005-04-03	-7	25	1046
255	1944-01-17	-8	24	1012
269	2001-01-01	7	24	1907
300	1973-10-06	0	5	1281
220	2015-09-15	21	72	666
225	2001-12-12	12	60	1962
218	1949-09-17	-5	95	1289
257	1944-09-23	21	8	555
300	1945-07-07	8	51	98
204	1949-02-22	40	41	1040
283	2007-10-15	38	25	40
300	2004-11-22	-5	0	1241
269	1992-10-21	12	30	1556
262	2015-02-14	15	19	1214
266	2008-01-26	28	100	148
283	1956-03-03	17	78	1717
211	2003-10-24	38	26	683
254	1994-04-03	41	25	926
262	1994-06-01	15	44	1861
267	1957-10-24	9	66	98
216	1959-08-17	7	95	1444
259	1970-09-27	21	25	1702
295	1993-05-21	4	40	1175
235	2004-10-18	-4	99	232
202	1993-03-13	1	67	458
273	1985-11-12	39	88	56
297	2005-02-14	-3	78	1623
284	1987-03-11	14	45	758
240	2007-02-06	24	5	1332
300	1942-07-21	4	1	818
293	1948-11-25	1	96	1609
289	1971-07-02	24	99	452
212	1977-12-18	13	60	575
276	1976-02-07	-12	31	1017
257	1957-09-10	42	29	217
288	1995-05-15	33	1	641
206	1979-09-02	0	96	867
252	1955-03-01	32	31	1639
208	1958-07-01	33	19	272
219	1985-11-14	16	34	1830
244	1970-10-19	1	86	594
226	1991-06-06	22	52	113
238	1995-06-08	18	72	412
230	1976-07-02	-4	45	1931
285	2004-05-18	2	34	1571
238	1967-12-19	5	87	1074
205	2005-02-13	21	72	1708
267	2010-08-25	29	89	124
219	1993-01-06	3	31	134
235	1954-10-31	28	99	1875
259	1964-10-02	-7	38	416
208	1968-10-01	3	34	1216
246	1948-12-30	7	10	1459
250	1965-11-08	35	45	1831
290	2002-04-08	1	25	70
228	2003-10-31	11	47	62
285	1998-11-10	9	58	392
221	1965-02-13	42	92	420
291	1990-06-17	-4	88	350
286	2000-01-21	-14	96	78
286	2014-04-04	-7	95	947
220	1959-08-10	29	84	578
288	1954-12-02	22	15	1294
285	1957-05-28	-15	20	368
