259	1952-12-22	28	9	783
273	1952-12-26	-2	89	1274
287	1969-01-18	-2	11	665
220	2006-07-03	34	69	1698
204	1956-04-10	18	17	1944
273	1974-10-01	21	50	1111
252	1992-05-29	7	83	706
205	1991-08-22	2	98	1747
247	1949-10-21	9	99	563
219	1977-05-01	19	49	1139
233	2003-11-24	18	8	1304
238	2008-05-21	9	57	836
246	2003-11-04	-9	52	172
267	2001-11-30	12	78	898
215	1989-04-21	-3	7	1777
204	1970-08-06	41	89	1516
289	1955-01-10	30	97	401
228	1955-07-06	30	87	1803
207	2017-05-10	40	39	470
272	1952-09-23	3	6	1360
289	1953-12-16	42	90	734
265	1958-10-03	-13	24	502
252	1948-08-01	-10	77	1851
280	1993-07-25	28	8	1909
213	1974-02-25	0	32	132
207	1980-01-22	17	12	1354
293	1974-08-25	-15	56	1589
241	1979-03-20	13	27	1789
215	1970-06-23	29	88	485
279	1944-11-13	-15	29	468
255	1971-03-27	-11	76	243
287	1968-07-09	8	13	1127
223	1960-06-26	9	79	319
256	1977-09-08	39	85	804
220	1986-02-02	19	86	128
262	1987-04-12	42	78	747
294	1975-03-18	-13	38	225
261	1965-07-09	21	11	1845
251	1993-11-26	18	54	1257
240	1984-06-12	-1	47	1129
269	2008-08-20	-6	1	320
219	1960-11-24	1	20	1996
247	2013-03-30	36	33	698
290	2001-11-10	-9	51	723
285	1984-08-02	16	38	688
266	1983-01-23	33	14	227
235	1991-08-28	10	27	1609
252	2009-02-21	-6	77	150
275	1987-02-23	-4	58	1845
254	1995-12-04	17	72	130
263	1954-06-01	32	15	802
229	1946-05-12	19	48	972
278	1990-10-09	-3	71	286
206	2010-09-17	14	62	1919
215	1988-12-24	-15	76	1859
243	1977-02-14	-14	4	1867
222	2011-02-11	23	9	815
247	1968-07-24	22	32	1548
246	1983-01-27	30	81	1533
288	1948-04-25	7	43	81
283	1958-07-30	-11	43	964
252	2000-08-04	3	27	1572
214	2010-08-13	30	49	855
207	1958-02-19	18	84	153
292	1993-01-20	-8	25	767
210	2015-07-18	13	46	1107
283	2007-08-24	0	44	102
274	2010-03-27	-15	44	1858
291	1951-10-09	34	44	32
262	1979-01-22	31	86	1156
277	1950-05-08	-7	55	1317
222	1985-03-20	40	100	171
250	2006-11-10	31	85	1962
240	1968-10-06	29	3	1868
201	1984-07-21	-1	72	1518
260	1999-12-29	40	2	1316
250	2019-12-08	10	49	1916
229	1989-05-20	14	47	891
254	2000-11-28	27	67	497
212	1941-10-01	25	82	867
234	1973-05-31	33	91	1136
207	1986-01-19	34	68	152
227	2019-08-17	18	22	1522
233	2014-09-24	-7	58	1161
280	1969-10-19	1	85	1388
285	2012-07-25	34	81	498
235	2000-09-27	8	94	1503
219	2003-07-24	37	96	1849
300	1972-05-21	-15	10	1983
214	2014-06-22	5	1	944
212	2007-04-07	-4	49	759
244	2002-04-03	-5	94	1873
295	1976-07-30	27	91	654
265	1946-12-25	4	55	1660
278	1972-01-11	-10	86	1602
291	1991-06-30	38	58	1934
299	1990-07-19	23	64	768
293	1966-11-19	4	53	195
223	1992-02-15	-14	69	1697
260	1945-11-20	4	79	1433
251	1962-12-28	30	34	226
277	1953-10-20	36	87	1149
211	1983-08-31	17	35	1934
294	2005-03-28	10	28	1169
255	1980-05-10	2	42	866
231	1963-07-10	29	97	1419
222	2010-01-08	36	19	1878
294	1957-03-12	38	90	651
289	1973-04-30	-3	42	1611
213	2013-07-07	37	95	333
284	1976-05-20	27	59	1308
231	1982-12-30	16	80	752
240	2014-10-11	19	29	6
245	1963-01-07	40	62	76
227	1949-08-22	16	98	305
283	1997-10-19	12	79	1159
212	1957-05-14	4	77	503
216	1956-02-15	14	35	694
291	1994-10-08	20	65	1725
295	1973-03-24	9	51	1929
250	2008-11-07	-2	70	1859
236	2003-01-22	38	86	647
237	1998-08-04	36	6	990
257	2018-05-14	-11	74	1477
269	2016-04-06	0	22	1354
298	2000-01-23	-8	23	57
256	1977-01-14	25	15	1221
279	1978-10-09	30	37	556
205	1963-06-02	8	80	198
251	1963-09-26	4	91	877
274	1973-05-28	39	29	1979
280	2016-11-19	-12	89	394
238	1961-06-08	16	67	304
267	1958-01-17	-10	26	901
258	1946-10-16	0	52	201
300	2008-07-02	28	35	892
241	1991-09-13	20	15	381
275	1957-03-12	-7	12	1403
269	1957-01-01	14	79	192
275	1987-03-16	0	41	1825
287	2007-08-11	-5	80	1934
294	1958-06-10	42	44	1716
273	1955-08-13	25	81	1802
286	1988-04-09	26	54	942
281	1982-03-31	37	30	1001
242	1980-11-10	18	25	1504
215	1975-10-15	35	64	340
204	2008-01-11	27	66	450
270	1953-05-23	20	46	1633
289	1957-06-17	7	2	549
235	1987-03-31	-11	92	1871
289	1979-11-25	14	65	1355
285	1980-04-19	39	42	1063
299	2012-11-21	35	19	1289
282	1947-03-28	31	23	1227
225	1977-02-06	37	27	758
257	1976-02-08	3	8	806
217	1971-05-20	18	18	52
230	1951-10-23	7	87	103
227	1948-11-17	19	71	155
263	1955-08-18	26	98	981
201	1944-03-28	-7	10	1338
228	1972-06-07	32	32	361
259	2010-06-26	5	90	1141
269	2004-10-24	36	8	1151
217	1960-04-03	10	13	237
201	2003-08-29	-14	92	1613
287	1987-09-10	9	62	1292
217	1983-01-29	31	86	771
232	2017-07-02	3	90	294
274	1947-04-18	30	51	1305
289	1992-10-01	-14	6	1497
263	2004-10-26	-14	43	415
293	1945-09-22	42	43	1090
270	1985-12-08	16	75	759
202	1947-05-21	22	21	582
290	2001-06-06	-7	45	1424
266	1967-12-23	9	13	1780
223	2012-08-02	22	89	163
206	1977-03-12	8	86	575
286	1980-09-28	34	6	1084
212	1989-11-12	38	39	1202
296	1966-11-21	20	60	517
288	1956-07-11	34	91	519
250	2009-07-17	6	17	721
284	2019-06-15	5	69	289
207	1950-05-14	8	17	488
291	2015-11-10	-13	12	530
271	1980-10-11	37	38	1175
216	1976-06-16	15	38	1037
252	1969-09-09	10	67	174
269	1998-11-29	23	1	1604
287	1957-11-16	-7	20	311
275	1944-07-01	-13	11	773
256	1969-03-09	33	5	538
284	2016-01-25	-10	9	981
244	2005-07-28	-15	18	741
217	2004-08-07	16	30	1296
262	1955-03-04	-14	72	70
217	1947-12-07	42	82	1300
297	2006-04-30	-3	23	1085
218	1989-12-14	37	14	590
265	1956-01-10	40	82	817
210	1958-10-02	31	6	337
299	2012-04-03	3	88	797
296	1954-09-28	10	75	522
296	1959-07-24	23	27	1998
201	1963-03-08	-5	6	755
256	1992-05-27	33	45	648
233	1956-03-09	28	19	1306
249	1978-09-01	40	78	628
262	1955-07-29	4	93	1559
212	1986-09-26	6	55	242
279	1974-01-10	-11	100	510
210	1958-10-23	33	32	1179
288	2019-06-30	37	89	1984
228	1973-07-16	21	51	234
294	2018-12-08	18	84	1072
221	1943-05-28	38	70	570
226	2014-02-16	-14	58	1783
254	2003-09-16	17	0	924
