225	2001-01-02	42	75	42
238	1984-12-02	28	69	1597
277	1978-03-07	2	82	540
232	1964-12-13	-5	42	463
201	1987-11-26	-8	28	592
222	2017-07-14	34	15	1586
209	2001-10-02	5	87	1876
294	1984-06-20	2	84	370
215	2002-10-13	-5	77	1271
219	2013-02-11	-7	85	934
216	1967-11-27	23	98	1308
273	2019-11-02	-1	45	1849
213	1984-06-17	12	98	1804
300	1964-10-29	8	36	1579
271	1968-06-03	9	95	952
281	1956-01-29	1	32	1874
246	1977-05-27	-4	47	1357
238	1977-09-26	20	69	658
263	2003-06-20	40	100	1419
261	1944-06-25	-7	29	1416
299	1990-09-08	4	17	1009
289	1956-02-27	-15	37	382
251	1990-01-26	6	56	1016
247	1991-04-05	24	15	445
218	1997-11-05	-4	27	567
262	1961-10-19	16	72	1199
268	1992-05-03	12	19	1237
207	1971-07-20	20	14	409
206	2013-04-25	37	47	625
235	2014-04-05	7	69	1857
292	2005-11-11	-1	28	1386
253	1966-11-19	34	36	0
213	2010-07-22	10	54	1553
218	2018-11-15	39	33	1348
271	1948-06-03	9	82	1617
263	1988-02-10	-7	15	979
257	1956-07-23	30	68	950
228	1948-06-18	-1	42	1152
201	1999-04-22	-1	27	1392
206	1965-05-30	32	28	54
283	1945-12-11	38	40	1842
243	1942-03-08	8	12	751
218	1954-02-22	-10	13	632
294	1974-02-15	-14	79	912
283	1981-03-25	5	75	163
233	1996-12-16	22	81	1294
219	2013-01-13	15	51	1472
294	1951-09-29	11	42	806
225	1970-09-29	15	58	1649
243	1991-10-04	31	91	590
263	1997-05-17	0	36	611
201	2008-05-07	4	52	1757
229	1958-06-28	9	82	1328
233	1992-10-08	25	27	262
224	2007-07-01	32	86	1956
202	1980-02-14	39	60	179
213	1984-09-14	35	46	399
290	1948-05-20	37	22	630
258	1983-04-04	23	19	924
238	1948-07-28	33	81	773
206	2020-07-17	-13	41	723
239	1987-06-02	40	80	224
228	1945-01-10	-3	54	907
237	1945-07-12	-9	15	104
230	2011-09-03	24	15	1052
213	1943-10-02	20	92	817
231	2012-06-03	13	86	1666
247	2010-12-19	30	49	533
244	2013-05-04	20	54	1191
291	2011-05-01	18	75	1495
216	1976-04-25	-5	62	1619
203	1940-10-03	-12	34	680
256	1999-08-03	-1	28	1386
236	1977-10-22	6	62	1777
214	1974-06-10	15	21	511
229	1978-05-16	33	8	1686
255	2008-09-18	39	42	1816
217	1989-10-18	-11	51	1304
240	2007-04-22	19	86	61
253	1962-07-04	-5	80	1039
239	1958-09-19	-7	85	375
201	1942-03-05	21	15	420
297	2019-03-20	-15	71	1884
300	2012-06-03	17	29	1981
282	1947-06-09	-12	20	492
299	1970-04-20	42	12	1776
213	1964-06-22	27	24	767
252	1944-11-18	-10	76	889
274	1987-02-17	1	13	1792
278	1978-06-30	20	92	1986
278	1945-05-02	23	54	161
286	2005-10-07	22	5	1789
263	1990-12-12	2	45	1682
217	2020-05-18	4	46	1823
215	1977-05-04	21	77	160
205	2017-10-13	-8	28	257
243	1954-09-28	12	3	952
262	2004-02-07	17	42	1027
236	1975-06-12	38	44	1994
287	1963-02-25	33	91	89
272	1998-10-10	-6	67	1364
243	1964-02-28	-10	28	963
255	1976-08-28	-8	25	983
275	1963-01-20	-13	14	1572
289	2014-02-07	39	46	384
277	1954-11-04	30	33	1535
201	2014-03-13	8	79	1161
248	1944-12-12	26	62	755
216	1998-06-17	-3	47	1207
300	1945-12-04	24	7	1936
296	1993-11-08	0	22	954
214	1971-01-14	24	46	111
257	1968-02-19	19	64	1592
245	2008-02-01	26	17	1595
300	2001-12-12	12	78	1790
251	1963-12-22	15	40	618
262	1994-01-28	6	97	721
203	1952-06-02	27	79	832
222	2004-07-26	8	29	203
258	1982-05-10	36	18	1862
245	1986-05-05	-9	54	1235
281	1977-01-16	-14	51	1545
251	1956-01-01	40	44	427
238	1972-07-11	-1	38	268
298	2001-12-27	29	20	191
227	1967-08-29	24	33	1106
202	1974-02-02	6	37	977
214	1993-09-21	31	44	1092
208	2012-09-17	26	92	1461
300	1975-04-20	-14	85	1400
208	2015-05-16	20	78	1208
240	2006-06-03	8	47	917
291	1947-04-06	4	85	603
251	1978-01-02	-7	16	202
282	2015-08-26	24	49	941
213	1942-11-22	27	59	1191
298	1947-07-26	7	66	1482
209	1974-02-22	34	79	488
266	1986-02-22	29	38	451
261	2009-09-30	40	26	1539
288	1955-05-26	39	40	858
228	2020-05-23	37	65	560
225	1969-01-28	7	94	396
272	1946-12-11	22	1	259
216	1979-04-01	-12	40	1448
217	2016-01-18	26	80	1399
222	1944-06-07	31	41	983
226	2001-01-10	18	38	1247
299	1978-06-19	-14	38	369
296	1980-10-08	0	3	1988
229	2015-04-11	22	40	715
208	1957-05-14	22	42	1199
257	1964-04-25	35	50	383
267	1986-02-10	42	2	1981
273	1941-03-05	7	73	665
208	1951-05-22	-1	12	621
209	1996-04-20	4	77	844
243	1974-08-27	-5	86	187
219	1970-10-29	-13	65	370
