223	1980-05-27	-12	62	372
281	1949-03-10	-15	1	468
225	1979-05-12	-9	70	258
282	1984-03-31	32	50	748
264	2014-07-04	-3	14	1601
270	1957-07-17	31	3	1519
220	1999-09-01	19	11	213
281	1970-01-02	16	38	1955
262	1988-01-18	10	16	57
235	2015-10-05	9	43	13
252	1971-03-26	-6	78	81
282	1974-11-24	12	89	301
284	2015-08-03	24	28	1519
258	2000-11-25	18	91	759
295	1986-12-07	3	94	907
282	2017-01-22	11	40	1737
206	1968-03-24	3	19	1668
211	1949-10-25	-9	95	479
253	1972-01-12	6	49	1041
201	1956-05-05	-2	10	233
236	1950-06-09	22	61	1235
239	1966-01-06	22	29	1404
201	1963-11-18	5	55	1377
287	1954-07-13	4	69	1734
203	1969-12-29	-3	37	1781
279	1951-05-25	39	69	717
292	1987-02-17	33	41	6
258	2014-05-03	-13	58	89
264	1984-10-07	-1	19	1590
293	1990-07-27	17	75	1831
249	2013-01-11	33	14	366
296	2015-03-04	24	51	1492
257	1989-11-22	-2	65	1316
240	1944-08-31	34	31	50
218	2017-10-29	-8	56	1607
242	1967-03-09	20	46	512
212	1998-10-28	5	49	500
226	2020-06-28	-13	82	208
262	1974-09-05	-13	36	882
207	1984-11-21	35	86	1571
260	1993-11-03	-1	83	1632
248	2017-03-04	-8	90	723
252	1971-11-10	-10	79	134
237	1984-12-27	8	51	773
214	1962-08-21	-5	25	746
260	1988-03-28	41	38	1871
267	1989-09-10	13	59	996
288	2013-12-30	-4	43	156
245	2006-11-08	22	29	668
215	2003-09-22	1	24	803
218	1946-01-05	-6	68	1306
269	1967-04-20	40	14	815
217	2005-08-04	20	65	30
232	1959-04-04	42	29	1204
268	2009-10-06	23	25	552
215	1988-04-08	-7	41	389
266	1969-05-29	-2	69	1136
243	2017-06-21	29	94	1383
205	2001-08-28	41	19	994
256	2003-12-04	25	73	340
283	1940-04-05	37	39	886
219	1984-12-07	23	30	777
267	1972-01-31	5	37	1344
218	2015-06-13	17	5	1476
223	1962-05-27	19	12	295
238	1942-02-17	39	27	1787
249	1977-06-28	-3	49	922
264	1988-02-01	41	6	1236
251	2020-02-19	4	90	147
228	2001-03-31	-10	42	480
266	2016-01-01	38	96	27
279	1964-06-18	13	8	793
297	1960-08-11	4	99	296
257	1971-02-25	33	98	1077
218	2015-09-11	-7	51	1156
205	1941-04-18	42	67	1556
268	2000-09-04	-6	33	645
296	2003-03-13	38	95	1899
234	2004-01-11	40	35	1654
275	1955-01-04	7	14	1147
273	1945-09-17	27	20	12
261	1992-08-11	31	50	237
207	1956-09-11	-4	25	1434
240	2009-05-17	11	14	1122
265	2002-09-08	21	80	1184
259	1998-01-18	-10	3	1888
269	1947-10-06	38	30	1056
282	1991-04-20	-12	5	306
251	1989-05-03	13	55	866
242	1994-09-05	7	93	616
283	1984-05-03	-6	44	1427
248	1977-11-02	14	34	1063
267	1997-11-13	-14	14	405
255	1971-04-17	28	20	850
271	1988-12-31	-4	53	679
218	2013-03-16	20	71	1814
234	1947-08-06	28	84	1606
241	1960-09-04	42	41	1454
227	2002-05-03	22	94	933
220	1941-08-20	32	92	1876
268	1992-12-31	19	39	1909
278	1993-10-22	1	73	353
250	2005-08-23	19	87	1369
217	1974-01-12	0	32	1193
235	1969-10-24	-4	87	1334
238	1962-03-24	19	58	1816
229	2006-10-30	7	56	151
279	1974-07-24	7	20	999
235	1996-01-19	30	29	589
295	1972-05-14	14	32	1143
285	1980-12-30	22	86	1899
282	1979-07-12	9	48	1982
207	2008-02-06	-12	18	1013
254	2002-06-25	11	82	565
211	1978-06-09	1	29	1388
285	1944-01-05	33	14	1045
292	1952-03-12	23	98	1591
232	1957-04-24	14	70	731
268	2011-04-10	31	32	1568
255	1966-07-31	40	89	1390
264	1956-01-18	8	81	876
250	2004-05-15	35	76	657
236	1967-09-16	11	69	215
283	1960-07-06	10	45	723
233	1995-11-06	19	96	529
209	2013-11-30	35	89	1363
257	1979-11-18	-6	21	345
252	1965-08-18	22	60	117
235	2020-03-23	-14	24	1523
239	1963-10-09	22	65	1909
238	1954-11-13	11	97	335
249	1990-04-10	31	73	857
232	1949-12-06	24	61	1075
226	1974-06-15	22	90	1716
267	1966-01-02	-1	81	1790
204	2017-06-13	12	44	1184
258	1958-03-05	-4	20	1389
258	1943-09-26	34	67	1691
273	1969-06-16	6	36	138
232	2004-04-10	-6	73	1562
299	1941-07-31	27	90	943
212	1947-06-24	42	5	349
230	2011-01-16	10	58	405
287	1954-09-25	9	75	825
232	1965-05-03	7	46	1988
247	1991-03-06	4	92	657
275	1960-07-02	1	41	1071
244	1966-10-26	27	71	1389
235	1969-11-12	-2	86	1819
243	1998-08-04	23	62	1056
227	1981-06-27	23	97	56
290	1964-08-15	-1	9	1481
293	1955-01-27	-11	18	1017
241	1987-01-23	24	97	1551
272	2011-06-22	-4	77	1358
241	1994-09-10	35	94	336
263	1958-10-21	8	90	392
234	2013-12-02	-1	72	435
234	1989-01-04	26	43	1458
243	2011-10-25	4	66	1079
265	1978-11-11	19	68	628
299	1999-09-17	9	66	296
297	1998-06-15	34	85	1818
280	1946-04-03	39	6	1979
226	1985-12-24	21	34	1503
293	2017-07-26	-13	64	4
224	1993-11-07	8	96	1600
264	1954-09-08	12	73	96
268	1944-11-14	-9	99	664
239	2000-09-23	0	24	1508
244	2017-03-31	23	15	1694
262	2012-07-28	16	12	907
224	1944-01-19	-9	28	233
269	1993-03-02	3	5	720
295	1982-10-16	31	9	31
292	1962-12-30	-15	99	1677
263	2009-09-25	21	84	635
268	2009-02-07	-12	75	587
285	1984-04-27	11	96	849
296	2011-09-22	11	91	1352
268	1955-02-04	5	100	626
270	1943-06-16	31	38	1696
254	1989-01-26	-6	66	351
292	2018-04-19	-3	9	429
295	1985-06-05	15	36	995
256	1998-07-03	2	86	295
251	2008-09-21	-1	71	1019
254	1962-10-17	14	38	959
295	2003-01-15	39	24	29
225	1978-06-04	14	72	1210
212	1988-05-11	13	73	1389
286	1948-09-27	8	90	83
235	1992-05-14	34	96	1142
261	1946-06-27	11	47	38
257	1997-10-08	2	36	914
206	1940-05-19	38	82	1687
259	1944-11-13	-13	100	543
264	1972-06-02	26	54	785
264	2012-03-22	36	50	85
229	1999-10-02	36	55	1380
227	1982-03-23	-11	70	1045
272	1986-03-31	4	33	673
247	2001-05-08	4	28	1395
257	2009-03-21	7	58	1520
286	2003-02-09	11	83	1109
220	1959-02-11	5	21	1917
241	1963-03-02	9	53	1868
224	1998-12-23	-8	10	652
300	1989-01-04	27	4	10
294	2011-09-22	2	17	401
265	1951-10-20	22	32	859
226	2007-07-29	-8	58	131
214	1975-06-03	-6	40	1338
224	1951-02-18	20	37	1875
256	1966-07-09	41	7	696
229	2009-04-24	13	7	1614
232	2010-03-03	0	13	957
275	1980-08-04	29	95	1296
248	1974-03-23	28	11	322
237	1991-11-22	24	29	1503
206	1955-10-23	-2	63	579
220	1987-02-02	40	71	1024
292	1951-11-23	12	75	1140
276	1990-10-23	38	10	131
221	1951-05-21	3	84	464
280	1997-10-05	23	8	799
294	1949-05-25	4	26	1155
246	1993-10-21	40	66	567
248	1941-09-12	-1	98	1187
232	1941-06-14	0	92	197
255	1969-07-18	36	64	1737
288	1978-06-20	22	76	1674
207	1949-03-28	-7	49	1365
215	1996-10-08	13	49	373
276	2001-07-05	-8	67	1183
239	1970-03-21	-9	13	1333
226	1965-09-17	1	68	811
288	1943-10-11	-3	68	750
299	2005-05-18	22	61	1857
246	1973-04-14	-12	42	76
258	1959-08-25	15	93	951
209	1958-09-08	28	62	325
270	1995-09-30	9	66	1217
272	2002-11-15	22	33	1644
263	1967-05-21	32	58	919
289	1991-11-03	9	17	1406
280	1947-01-15	41	5	287
259	1984-01-02	-11	45	884
291	1973-01-07	36	9	1761
211	2020-01-12	35	18	587
261	2005-11-26	39	21	1309
229	1956-02-21	17	45	1621
220	1954-06-14	28	30	1825
300	1977-12-02	26	33	1428
236	2009-07-04	14	15	1924
220	2013-02-04	17	22	1081
254	2000-12-27	-5	43	1709
252	1951-05-25	19	25	1158
287	1974-09-03	0	79	1378
203	2013-11-23	-10	17	855
225	1999-08-04	25	72	366
243	1984-07-26	4	30	1180
266	1984-07-14	9	38	544
297	1977-03-16	12	23	849
298	1981-11-12	19	2	320
272	2019-06-05	37	12	1387
262	1958-07-23	34	2	1650
237	2004-12-18	21	83	1901
233	1959-11-23	6	6	117
254	1954-06-20	29	68	121
234	2013-06-24	-6	67	222
250	2000-04-16	38	5	164
216	1973-12-04	-10	94	490
