250	1998-07-28	40	8	1
219	1955-09-22	-12	68	912
271	1988-03-17	19	8	283
226	1967-12-01	0	46	734
295	1951-03-13	20	3	1836
265	1965-11-01	-7	84	710
231	1950-07-17	-4	22	1817
265	2014-04-16	16	7	1842
274	2020-01-05	-2	79	191
257	2004-10-11	34	21	217
251	1971-06-10	13	73	1480
292	2015-09-29	2	71	190
225	2004-04-02	20	14	129
234	1947-11-24	40	3	1574
271	1981-06-25	1	85	487
227	1958-07-08	-13	11	512
210	1944-01-26	0	93	1798
225	1953-10-08	36	68	1911
291	1940-11-11	36	79	1934
295	1960-01-02	35	63	586
299	1951-08-27	40	42	869
259	1966-03-26	35	15	763
255	1969-04-11	21	17	432
227	1944-05-20	41	61	760
255	1953-03-06	24	1	1887
259	1988-08-20	22	14	159
210	1963-06-13	-4	28	701
298	1982-06-20	2	84	1224
272	1955-10-17	-4	24	1749
235	1974-09-09	9	91	1252
292	1943-10-12	24	89	701
289	1991-07-05	-8	11	564
278	1962-02-09	13	19	1801
206	1982-10-30	35	60	1108
262	1949-04-05	15	4	71
232	1959-10-13	21	94	429
233	1985-02-16	31	58	856
285	1949-06-25	32	100	9
205	1974-05-21	3	100	500
224	1940-05-16	40	68	861
260	1969-08-14	-9	17	1635
254	1984-01-02	-15	94	983
225	2002-07-16	-9	5	1997
257	1971-03-25	30	73	1792
244	2006-12-09	-4	77	1843
225	1954-11-12	32	99	465
207	1964-11-25	36	81	941
232	2000-05-06	31	82	1517
283	1943-05-27	-4	42	97
201	1962-10-26	10	61	1490
240	1941-01-21	31	14	1100
202	2019-01-29	38	4	885
237	1982-05-30	17	68	1730
290	1980-09-03	6	63	1740
214	1979-03-04	-8	53	51
290	1954-12-05	-10	7	186
224	1948-04-09	0	66	1679
234	1975-06-16	24	20	1292
235	1984-07-15	-5	94	483
300	2001-12-18	-9	8	1604
243	2006-10-24	3	22	1734
283	1989-09-09	32	15	439
298	2001-11-19	19	63	97
217	2006-11-06	28	69	444
236	2020-07-31	41	34	50
234	1966-04-01	35	92	361
262	1958-04-12	34	91	1670
220	1954-10-24	4	4	145
293	1964-10-17	-9	78	19
243	1956-02-14	30	39	572
292	1951-03-14	3	34	1015
210	1977-03-08	35	2	1984
229	1987-04-04	19	67	1024
246	2013-11-18	4	90	814
280	2003-11-25	10	24	1219
298	1956-01-12	14	12	1119
218	2013-05-22	-13	11	651
248	2000-10-14	22	56	1531
256	1975-12-09	-6	92	1669
235	1965-04-25	20	26	1879
280	1971-12-01	17	54	1505
268	1959-03-25	3	25	637
265	1977-10-20	-14	25	31
300	1976-12-24	-7	98	1734
250	1956-08-06	14	73	15
291	1997-12-03	19	53	33
207	1945-01-02	11	90	1553
214	1979-11-03	42	9	1069
227	1982-03-01	1	17	252
275	1979-06-13	-4	24	797
293	2019-10-22	-11	76	82
232	1967-09-13	-7	46	1829
263	2011-09-10	10	81	1556
289	1956-07-06	18	18	1892
225	1992-07-04	13	72	365
277	2003-07-25	15	66	1191
203	2019-11-20	42	63	989
218	1997-05-21	-8	49	1484
217	2011-01-18	37	41	264
217	1989-07-25	39	31	720
255	1984-05-08	12	55	512
202	1952-10-23	-9	24	1276
230	1943-09-12	33	10	253
258	1985-11-16	22	85	468
240	1968-05-28	39	88	1392
234	1951-07-29	21	35	99
238	2008-02-26	27	23	1406
245	1977-11-03	29	75	729
232	1951-09-25	34	10	723
218	1940-05-03	29	61	1911
222	1979-12-09	-1	99	1319
212	1968-12-25	18	77	1130
240	1975-01-12	38	100	1039
275	1966-01-06	-1	66	1364
287	1942-03-16	-11	39	126
216	1999-07-11	-13	41	1203
224	1995-05-02	-2	73	595
250	2011-12-28	28	17	1741
271	1961-02-05	4	21	648
204	2017-08-01	2	61	1415
292	2006-09-13	-13	94	1275
230	2003-05-17	28	24	818
257	1975-08-13	13	11	1786
248	1961-01-09	-2	69	396
229	1957-09-07	6	20	1305
233	1985-08-08	28	17	584
272	2005-07-02	40	88	850
272	1949-04-27	-6	63	114
210	1999-03-01	-1	67	382
224	1967-08-22	8	48	1463
209	1962-07-11	15	90	638
235	1965-02-02	31	17	328
294	1985-11-19	-1	28	939
215	1999-03-23	20	56	617
264	1987-11-12	10	74	1155
285	2009-09-21	-13	14	872
217	1953-01-21	31	16	1688
300	1987-12-14	38	68	1481
275	2018-05-22	41	6	999
283	1942-06-24	18	50	193
260	1980-01-16	0	51	1656
243	1978-04-18	-6	99	1828
219	2008-04-04	24	96	382
210	2007-05-23	12	18	837
210	2017-04-06	-4	47	952
247	1953-03-19	17	11	1339
205	2014-06-28	14	4	1814
255	1988-11-15	28	86	1913
229	2003-02-04	37	78	1951
238	1978-07-31	39	41	1050
272	2004-04-15	6	79	1187
292	1946-10-31	-14	67	1441
231	1946-02-16	25	50	288
215	1983-10-24	-7	25	1194
220	2009-04-07	32	0	1830
299	2005-09-02	-1	15	690
281	2005-12-19	9	36	47
230	1987-01-16	22	63	1526
284	2016-12-08	23	71	989
208	2005-01-11	9	80	1770
240	1947-04-07	24	37	1544
250	1996-03-06	19	98	692
219	2000-05-08	-5	3	294
212	1947-04-27	-15	84	1752
279	1941-10-05	12	19	315
259	1985-07-07	0	59	953
284	1993-04-04	8	97	416
206	1955-08-22	40	36	960
286	2007-10-08	-8	4	1404
256	1947-06-26	9	20	1678
251	1942-06-12	8	71	771
206	2005-04-11	26	99	1266
221	2020-01-18	25	90	1409
262	1977-04-30	20	50	1282
300	1955-11-14	19	63	901
214	1960-12-24	39	25	1668
211	1954-07-13	-10	21	1593
214	2011-07-18	21	80	906
232	1952-03-25	34	27	1208
237	1965-01-30	-8	37	1367
221	1944-01-12	29	99	1797
299	1954-06-10	-2	93	1004
247	1970-01-05	-15	9	502
291	1984-03-13	33	92	12
252	1976-09-18	7	100	1078
217	1957-08-25	31	13	244
239	1978-02-08	-5	87	410
297	1998-04-13	22	78	287
227	2020-08-06	11	85	149
238	2014-02-26	15	40	216
241	1959-01-30	8	34	659
259	2018-09-23	-10	12	1054
245	1949-10-22	-8	6	1850
263	2007-01-15	0	47	872
232	1971-10-05	-8	20	1717
267	1990-09-02	37	18	566
280	1979-07-07	17	26	563
218	1943-02-09	18	16	644
251	1946-02-04	39	85	626
292	1975-10-07	41	98	1441
265	2008-11-02	34	21	1528
213	1957-06-21	-10	59	151
247	1948-01-08	25	69	1705
264	2008-02-20	-13	58	394
207	1964-04-17	12	21	1317
287	2008-12-28	-3	20	1635
286	1949-01-09	-9	43	1898
217	1948-05-02	10	39	152
265	2005-04-02	-6	44	1984
289	2014-02-25	3	92	857
264	2011-05-17	41	80	1906
288	1981-09-03	39	51	863
246	1963-06-01	8	18	1370
267	2000-11-21	42	62	1698
219	1989-07-15	-7	77	1345
202	1990-07-21	38	56	1883
241	1986-06-27	30	80	479
271	1959-06-05	3	86	1756
290	1972-10-25	-1	93	637
252	1945-02-05	-12	77	1498
220	2002-11-15	18	27	811
282	1971-05-08	-3	42	1396
278	1944-09-02	27	62	330
266	1993-02-26	30	78	1273
248	2007-11-03	3	86	628
214	2015-04-11	23	77	603
264	1973-12-13	0	17	930
216	2013-04-07	28	74	61
262	2014-11-29	40	46	896
220	2013-04-15	25	48	1984
290	1957-07-10	6	80	421
268	2011-09-11	14	25	763
220	2018-07-13	-12	44	1374
297	2003-05-01	15	74	930
243	2011-04-08	13	47	487
214	1987-03-02	-8	100	1392
266	2020-01-01	27	12	1670
279	1955-03-25	34	32	301
216	2008-07-15	8	50	1397
250	1945-12-27	11	4	1686
279	1981-05-28	41	9	1381
276	1991-02-03	25	8	556
227	2011-09-30	9	66	507
249	2001-02-11	34	82	646
215	1975-05-21	9	8	351
276	1957-11-16	32	48	1588
300	1967-05-18	-1	63	727
286	1941-12-28	30	58	1821
282	1999-12-11	10	70	1676
281	1992-05-23	0	92	1356
228	1977-08-27	24	69	1770
281	1989-12-04	29	46	1938
265	2012-12-23	26	7	1116
265	1954-08-18	22	75	1184
211	1999-01-11	31	8	252
206	1993-09-08	-7	82	57
220	1945-02-17	3	41	1129
240	2000-07-31	25	66	328
287	1956-07-09	-4	49	1698
283	1977-02-13	41	92	991
237	1963-11-20	-13	92	1583
232	1978-02-04	10	76	700
