278	1998-03-01	4	86	1419
224	1942-02-02	-8	87	720
239	1945-06-23	2	46	859
272	2014-07-23	-6	89	1016
222	1958-03-29	10	36	1388
274	2018-06-30	-2	50	536
291	1942-09-12	-1	1	952
227	2001-12-24	7	72	129
215	1955-10-04	26	5	1891
271	1941-02-05	12	78	949
243	1954-03-26	17	4	1938
222	1965-11-02	-2	81	702
226	2003-12-09	-8	93	353
299	2014-09-27	32	3	1590
300	1983-02-26	28	77	1165
215	1973-05-22	14	52	950
221	1995-01-02	3	62	595
225	1972-01-06	19	75	791
229	1946-12-18	-10	54	1000
203	1960-12-01	37	33	934
242	1951-02-11	7	16	1352
292	1972-12-20	7	63	1098
267	2002-01-27	20	95	227
214	1975-11-03	-6	33	686
207	1981-05-21	-3	52	1794
293	2010-04-30	-8	72	1276
263	2001-06-17	18	50	1582
219	1950-03-02	31	67	1496
208	1949-08-26	32	19	895
225	2007-10-30	33	48	12
273	2019-05-02	-7	17	973
202	1954-01-07	-10	13	248
221	1958-06-28	11	21	1613
258	1967-01-05	8	14	720
265	1971-08-16	9	36	1861
295	2009-08-03	40	63	301
272	1997-07-08	41	22	527
278	2015-08-28	33	75	1218
203	1961-03-21	4	7	1557
288	1949-04-27	40	61	1236
271	2004-04-28	27	58	1351
217	1975-10-03	2	74	205
212	1991-11-27	-4	76	733
265	1949-05-19	2	5	1624
233	1944-06-05	26	9	590
269	2013-11-02	40	2	1134
239	1977-05-25	24	25	999
204	1960-05-04	37	27	1738
239	1956-05-10	4	88	797
255	2015-02-15	32	3	1377
209	2018-11-30	13	7	1314
281	2008-09-15	25	10	1564
265	1971-04-21	4	61	91
259	1972-11-13	31	55	438
222	1996-05-10	4	37	1783
213	1950-07-09	37	6	1680
283	1977-08-17	37	52	1521
237	1959-07-17	0	23	1999
231	1951-09-14	36	16	621
202	1994-01-20	14	7	1363
235	1954-06-24	42	97	616
218	1983-12-09	1	41	1706
290	2012-04-27	10	44	1857
231	1980-02-20	13	32	1710
217	1994-05-15	0	0	623
219	1976-04-07	30	33	1459
226	1952-02-11	-1	53	1816
275	1944-03-15	6	40	1386
222	2020-01-16	-9	56	1252
290	1979-08-20	18	88	1032
217	2005-12-28	30	14	1841
214	2007-11-03	14	87	1609
205	2001-09-01	-14	19	270
260	1981-05-23	33	94	315
218	1951-04-28	22	35	869
285	1963-04-18	3	0	774
263	2007-11-17	32	94	271
263	1955-11-21	38	32	609
291	1972-02-17	-1	76	801
242	1956-05-08	13	57	547
251	1961-01-11	26	21	711
221	1955-12-27	14	29	1832
298	2009-06-07	15	21	759
209	1960-04-09	22	27	263
263	2011-12-10	17	12	382
219	1997-06-16	37	92	1809
291	1964-02-05	8	2	1946
205	1957-05-12	12	75	1112
293	2010-01-30	9	58	833
274	1988-03-08	-2	13	344
234	2011-12-17	0	42	438
287	1968-11-06	-5	27	1435
297	1997-12-23	3	72	976
272	2012-10-29	13	72	1610
208	1980-12-26	10	22	1319
245	1940-05-15	11	54	1106
233	1961-03-03	29	49	12
218	1968-03-03	3	80	770
265	1942-03-26	-2	8	1038
250	1971-05-01	36	91	515
237	1997-06-07	-5	61	637
203	1987-12-02	31	66	255
222	1967-04-15	-5	97	184
218	1944-09-26	31	40	555
245	1966-09-23	21	48	940
242	1998-05-05	31	67	1384
274	2004-12-30	4	84	373
275	1995-08-05	31	49	435
220	1987-01-27	6	59	1171
286	1997-07-22	41	72	750
240	1968-11-02	-8	57	209
250	2010-12-28	21	34	1226
224	1950-05-01	-7	96	735
222	2011-05-23	-7	36	1547
298	1989-06-25	12	89	110
202	1998-12-27	28	95	458
237	1982-09-15	38	41	507
240	1997-01-10	17	91	703
253	2002-05-29	18	89	1532
225	2000-05-02	-10	55	932
294	1954-04-28	23	60	97
221	1956-02-16	10	32	896
283	1994-10-22	38	5	1582
265	1996-05-31	-6	14	593
216	1967-11-08	-2	68	1727
217	2006-08-07	34	11	1627
243	1966-07-16	14	59	42
213	2007-10-15	-5	91	65
206	1945-10-11	29	51	1191
201	1977-12-31	-11	58	1580
259	1991-11-02	26	53	1307
276	1979-08-07	25	66	1981
293	2003-09-24	31	90	1300
282	2005-09-21	16	93	103
226	1959-01-01	-11	27	691
255	1957-04-09	8	39	616
282	2011-07-03	10	80	1584
