236	2020-08-14	-14	20	1132
238	2007-11-09	31	84	1040
258	1987-11-24	2	41	852
212	1979-06-02	37	82	873
260	2005-06-26	-12	31	378
236	2009-10-20	-15	71	151
229	2003-07-20	17	29	95
259	1982-03-23	30	95	953
203	1983-03-22	28	20	1030
228	1987-05-28	33	0	237
278	1993-11-11	40	41	90
253	2003-01-22	18	91	1130
292	1979-12-10	9	9	1061
259	1945-01-26	24	72	1498
252	1943-09-23	-9	15	120
213	1993-08-26	8	62	1403
268	1966-01-07	-8	83	709
258	1988-10-24	41	38	1670
207	2000-05-06	1	92	1604
234	1979-02-03	36	27	376
245	2010-05-20	35	45	773
222	1989-02-12	37	67	289
229	2015-01-29	29	8	774
241	2010-12-15	-4	70	1358
234	1944-05-17	-13	83	377
230	2012-06-19	35	93	886
282	1989-08-14	29	7	1352
279	1969-10-17	22	1	31
292	1969-05-05	-7	93	493
211	2016-05-14	-11	13	1088
296	1944-06-23	41	92	1146
299	1951-02-27	25	81	1309
288	1989-10-02	-9	36	1339
270	1947-09-11	34	54	1402
224	1971-06-14	0	15	1890
245	1951-06-10	-11	14	820
214	1985-05-20	-1	39	1686
270	1966-04-28	-9	2	258
260	1942-11-29	13	0	1230
247	1951-12-15	9	26	1242
296	1957-04-09	-14	71	1970
300	1967-03-13	7	60	681
212	1997-03-01	9	90	1305
256	1998-06-28	7	57	561
207	1975-08-28	-13	62	1161
233	1991-04-12	24	41	141
255	1948-03-26	36	17	1052
232	1942-01-06	35	17	1229
277	1968-01-23	12	92	132
210	2001-10-27	26	80	1729
232	2019-10-24	-15	21	366
228	1963-02-04	32	62	918
246	1948-05-13	22	49	155
219	2007-01-05	5	82	1210
223	1985-08-01	12	12	1518
214	1945-07-28	14	45	534
215	1987-07-29	1	43	1321
250	1957-07-09	37	35	1840
247	1956-08-08	22	89	1968
298	1992-11-03	-4	42	1358
239	1956-05-31	-3	30	1889
214	2006-01-06	12	22	457
273	1985-12-09	7	92	993
271	1970-05-11	-12	50	592
280	2007-07-21	-10	93	519
291	1958-07-03	15	2	1010
244	1951-08-27	40	34	1976
229	1993-06-09	22	3	160
233	1954-06-14	36	48	1244
265	1985-06-14	7	32	342
236	1950-02-12	37	92	1670
250	1963-03-12	2	68	497
220	2007-06-10	37	31	1091
267	1941-12-24	-2	51	1793
234	1970-02-08	0	67	841
227	1998-04-14	7	6	673
289	1964-05-26	3	19	899
282	1994-01-10	-10	42	528
278	1952-05-21	-2	81	1876
217	2003-08-31	8	71	548
296	1989-08-03	35	72	26
218	2005-12-13	1	47	315
231	1969-03-25	36	29	1320
250	2018-07-02	39	17	838
297	2006-12-18	2	95	1831
244	1999-04-17	-13	78	1773
232	1986-07-26	-14	63	152
232	1961-11-27	3	42	466
265	1957-09-07	-8	99	1984
243	1957-05-20	-11	7	913
220	1987-09-23	0	15	1882
220	1968-06-09	19	53	224
232	2002-06-21	11	3	370
260	2017-07-31	26	20	494
220	1953-01-09	8	24	771
207	2010-02-13	-11	30	1659
269	1950-12-22	25	22	1485
256	2011-08-13	-10	16	956
216	2002-03-21	27	86	1817
254	1955-09-29	15	6	1015
267	1993-08-29	-10	76	985
294	1973-07-15	-3	62	1945
271	1992-08-19	29	39	1915
228	1995-07-17	35	42	52
282	2014-01-09	15	35	108
202	1956-12-21	13	93	644
258	1966-05-21	26	12	1790
227	1972-12-31	11	8	134
300	1957-02-10	15	24	350
231	1963-10-10	6	46	1569
277	1960-01-06	28	85	187
280	1978-04-04	38	53	1113
213	1982-10-02	34	48	109
209	1978-12-23	40	73	1789
295	1986-08-04	-15	86	489
237	1976-09-05	38	0	772
277	2002-07-01	-5	84	1801
277	1993-10-26	40	70	1676
276	2015-08-11	-1	82	239
268	2002-12-05	-9	36	339
248	2019-06-06	-11	54	1528
274	2002-08-22	-8	87	834
276	1975-03-10	9	14	1048
296	2014-10-31	5	31	1316
231	2006-06-30	-11	93	1337
240	1989-07-21	28	10	1079
292	1979-12-09	20	63	109
284	1988-03-14	41	49	778
247	2008-12-26	12	59	1349
251	2016-09-17	24	79	416
282	1974-10-13	-6	16	1378
220	1955-12-01	40	56	852
213	1977-05-08	38	66	902
292	1944-12-31	25	49	303
281	1976-10-19	26	78	610
269	1946-07-24	5	26	1114
240	2015-04-09	37	23	1800
278	1956-08-13	21	43	978
271	1973-01-18	35	11	806
269	1995-12-19	41	55	1123
281	1947-03-31	7	46	1793
223	1961-03-08	-2	80	136
265	1980-10-29	2	77	1041
282	1972-07-07	4	98	1591
267	1964-07-29	-9	59	656
295	1983-01-07	-15	55	923
291	1949-10-04	-13	64	1013
233	1990-09-19	12	17	1784
229	1949-04-06	6	60	1072
292	1992-01-23	-1	56	1627
286	2017-04-15	17	79	1221
267	1959-05-29	-10	36	947
236	2008-02-07	-15	99	1063
253	1997-08-08	-1	95	153
208	1995-09-18	18	81	1468
233	2007-07-22	28	93	1646
229	1946-04-12	25	25	1702
298	1985-04-30	10	11	824
230	1942-01-18	5	9	1577
204	1980-08-20	28	26	1556
279	1995-01-03	-2	7	735
244	2004-01-20	10	68	1782
273	1978-02-12	-15	37	1845
299	1959-05-29	15	73	460
230	1964-01-01	24	18	143
296	1972-09-28	1	29	1204
283	1991-05-12	-14	80	1557
231	1952-08-21	17	19	1814
207	2004-09-24	3	54	73
229	2010-03-25	26	60	1413
295	1946-06-23	-11	43	551
250	2005-02-11	-4	53	778
222	1986-06-25	-10	75	1017
211	2017-07-04	-2	25	1187
257	1999-02-15	22	37	1952
238	1959-09-10	4	79	161
235	2012-06-15	-11	95	1716
233	1954-02-03	13	54	530
256	1977-10-05	-12	51	1145
221	1990-01-10	26	25	1525
218	1962-09-12	2	47	984
279	1954-04-10	31	25	1765
271	1975-06-06	0	92	549
240	2003-01-23	10	47	1243
292	1994-12-18	25	39	508
300	1951-09-04	31	37	810
237	1961-08-19	12	6	1816
238	1965-08-21	41	57	700
271	1981-05-15	31	99	2
206	1958-12-26	38	34	1192
242	1967-08-23	15	40	892
263	1979-09-16	1	70	48
258	1971-01-10	34	0	1121
229	2005-04-24	14	37	904
298	2008-08-19	38	73	373
211	1967-11-04	8	75	1523
254	2001-09-26	38	59	1129
234	1986-03-27	9	77	236
212	1990-02-18	13	18	1308
266	1947-12-31	-10	83	1780
207	1951-01-05	-2	82	106
226	1949-09-30	37	56	1381
259	2003-03-09	4	15	92
258	1966-09-16	38	62	476
275	1978-05-22	33	60	1781
281	1984-10-12	38	10	1495
254	1990-02-01	26	10	1453
299	1972-06-19	1	44	660
251	1991-05-22	-11	72	1478
219	2012-09-16	23	43	1320
224	1999-12-31	11	93	76
238	1942-01-04	8	15	1033
212	2005-12-04	-14	59	918
291	1967-06-01	35	53	622
298	1994-11-20	11	48	99
271	1978-09-24	-7	23	1541
275	2004-04-19	11	26	423
216	1983-07-08	15	64	1020
250	1955-09-20	-6	23	1325
234	2015-04-04	11	89	1504
211	1957-02-02	-6	62	1032
243	2000-01-25	41	58	367
284	1955-08-20	8	31	1178
257	1977-02-14	4	90	1414
266	1967-04-17	-13	77	665
258	1946-09-08	12	30	744
236	1947-02-01	14	20	1391
290	1945-09-29	35	33	172
285	1950-07-10	3	32	1600
243	1965-03-18	19	26	176
216	1993-09-10	29	90	280
214	1997-06-19	12	21	1413
275	1965-07-17	1	82	74
277	1962-11-17	27	69	599
281	2016-04-23	-2	84	153
223	2017-04-17	15	80	1890
211	1947-11-26	-11	71	1764
286	1969-06-04	8	43	811
203	1945-01-02	28	24	1024
249	2003-07-28	40	8	478
250	2000-08-21	42	56	1463
224	1959-08-31	35	0	1646
253	1978-10-06	27	59	694
286	1956-09-10	1	49	1776
229	1947-02-28	32	39	56
250	1960-08-27	-7	60	1240
279	1951-04-14	-5	70	1518
217	1943-08-22	20	62	1921
276	1997-11-11	24	81	1403
209	2004-03-12	12	19	1428
