232	2009-11-15	2	26	630
278	2000-03-30	17	99	1512
279	1993-07-27	1	65	23
223	1952-10-26	8	86	594
273	1962-04-04	-9	47	150
252	1978-12-18	4	100	338
295	2018-06-18	27	27	61
222	1979-04-29	-5	40	753
289	1977-02-23	34	43	1329
220	1950-12-18	-11	84	1771
217	1994-02-20	42	41	1986
201	1963-10-24	13	61	661
209	2015-12-26	30	94	168
255	2018-06-06	39	6	269
265	1980-03-21	11	61	1805
206	1944-10-16	18	93	1416
253	1985-07-10	-8	60	766
274	1944-01-09	22	15	114
224	2002-06-01	32	28	1262
234	2003-07-04	42	13	1924
205	2018-09-12	-13	75	1040
291	1974-08-27	32	60	794
292	1951-10-14	24	3	1411
229	1989-09-28	6	80	1505
292	1975-04-30	35	36	390
203	1994-06-14	1	58	1027
219	1961-03-16	40	57	713
295	1982-04-30	-7	5	1077
263	1964-04-22	0	98	81
279	1981-09-10	30	94	1996
205	1954-10-05	6	48	1941
287	1971-10-04	1	86	1779
263	2004-05-21	40	45	1828
230	1962-08-02	34	0	314
259	1940-01-30	34	49	527
283	1948-10-17	-11	17	1014
267	1961-03-12	12	79	163
274	1980-08-31	26	17	19
239	1958-05-01	25	16	1552
231	1968-08-13	29	2	443
212	1951-08-06	11	99	222
221	2017-06-05	27	55	220
294	1999-11-13	2	27	1935
210	1965-08-18	25	88	1933
248	1995-11-18	21	24	1882
224	1956-07-17	39	85	1148
281	1982-09-20	6	47	1626
288	1950-07-24	-5	27	1031
209	1976-09-20	41	49	603
250	1967-10-23	42	69	299
248	1994-09-12	8	48	233
223	2007-11-29	31	74	124
293	1951-10-07	19	50	1656
204	2009-03-29	38	17	1774
244	1963-05-19	41	98	1354
298	1990-04-30	-15	10	1391
261	1969-03-09	35	95	1748
218	1954-07-22	4	17	610
267	2005-05-01	-3	90	1917
217	1981-10-15	0	55	64
276	1962-04-10	24	9	1136
235	1947-11-13	2	24	1277
245	1997-06-20	-4	87	760
247	1993-06-16	5	29	1834
264	1959-02-08	19	0	1967
272	1978-10-11	37	25	1728
228	1956-08-29	-11	7	1109
242	1952-12-10	32	54	1977
281	1974-04-01	-11	84	1690
271	1987-04-25	-8	50	1120
241	1977-05-09	9	22	1127
217	1969-11-30	6	63	1806
294	1986-03-24	30	49	400
237	1963-09-14	19	92	555
267	1984-06-20	26	77	787
221	2003-09-20	-4	35	675
297	2008-11-16	-13	0	1231
298	2004-06-21	-9	24	1128
246	1978-03-24	27	8	438
281	1982-10-08	12	88	321
294	2006-12-14	34	6	1242
255	1989-09-12	33	14	177
255	1999-10-01	9	20	461
277	1965-09-06	-2	12	997
293	1963-10-18	30	50	1207
241	1968-08-02	-11	96	1937
239	1953-06-04	-14	94	1052
263	2014-01-08	7	84	615
249	1973-11-22	27	12	1519
224	2016-09-05	24	42	1396
237	1963-07-16	7	57	1813
237	1977-04-26	29	1	38
252	1946-12-08	42	11	1320
205	1977-06-27	-12	51	1905
250	2020-08-24	-3	29	213
285	1955-01-09	-11	67	956
294	1974-07-29	-14	72	761
218	1991-04-25	19	33	617
296	2007-08-30	26	93	610
280	2014-12-07	27	73	1942
280	1942-07-18	18	31	947
228	2020-08-17	27	23	504
286	1964-01-19	18	9	456
251	1944-02-14	38	0	894
292	1988-12-04	-4	61	774
253	1946-04-04	12	67	106
270	1963-08-27	21	45	418
294	2005-05-10	19	100	698
300	1994-10-26	7	70	1326
269	1943-08-01	26	64	59
239	1947-01-26	38	15	570
216	1984-05-20	40	96	1873
209	1977-03-21	21	7	596
260	1962-04-17	-15	43	438
217	1989-06-29	31	36	145
253	1960-12-28	39	11	1456
209	1991-01-19	27	10	1501
