248	2013-12-05	-3	7	535
294	2017-09-29	-1	50	1224
254	1945-05-27	25	37	1351
232	2015-02-28	-5	15	858
248	2006-05-16	39	16	988
221	1973-09-22	-4	14	136
207	1976-08-25	41	97	1554
255	2002-11-28	2	13	1516
281	1996-04-30	-7	67	1177
291	1965-12-31	-1	65	217
280	1977-06-18	-10	74	1012
286	1962-07-01	-9	82	1816
228	1971-05-31	-5	87	1827
279	1967-07-27	35	23	598
213	1992-04-21	11	51	1423
297	1944-11-26	13	40	1583
251	1956-06-25	3	47	1211
260	2003-12-15	6	65	1963
206	1980-12-05	19	31	1635
288	1988-03-06	40	57	586
295	1969-02-13	-12	35	1601
218	1992-04-21	20	77	1195
242	1949-07-12	34	93	1821
290	2020-09-18	36	52	1293
223	1987-11-22	42	93	1965
216	1959-06-11	14	24	551
284	2001-11-20	27	84	177
244	2016-12-11	-15	84	576
214	2018-09-11	-5	9	846
220	2011-09-10	26	94	776
276	1940-05-21	16	57	981
276	2010-07-15	35	19	280
241	1946-02-15	-1	64	1300
268	1999-11-19	21	60	1437
203	1970-03-04	22	56	1169
241	1947-05-30	16	19	651
270	1984-02-03	38	46	1007
238	2009-11-03	6	44	268
228	1975-02-04	8	65	1530
252	1980-04-26	35	62	251
255	1976-06-14	-5	8	182
292	2004-01-20	18	82	63
265	1947-07-15	4	76	571
291	1943-09-26	21	47	1010
225	1972-04-03	39	32	188
235	1975-04-16	-15	65	1875
269	1985-06-21	-14	10	425
270	1956-12-31	40	76	558
232	2013-04-19	13	15	1412
278	1972-01-31	41	29	1779
240	2017-11-10	16	13	434
230	1957-12-23	17	82	784
269	1993-11-20	39	80	380
242	1978-08-05	15	83	1447
293	1997-04-20	42	83	1563
278	1953-09-19	12	36	426
259	2008-12-31	-4	26	923
217	1960-09-02	-7	44	1530
241	2012-06-16	13	89	1392
284	1994-09-25	35	31	1858
212	2016-11-06	-10	20	1442
245	2013-03-29	34	41	1248
274	1993-03-09	27	2	174
298	1956-07-02	31	95	587
295	1974-11-04	14	13	601
270	1942-03-11	21	7	1950
228	1995-06-27	4	19	779
293	1964-09-04	6	83	1285
296	2008-11-26	42	87	448
253	1957-08-28	28	74	690
214	2013-08-18	-10	94	1208
224	1977-06-09	26	8	644
220	1984-01-01	35	97	567
283	1980-04-15	13	85	369
257	1989-02-12	21	56	1721
292	1997-03-25	8	67	1615
214	2017-11-26	-2	2	513
295	1962-12-16	31	55	1505
262	1964-12-12	30	52	1135
299	1977-06-26	9	79	831
284	1982-05-07	34	77	654
258	1942-08-23	41	9	236
216	1956-05-28	26	38	693
245	2016-04-04	9	33	1052
250	2017-09-23	12	78	1523
255	1985-03-16	-15	31	21
238	1977-03-30	20	90	226
215	1993-04-13	32	67	311
270	2006-12-14	34	32	1377
243	1953-09-03	42	92	878
263	2020-08-21	20	3	1774
207	1991-07-16	28	92	1462
290	1957-04-04	-14	79	1035
214	2001-08-02	39	77	310
275	1956-05-18	11	18	166
280	1951-01-14	-4	87	1354
226	2013-07-06	3	46	1198
222	1945-05-16	26	92	273
288	2016-02-12	-11	50	861
204	1989-05-13	-4	77	1885
291	1989-10-25	21	86	859
275	2004-10-20	41	76	158
222	1946-08-18	-2	33	363
241	1991-05-19	20	79	20
231	1949-12-08	35	27	491
209	2017-05-27	4	3	113
286	1998-10-20	40	13	1324
229	2011-07-22	-5	93	268
202	1990-04-25	-12	43	705
282	1977-07-31	30	75	136
261	1943-12-01	-12	52	707
299	1992-03-31	-13	72	1806
204	1999-12-30	28	39	1589
230	1962-04-08	1	30	1005
215	1986-10-06	-7	15	1908
211	1980-09-17	23	13	1538
275	2006-11-07	38	59	1704
266	1943-02-02	13	13	1394
235	2013-11-18	-1	56	1788
260	1986-07-31	6	15	1248
215	1951-12-28	24	24	424
300	2002-05-07	10	81	1218
238	1987-11-29	13	35	994
228	2014-01-06	20	39	567
289	2009-05-13	28	21	1334
267	1972-10-20	-1	23	299
277	1948-03-28	9	57	1285
280	2003-05-04	18	100	773
239	1983-02-24	32	39	1259
238	1940-04-14	25	6	50
269	2010-10-12	14	58	906
229	2014-09-11	22	1	197
242	1960-10-14	10	27	1906
271	2018-12-31	38	79	190
272	1947-08-18	35	39	1741
296	2018-07-01	41	0	1448
300	2017-04-14	-5	20	504
261	2017-05-26	36	7	734
214	1948-02-27	-2	44	1077
288	1971-07-28	3	33	1481
298	2002-03-11	-4	65	1085
290	1990-08-19	6	85	146
290	1951-09-21	12	95	1514
252	1996-03-08	5	33	558
263	1994-02-22	23	68	1892
245	1953-09-27	27	7	1011
255	2009-12-28	32	49	985
283	2016-11-08	19	31	1078
230	2012-05-07	19	90	468
247	2010-02-02	31	70	1553
263	1957-10-27	17	77	1619
219	1985-01-03	24	48	1695
287	1947-11-14	1	19	1893
297	1998-04-09	8	65	35
226	1950-01-28	39	14	1475
213	1961-06-09	24	47	1564
239	1957-12-22	15	11	688
204	1985-06-04	-8	6	1568
291	1973-05-02	-2	76	1842
296	1949-04-11	9	78	572
225	1982-06-24	37	6	1445
202	1942-01-26	11	49	2
221	2006-09-04	33	47	309
247	1964-05-15	26	68	1203
279	1949-04-13	16	61	11
235	1959-08-25	-3	38	983
263	1942-10-18	-14	57	818
207	1947-12-16	-2	22	614
236	1989-06-09	29	12	1331
223	2008-02-16	-5	13	491
293	1964-01-30	33	2	1515
255	1941-07-16	27	90	229
202	1965-04-03	40	45	1731
291	1982-12-23	-10	19	1771
297	2005-05-07	29	80	1041
260	2019-12-22	5	18	991
296	1963-08-19	27	77	1938
285	1967-09-15	1	13	891
283	2002-11-01	-11	9	514
252	1973-11-02	10	77	1105
236	1950-03-16	1	65	477
204	2019-09-03	32	31	617
286	1975-03-18	14	73	1749
221	1955-10-19	1	90	818
258	1940-04-26	32	80	1093
213	1986-02-22	8	5	1401
211	1980-12-20	10	0	1684
241	2013-08-18	33	33	1512
210	1985-05-15	-2	81	81
264	1991-11-08	39	77	1580
215	1995-08-29	0	16	268
300	2003-07-22	5	65	596
225	2010-12-01	34	51	1762
270	1987-10-17	-13	97	926
215	1967-02-07	38	10	1664
241	2018-02-15	-2	35	576
299	2012-03-03	-3	48	587
