290	1998-03-27	1	31	1800
288	2003-09-24	37	15	1923
249	1947-03-27	22	35	1608
228	2013-08-05	28	90	1200
264	1969-08-03	7	70	1392
278	1957-02-14	-13	34	511
295	1953-03-21	-11	59	493
237	1969-06-06	27	95	265
289	2001-04-05	36	13	185
239	1994-01-02	-2	74	454
258	2003-10-12	18	66	1127
278	1987-09-17	11	46	109
227	1973-12-01	-2	19	125
203	1947-10-09	8	14	261
264	1960-07-06	-6	58	617
210	1959-06-16	23	18	1863
221	1944-07-26	9	99	681
260	1986-06-02	7	61	738
245	2001-10-11	-14	97	201
285	2014-01-13	27	7	716
292	2020-08-22	12	11	420
227	1966-11-13	-9	66	1412
264	2017-11-07	15	14	361
209	2005-12-13	42	44	1742
251	1972-03-20	25	88	1956
265	1990-02-03	11	70	1468
227	1981-01-15	34	52	770
286	2011-06-03	-14	0	574
289	2018-09-19	-15	38	1870
209	1943-11-23	25	0	1272
213	1948-02-17	14	17	1304
289	1953-04-07	-4	34	1248
262	1947-12-10	24	17	513
213	1974-10-03	2	24	315
289	1954-04-06	2	67	758
281	1969-01-08	39	4	1764
271	2016-12-20	31	19	865
294	1986-09-08	15	38	1174
293	1991-11-15	32	43	628
243	1954-10-23	29	5	385
239	2017-12-01	-4	2	168
299	1949-09-09	12	72	568
299	1983-05-20	4	23	1785
252	1963-05-10	-9	87	320
253	1970-05-31	-12	90	1451
262	1978-05-21	32	58	1896
247	1949-05-08	13	82	109
274	1944-06-20	-11	69	1749
226	1975-08-19	-15	71	1842
265	2000-09-10	25	68	1387
271	1993-11-27	33	87	66
257	2000-04-09	13	14	1082
280	2009-01-20	-3	26	906
241	1954-09-24	37	45	76
238	1948-09-27	8	87	828
258	1944-03-08	-4	66	307
261	1972-07-09	37	96	977
241	1942-03-26	3	48	1296
230	2014-09-02	-2	95	778
299	2009-11-14	4	40	424
253	1958-08-20	25	62	925
216	1956-08-06	-13	96	503
257	1952-01-11	14	36	762
246	1998-05-02	0	6	134
263	1993-10-16	4	85	1175
231	1994-12-25	6	87	1891
291	2016-02-08	0	16	18
288	1984-07-25	-12	75	1785
215	1976-01-23	27	86	457
231	1944-04-19	29	67	162
286	2005-09-12	30	37	711
251	1963-10-02	29	64	475
294	1948-04-24	-15	20	344
209	2012-02-02	31	49	216
289	1988-12-24	41	75	713
208	1987-03-31	-14	58	1078
242	1987-04-08	8	65	1700
261	1978-03-31	27	91	1422
281	1959-07-24	14	82	1935
236	1947-06-02	29	79	120
232	1975-01-06	-11	79	972
297	1970-02-16	13	54	676
268	1991-11-20	15	100	1821
277	1977-07-25	31	19	1699
269	1991-02-01	-13	35	1446
246	1977-10-17	35	69	1711
255	2009-03-07	22	100	1567
244	1965-06-29	17	28	335
218	1994-08-24	-6	83	1274
230	2014-05-27	32	94	1803
278	1956-07-19	-5	74	79
265	1952-03-16	11	70	1777
219	2013-11-17	-13	29	776
203	1983-03-25	7	33	1223
239	1955-08-25	39	55	1994
295	1957-12-12	21	69	1682
222	2004-10-02	21	29	1458
292	1963-04-16	16	8	497
282	1966-10-04	36	100	508
237	2020-04-17	35	17	784
285	2010-11-24	31	78	1514
290	1971-09-18	11	53	811
214	2000-11-23	39	51	661
281	1952-11-04	37	69	79
212	2014-11-29	38	27	41
256	1944-03-04	8	64	1823
247	2016-12-08	1	56	1827
237	1992-02-08	39	49	1982
271	2009-05-11	39	85	419
249	1986-05-31	18	34	805
252	1960-07-15	7	76	1679
237	1966-05-21	11	39	1244
257	2009-10-01	40	69	1031
212	1942-11-19	30	84	1602
231	2016-08-26	-6	32	626
210	1991-09-18	38	63	70
219	1997-05-08	-3	48	1129
257	2009-09-26	-12	89	1152
250	1973-07-17	-15	6	794
254	2014-02-18	31	79	373
241	2002-02-07	20	46	188
247	1999-06-26	25	72	89
276	2000-03-26	-15	89	353
265	2005-08-31	-4	94	1526
208	1941-08-20	22	100	1755
296	1981-11-14	6	43	1680
220	2019-08-24	12	88	799
289	1967-08-15	-13	92	531
281	1944-04-09	37	51	197
275	1982-02-07	12	99	539
238	2007-09-17	-13	36	1222
215	2006-08-29	-2	94	1823
261	2012-04-06	13	37	592
248	1974-10-22	-11	56	814
237	1966-03-19	26	59	1521
270	1940-02-19	3	4	1028
259	1976-06-05	33	51	1771
248	2014-11-27	12	50	126
228	1983-01-02	33	9	1763
231	2008-05-07	26	33	327
240	1990-06-14	20	54	1042
282	1980-06-17	5	86	421
250	1999-03-08	2	67	1492
236	1964-11-21	28	18	1508
260	1984-06-18	34	17	1328
300	1965-04-09	-4	88	1903
300	1959-05-02	37	68	164
296	1984-06-27	14	13	142
232	2010-08-10	18	2	1300
257	1997-08-14	3	54	314
244	1996-03-05	-3	41	1374
287	2002-02-02	18	71	961
219	2008-02-22	9	45	843
222	1989-07-03	14	69	1282
202	1951-04-13	41	59	179
247	1989-05-07	7	9	1954
202	2016-12-16	-4	25	38
225	1989-01-21	30	21	705
208	1995-01-17	10	100	404
226	2016-03-06	26	17	1644
252	1974-04-26	-7	35	1633
289	1950-06-30	26	27	1360
240	1959-02-28	24	54	1144
296	2003-03-31	40	19	1054
244	1949-05-01	25	83	1880
233	2004-10-02	-9	16	1078
268	1955-08-01	20	4	1658
289	1943-09-19	-15	49	1854
294	1979-09-26	35	51	1410
242	1997-07-01	-2	15	1687
263	2000-10-31	20	46	1663
207	1982-07-18	-11	9	626
232	1988-05-02	-2	17	1611
268	1955-05-08	-11	67	1306
290	1997-12-11	5	86	667
204	1989-05-26	7	57	679
263	2014-11-28	-3	17	789
258	2009-07-01	-9	47	1990
287	2009-05-09	42	97	1920
274	1942-12-11	4	45	572
262	2007-05-13	-9	79	1342
255	1998-09-21	42	91	1859
215	2009-11-06	-6	38	1249
297	1996-06-23	-9	2	470
242	1953-08-26	-14	58	1513
207	1984-10-13	12	6	1507
214	2017-12-26	39	11	922
245	1948-11-20	40	34	879
271	1962-11-03	2	56	226
229	1957-08-31	-6	14	967
264	1945-10-27	14	87	939
206	2004-04-30	34	48	213
222	1974-07-15	4	2	1652
241	2004-11-07	14	17	579
297	2019-12-06	41	24	375
242	1988-08-27	2	56	851
275	1966-02-14	40	7	621
205	2010-01-31	26	96	1096
263	2009-03-22	0	84	468
219	1967-01-07	-10	67	215
225	2004-02-06	2	65	31
292	2001-11-11	34	89	1390
265	1950-08-01	42	64	944
249	1953-06-11	0	66	1908
221	2008-07-08	29	44	638
221	1962-07-22	10	21	645
245	1946-12-25	5	10	521
216	2015-06-02	5	85	1284
211	1956-09-13	7	38	1775
269	2019-07-28	21	36	99
296	1969-01-14	-7	16	1686
275	2011-02-02	14	69	1711
244	1941-01-07	-13	61	117
271	1961-09-01	6	93	1067
258	1992-12-28	29	53	1935
205	1968-08-30	-15	83	359
230	1959-08-27	11	81	1837
276	2004-06-22	5	58	737
296	2005-11-29	9	36	1333
249	2016-05-05	29	2	1411
244	1992-10-03	20	83	226
285	1945-02-19	24	66	1369
278	1944-11-05	10	66	1733
289	1990-08-15	38	31	1976
278	1994-03-03	17	28	695
300	1996-01-31	23	27	1623
229	1954-03-08	31	51	12
300	1992-02-19	-12	51	1839
276	1982-04-16	-15	84	428
278	1983-04-13	-4	95	424
236	1941-10-20	29	10	1948
216	1972-09-05	32	57	1861
219	1991-04-05	17	55	560
234	2012-03-20	-15	12	1618
270	2014-10-09	-10	10	1991
243	2016-03-31	21	79	1902
297	1964-02-05	17	46	1588
248	1955-11-26	28	40	292
228	2008-03-29	32	34	182
254	1997-07-13	24	93	1413
211	2006-05-30	36	32	276
247	1965-04-08	-5	0	1333
255	1973-05-21	2	23	277
296	1958-04-15	22	80	1589
227	1970-06-29	-8	45	781
253	1969-09-20	40	8	714
271	1964-08-22	9	58	1616
260	1959-12-24	17	55	1622
252	1978-09-06	33	30	845
297	1955-09-16	32	59	1995
215	1968-05-26	-3	70	1698
280	1941-01-19	41	21	1937
282	1957-11-04	11	0	1725
201	2007-09-11	32	54	1538
266	1966-04-07	0	42	610
279	1961-10-25	-5	62	1965
299	1941-06-28	15	16	1371
236	1956-07-01	30	41	1959
247	2004-12-04	7	48	1093
281	1987-03-19	23	59	1665
222	1991-08-16	14	84	282
217	1991-11-23	34	72	1985
286	2008-09-07	-7	33	1189
254	1972-01-02	19	5	1391
262	1975-08-30	42	10	1938
298	1965-12-13	-4	55	1887
288	1963-11-07	-8	11	140
232	1966-06-30	13	91	1152
259	2002-11-16	29	12	1718
275	2013-02-28	3	68	678
285	1963-11-22	1	92	976
233	1961-08-19	21	71	971
242	1999-03-18	42	42	217
218	2008-11-12	27	23	1991
265	1983-07-27	41	70	607
287	1954-09-09	18	74	257
221	1940-11-16	16	81	1707
288	1969-11-08	-13	86	1197
204	1992-01-24	27	48	871
204	1949-11-19	-6	99	1183
212	2012-07-18	-8	10	202
273	2003-01-16	23	4	1659
233	1991-02-14	-6	14	923
254	1984-02-03	11	9	1426
239	1953-10-29	-2	86	1813
255	2003-12-17	33	22	736
208	1975-07-01	14	91	1909
276	1957-04-07	4	83	534
270	1970-06-17	25	47	166
278	1965-05-17	39	82	1380
233	1996-06-02	40	77	1751
227	2017-06-02	23	85	409
297	1987-01-23	-5	61	760
298	2015-12-09	-15	65	1644
241	1972-01-17	42	83	1462
261	1970-07-16	3	93	247
248	1999-02-16	16	10	288
