280	2011-08-17	-5	36	1752
239	1949-09-07	20	98	316
256	1998-03-23	12	43	653
232	1958-04-17	23	2	1861
252	1993-03-16	40	12	1815
228	1959-05-06	-4	71	1899
267	1959-06-24	-10	66	653
246	2004-01-10	3	100	1454
210	2012-07-11	13	1	1191
260	2014-11-29	-6	67	246
252	1964-08-06	3	83	838
201	1943-05-30	40	99	1912
225	1999-07-09	21	71	364
223	2015-11-20	11	32	577
213	1959-09-05	5	60	1564
207	1995-02-20	23	0	1275
295	1996-02-28	37	3	1780
261	1955-04-10	23	98	1081
272	2000-10-24	6	0	1801
214	1971-08-30	14	74	1136
294	1978-07-10	-12	29	433
221	2001-04-20	8	58	824
272	1984-01-26	23	32	1161
270	1944-01-02	21	35	195
245	2008-05-06	-3	2	1327
246	1940-11-16	-2	97	1456
281	1962-07-15	-13	13	558
216	1992-04-05	25	100	1160
241	2014-05-08	34	99	976
252	2006-02-27	29	23	903
209	1972-05-07	5	7	800
272	2018-07-18	17	74	1519
202	1985-01-26	35	57	1898
230	1956-10-12	26	76	759
242	1988-12-30	-12	65	102
285	2013-09-16	-4	32	1899
209	1978-04-06	31	52	411
284	2007-12-02	35	58	1
222	1955-05-22	-4	85	1906
292	1947-06-21	7	66	194
289	1982-08-04	31	75	1205
209	1953-11-17	38	17	1933
234	1970-04-01	29	76	1757
263	1976-12-26	14	70	901
219	1983-12-17	-2	70	826
245	2001-12-11	30	53	1986
293	1989-09-17	17	26	236
277	1959-03-04	-3	37	1150
247	1959-10-10	32	20	181
268	1985-04-17	27	37	1677
293	1944-07-10	18	4	1255
228	1998-05-22	34	66	452
240	2012-08-08	23	92	212
242	1987-12-10	-4	83	57
288	2011-04-06	29	75	1791
221	1960-08-13	24	57	1640
291	1975-01-16	-10	94	529
215	1980-12-22	-4	73	148
290	1984-11-27	40	63	1267
215	1992-10-29	17	88	1465
203	1991-02-18	10	84	1543
295	1992-10-20	15	78	16
253	1982-02-23	39	89	1871
281	1942-12-12	1	20	1169
264	1977-11-17	0	54	929
272	2011-04-03	15	7	1259
289	1944-06-13	-4	71	173
276	1941-01-01	2	74	1318
246	2018-03-24	1	76	513
299	2020-04-01	19	52	549
297	1989-08-30	23	48	867
277	1949-10-20	-13	27	838
215	1942-06-13	42	32	1194
230	2009-11-21	17	84	304
249	1970-08-27	28	49	1587
249	1942-02-19	15	64	1881
272	1983-05-28	-11	20	1962
230	1944-10-08	6	19	403
229	1987-03-21	25	78	790
254	1942-12-31	-8	4	1536
223	1989-12-30	21	38	820
218	1984-10-07	-4	69	213
284	1950-02-06	8	43	35
277	1988-06-25	-7	32	342
202	2014-04-12	13	64	1313
221	1967-01-31	-5	33	691
235	2008-10-06	-10	99	1630
219	1969-11-03	22	29	49
224	1948-06-09	-3	11	703
249	1960-06-15	12	59	1151
228	1966-11-09	30	96	1849
294	1961-03-29	23	71	1098
205	1942-07-05	-5	23	265
274	2009-05-17	16	46	1416
278	1969-08-11	-14	8	876
216	1992-08-08	13	81	1641
255	1957-03-01	0	97	174
211	1960-07-19	42	60	788
281	1987-05-20	-10	28	57
295	1962-12-20	6	21	485
206	1957-11-17	-7	95	1014
241	1989-01-08	42	69	321
206	2006-01-08	21	85	896
293	1969-11-02	-15	11	1446
204	1963-07-04	13	25	1326
264	1967-03-13	0	54	1906
260	1940-10-22	36	59	836
238	2018-07-01	12	41	808
250	2003-09-28	-6	59	1131
257	1971-04-11	12	87	1313
283	1973-11-16	40	39	310
270	1989-09-05	12	90	318
294	1969-08-26	5	99	883
242	1967-09-29	1	56	1801
211	1982-07-29	3	31	1063
240	2005-11-16	42	26	171
250	1983-03-16	-11	35	951
244	1974-12-27	11	97	841
206	1960-06-20	16	56	1229
