235	1972-02-09	10	43	164
251	1976-04-28	2	3	347
248	2013-12-29	-6	95	1704
208	1963-05-29	17	95	1960
277	1975-06-18	20	79	1993
225	1993-10-03	15	100	1911
246	1988-09-08	41	49	370
246	1991-03-31	38	60	1903
251	1994-07-25	6	30	1704
213	1954-01-21	39	54	1100
230	2004-03-07	3	59	1601
295	1945-10-14	10	31	644
207	2014-01-31	6	92	170
230	1957-01-01	19	90	1015
210	1958-09-19	26	46	383
209	1966-05-23	-11	1	1369
287	1946-05-10	37	15	1844
289	2018-02-14	7	23	716
218	1997-07-27	9	45	708
246	1964-07-14	39	94	451
220	2006-04-30	15	5	370
209	1950-11-13	-5	38	1403
210	1965-07-16	8	30	903
263	1978-06-04	-11	22	1880
203	1968-12-22	28	60	1314
266	2017-02-05	16	22	550
293	2008-08-18	14	29	1583
253	2012-03-07	37	83	2001
292	1945-10-09	8	67	706
272	1950-12-31	-13	4	154
226	1991-10-21	33	79	1046
207	1963-07-05	3	5	1486
213	1982-07-02	11	17	1046
219	1990-04-16	3	91	949
285	2003-06-01	3	90	140
229	1968-05-07	15	47	817
209	1942-10-31	26	40	1602
247	1996-09-25	30	80	1499
239	2019-11-19	-10	5	1611
264	1961-09-10	6	59	1324
215	1960-06-26	17	77	263
239	1958-10-03	8	90	1013
256	2017-04-04	7	13	1991
298	1943-09-06	-11	5	199
212	1993-04-26	-10	28	1650
223	1953-03-16	-11	81	435
238	1983-12-17	22	43	1541
213	2015-06-13	3	47	616
218	1972-01-01	41	66	913
268	1988-09-14	-11	40	1820
225	1980-10-13	0	16	941
223	1985-05-21	35	100	1802
270	1972-06-18	11	13	823
289	1965-02-21	6	10	79
254	2004-12-06	5	100	1825
224	1972-04-28	28	6	1623
262	2006-02-21	-4	71	1551
237	1992-08-23	32	55	1719
247	2001-07-10	23	64	699
241	2017-03-29	20	24	275
225	1964-07-24	33	83	655
210	1972-08-30	-15	76	820
286	1960-06-04	13	12	1902
218	1941-07-19	37	42	1505
241	1947-11-17	10	86	1258
294	1944-03-08	-14	23	803
220	1984-07-02	33	77	1513
218	2002-05-25	17	8	372
299	1956-10-06	38	31	828
240	1974-08-12	34	24	297
279	1977-05-14	3	19	1123
233	2020-08-21	35	66	746
297	1964-05-06	-3	15	563
225	1982-11-15	11	76	655
253	2002-09-25	7	22	1324
202	1991-11-01	41	90	1032
277	1947-05-14	28	32	1120
231	2003-02-04	-12	18	1753
225	1967-08-28	-7	87	1156
208	1991-03-16	37	3	530
264	1955-06-02	-12	78	1547
246	1991-07-23	30	4	1909
247	2005-06-02	-6	84	1230
223	2002-03-15	-8	2	802
275	1954-11-12	36	77	361
257	1942-07-03	-7	64	581
259	1982-06-21	-8	9	942
236	2000-05-14	34	50	642
262	2004-04-29	21	25	1136
204	2006-09-12	31	66	139
214	1966-05-20	2	50	1219
210	1966-08-22	10	74	1428
254	2017-07-23	35	30	1931
228	1952-09-16	39	59	1122
209	2020-08-24	28	92	634
230	1969-08-16	2	75	1204
209	1990-01-10	13	90	511
203	1969-08-04	9	81	291
274	1980-12-31	20	19	1554
205	1948-11-08	22	41	1940
242	1946-11-11	24	19	1184
211	2016-03-30	23	71	1741
256	1981-11-04	38	36	937
243	2007-06-30	-10	4	759
296	1980-10-31	21	81	129
232	1961-10-27	-14	50	782
241	2020-03-28	6	53	994
273	1981-09-21	39	96	33
291	1997-07-19	-5	43	1871
271	2009-01-06	-11	94	792
234	1978-08-01	4	66	1183
