295	1945-02-19	8	30	288
224	1965-09-17	26	34	1430
279	1954-01-29	15	91	790
256	1947-11-21	15	64	67
201	1978-11-03	37	56	1022
239	1940-12-08	11	85	139
258	1967-10-04	15	36	842
217	1996-12-07	22	36	1413
269	1977-05-08	12	11	1783
262	2005-12-24	-4	31	199
226	1966-01-27	-1	35	962
212	2013-04-02	40	50	1499
265	1992-11-30	22	68	185
224	1966-07-06	-14	26	1934
240	1999-02-19	38	40	863
211	2017-01-18	-3	83	1308
233	2004-11-14	24	8	1220
265	2020-02-21	13	51	190
265	1999-09-11	31	19	1451
226	1988-04-07	-4	32	23
251	1949-09-11	28	80	1426
266	1999-06-08	9	96	1239
245	2020-04-02	13	3	1031
261	2018-04-21	-15	5	897
268	1955-11-10	5	77	1788
294	2003-06-22	21	0	1676
265	2012-04-10	1	29	25
209	1942-03-07	-2	54	1274
268	1988-05-16	19	67	179
223	2016-02-01	-6	76	1956
297	1973-03-24	13	8	782
291	1977-05-03	9	39	1409
225	1943-08-18	13	90	85
223	1983-03-11	5	20	1853
227	1986-07-29	0	24	359
252	1980-02-15	28	29	1622
256	1971-09-27	19	23	943
252	2011-03-22	23	20	1092
226	1968-01-02	2	39	1953
280	1941-10-08	8	72	946
225	1982-03-22	10	97	1341
235	2014-08-07	7	1	1679
230	1945-08-11	-11	79	518
300	1997-08-26	42	60	213
217	1986-09-11	8	88	1639
238	2019-03-27	41	76	818
201	2005-05-02	27	37	337
274	1988-10-11	-13	72	715
233	1977-10-28	6	3	1764
220	1972-08-20	25	54	63
296	1984-12-05	30	92	864
221	1975-12-18	38	34	682
227	1981-11-03	-9	63	1275
278	1945-12-04	-1	98	67
207	2001-08-03	18	32	1072
256	2006-11-30	32	26	541
207	1961-03-14	1	32	1671
293	1963-04-09	-8	30	1901
248	2010-11-10	9	23	1372
220	1958-09-12	2	17	1906
281	1967-08-09	1	10	1555
244	1953-04-16	6	35	833
253	1979-01-06	8	35	1269
204	1953-09-21	10	14	1247
212	1973-02-23	9	55	366
278	1969-04-03	8	47	1650
288	1962-12-14	19	26	797
300	1947-04-18	8	19	1982
202	1969-12-08	15	0	195
294	1994-05-08	19	20	1249
270	1993-07-09	39	17	1028
215	2000-08-15	3	38	735
218	1974-05-12	23	61	713
228	1960-04-12	39	40	810
289	1957-02-27	36	90	146
220	1956-01-09	24	50	1225
230	1975-07-27	-7	93	60
206	1977-09-08	8	73	409
235	1975-05-21	-2	79	572
254	1993-12-14	-8	68	1180
275	1993-03-12	33	56	1498
229	1980-06-16	-13	40	1574
248	1976-08-23	-8	83	114
266	2009-12-03	9	2	1841
279	1975-03-17	6	41	1025
289	1995-01-19	23	42	978
227	1946-08-20	10	33	1252
284	1973-11-28	6	48	1708
249	1953-04-02	7	86	192
204	1989-02-07	15	91	1977
245	1984-02-18	11	91	688
211	1978-04-01	13	72	1010
221	1959-09-05	42	54	1766
223	2014-12-06	28	60	605
252	1996-10-30	1	45	34
227	2019-08-11	5	41	1092
290	2008-09-10	38	65	884
201	1942-05-12	13	25	695
288	2010-09-03	11	4	1835
280	2003-10-11	-11	68	1754
252	2018-06-24	32	58	1203
206	1943-03-07	41	7	1535
273	2018-08-11	9	53	870
282	1976-08-16	2	77	1864
236	1947-02-15	-14	97	104
230	1971-08-23	20	59	1657
272	2017-07-31	4	52	177
244	1946-05-02	22	41	1516
228	1965-09-06	-10	79	1418
202	1984-02-24	17	22	414
286	1952-08-11	-12	46	28
257	2010-06-04	-14	21	1323
298	1953-09-05	5	82	1244
218	2013-10-23	17	59	1752
286	1957-08-05	-5	8	434
286	1945-05-21	36	11	1967
234	1970-01-04	4	69	1003
234	1988-03-02	15	71	20
229	1993-05-05	16	24	1581
209	1978-09-10	24	6	582
281	1997-04-19	-1	0	1046
254	1986-02-15	3	85	654
237	1993-01-29	27	2	1592
214	1955-10-20	-2	81	1304
254	2001-05-20	29	44	63
266	1982-06-03	9	65	1525
263	1996-12-28	-6	45	131
269	2004-07-27	21	22	614
277	1995-11-21	-4	39	1184
222	2006-01-12	22	60	1429
255	1979-02-23	29	82	752
231	2012-02-01	-12	2	57
231	1983-05-05	1	40	870
232	1980-09-12	-7	17	87
220	1947-05-24	21	17	1973
288	2013-08-14	-1	63	313
280	1957-10-10	-9	59	532
209	1966-02-06	31	46	320
272	2014-12-28	14	16	1341
237	1991-07-14	38	21	128
288	1993-02-14	32	2	185
251	1985-10-29	16	2	150
245	2013-07-22	28	93	582
206	1967-05-16	6	6	328
211	1957-02-16	29	2	1802
291	2008-07-05	21	31	1630
262	1984-04-23	38	76	242
274	2015-04-25	22	61	279
251	1961-10-06	26	50	1349
289	2008-11-21	0	22	866
203	1954-06-11	29	100	377
246	1990-11-11	-2	7	502
224	1958-03-28	-6	1	1786
205	1947-09-25	1	73	928
272	1956-05-07	24	54	1484
228	1959-08-17	34	54	1320
278	1951-05-01	9	24	1706
217	2010-05-23	24	66	335
290	1948-10-24	9	36	1107
269	1973-04-18	34	75	389
256	2000-05-19	17	35	575
297	2014-04-23	-13	38	1200
259	1981-09-13	19	20	703
278	1994-05-14	1	36	619
213	1995-05-31	0	10	664
276	1992-02-10	5	75	1287
203	2014-07-25	25	27	1919
255	1955-02-05	22	39	1338
256	1954-03-20	29	46	633
242	2015-07-21	23	41	850
293	2007-07-29	7	73	849
242	2019-05-17	26	24	213
226	1964-08-24	21	55	513
247	1943-11-03	42	33	1745
278	1955-04-21	8	74	325
246	1977-04-03	14	66	1404
270	1954-02-04	22	96	570
230	1973-06-15	-11	0	840
266	1955-10-16	42	12	1697
257	2005-11-01	9	55	1905
239	2009-02-14	-15	18	267
223	1954-11-25	34	33	745
246	1962-08-29	-4	46	1392
205	1953-10-27	40	35	1727
287	1985-06-07	28	44	1281
202	1943-03-23	17	96	1414
249	2016-02-16	-13	62	377
240	1961-02-06	2	81	547
284	1947-08-30	5	25	1413
284	2006-07-23	8	66	975
222	1943-12-25	25	90	1644
295	1964-10-14	22	38	1430
224	2017-08-14	20	34	280
270	2007-08-19	3	22	1993
261	1997-07-20	9	86	285
220	2011-02-20	7	15	394
244	2002-11-20	26	63	1204
271	1960-02-02	28	27	1261
209	1987-05-14	-5	80	1630
211	1946-06-06	1	37	596
269	1990-03-14	-2	82	1776
209	2019-05-25	1	27	881
261	2000-12-28	3	14	520
298	1960-01-01	22	37	837
288	1971-12-29	14	37	1711
278	1969-10-10	-8	8	1629
282	1964-08-15	-4	16	748
248	1975-08-23	26	92	863
262	1946-08-06	-15	38	208
239	1949-09-29	-11	58	1682
216	1946-12-17	36	10	1359
224	1981-08-15	6	53	107
246	1966-04-16	29	42	1594
293	1961-05-24	7	82	816
287	2016-10-27	-1	14	1448
298	1948-12-12	29	39	29
260	1968-08-22	41	49	798
267	1979-09-05	38	90	1683
270	1969-06-29	1	63	401
218	1999-03-10	16	56	299
288	1946-08-06	19	80	1759
246	1976-05-09	-8	93	122
222	1960-06-19	21	50	602
273	1949-05-01	-1	74	266
294	1988-01-29	11	77	210
258	2010-07-23	24	70	94
281	1985-04-26	24	13	483
259	1964-02-15	37	52	405
272	1975-04-25	-3	75	1519
250	1946-06-14	9	58	83
243	1940-04-30	3	78	517
247	2012-12-09	31	57	1322
236	1947-12-27	30	6	1181
282	1960-11-30	42	92	309
272	1993-05-12	26	97	790
266	1999-11-14	27	0	1379
252	1991-12-25	2	35	1278
295	1979-04-08	14	89	952
300	2018-08-28	-14	83	1271
214	2017-02-16	41	50	169
226	1958-10-02	24	7	838
231	2012-10-30	42	100	288
286	2018-06-11	37	43	967
282	1952-06-02	8	30	1923
