208	1990-03-26	-2	83	42
278	1942-06-14	-4	50	78
218	1977-06-05	34	98	953
217	1988-02-18	-12	51	370
265	1994-07-14	-3	99	95
217	1961-11-16	-14	56	885
299	1956-09-18	-1	3	456
266	1999-03-26	26	58	1428
253	1959-09-27	6	31	1898
248	1983-04-09	-3	61	292
204	1995-06-20	-12	28	812
265	1991-01-05	-15	95	881
269	1993-09-16	18	10	1241
290	1941-06-07	-14	76	884
213	1982-01-15	5	62	927
297	2000-05-09	3	39	946
259	1965-08-17	42	27	899
259	1980-04-25	38	93	1230
288	1943-02-28	16	84	680
205	2002-08-06	7	74	1129
263	1979-11-05	40	47	254
225	1979-10-19	16	37	80
283	1998-02-06	5	41	100
248	2018-09-17	-7	20	382
277	2002-10-13	28	91	1828
257	1999-11-16	27	33	989
241	1989-12-10	36	10	533
209	1998-09-26	1	79	181
230	1991-05-09	29	90	143
282	2014-07-12	33	34	1477
265	1961-05-27	23	63	1748
268	1954-09-29	-6	72	582
295	1996-06-22	-10	39	1278
273	1958-02-17	7	70	499
239	2016-10-22	-11	23	1251
201	1977-06-22	13	0	1313
221	2019-09-08	0	33	1082
288	1952-02-04	42	26	566
249	1961-06-07	30	81	1749
247	1992-09-15	12	38	474
222	1944-07-14	33	69	243
262	1984-10-23	19	67	5
221	1962-03-18	36	59	855
219	2012-02-02	8	100	788
277	2001-04-04	21	66	1312
258	2013-02-16	11	80	1734
299	1945-07-11	8	78	650
247	2020-08-08	30	93	432
256	1994-01-02	29	43	1137
262	2002-09-29	-11	71	1443
210	1983-03-30	27	35	731
298	1947-04-10	39	23	1575
298	1962-10-30	12	68	431
264	1953-05-27	-2	94	780
229	1998-02-09	31	55	1662
232	1956-11-25	34	37	1366
255	1990-07-27	23	84	1251
286	1996-12-07	-11	38	1496
216	1943-07-05	4	93	357
274	1949-12-01	19	88	1572
280	2018-06-23	32	26	1260
289	1940-06-07	-12	76	474
283	1988-02-04	37	38	423
271	1971-09-16	-7	49	533
283	1996-08-29	-14	8	680
278	1992-12-31	29	87	1360
237	1979-10-15	19	21	1789
260	1980-11-30	0	70	1472
252	2002-03-30	23	88	1617
251	1988-01-30	-11	92	1889
253	1996-07-13	40	62	472
249	2005-08-11	32	90	1027
296	2008-09-30	-1	33	1419
262	1943-06-14	2	58	1010
260	1997-04-27	0	43	1101
216	1948-01-27	-15	44	1372
270	1940-01-30	7	52	548
237	2014-10-16	17	16	357
224	1940-06-24	-6	89	1389
242	1958-12-26	31	56	1208
261	1967-07-28	-8	20	422
220	1977-07-06	-5	62	1195
294	2016-07-25	30	60	1070
212	1961-01-07	-4	14	1133
237	1957-04-04	-10	83	217
281	1944-02-23	-5	25	487
262	2002-08-01	9	85	1641
274	2006-09-12	-7	20	1997
232	2005-02-19	-14	40	1705
213	1955-08-18	42	75	1872
202	2004-07-02	41	6	1878
237	2007-07-25	27	2	1327
286	1977-10-19	-14	73	1187
238	1983-02-18	-7	50	1511
208	1941-09-24	40	19	694
274	1972-05-28	-14	72	768
217	1994-06-18	29	9	1989
208	2008-12-03	29	86	432
234	1947-12-02	28	98	1776
228	2017-01-24	-13	42	697
282	1994-05-07	22	7	627
293	1946-12-04	38	43	1952
255	1992-08-13	20	73	832
271	2017-10-13	22	85	59
244	1981-04-24	10	92	1359
203	2019-01-12	-8	79	720
253	1961-07-14	5	61	399
295	1998-07-02	4	79	548
225	1954-04-27	-4	35	218
274	1993-12-13	-6	88	1140
219	1957-01-14	5	33	171
290	1961-01-15	18	60	1364
219	2013-04-08	-4	91	651
292	2003-02-14	34	77	1583
286	1951-03-27	15	51	1794
285	1965-10-23	11	38	294
208	1969-08-02	14	84	1979
231	2011-04-04	2	79	82
250	1980-07-09	26	55	1313
240	1974-12-19	25	42	922
241	1989-12-02	-1	97	683
230	1953-04-15	15	31	1081
254	1992-09-11	30	72	701
283	2013-07-27	10	49	1206
246	2011-02-27	34	75	497
254	1997-01-19	1	46	1735
212	2019-01-29	-14	5	1240
291	1988-11-08	18	35	1732
268	2017-08-11	5	19	1358
291	1976-10-13	10	19	1060
245	1961-01-04	22	60	873
283	2017-04-10	6	13	1930
236	1974-08-31	-6	92	1526
279	1955-12-06	5	13	912
242	1986-12-13	4	31	52
236	1968-11-28	10	94	1060
233	2012-08-03	42	3	581
235	1981-06-11	-12	27	940
283	1988-08-20	0	67	28
213	1985-11-14	38	47	680
227	1973-05-14	-12	60	836
255	1991-11-13	40	32	609
209	1941-01-26	29	9	96
224	1966-08-16	36	62	856
205	2011-03-25	-15	46	1521
300	2013-08-31	36	90	345
225	1982-12-30	29	22	979
233	1954-01-15	3	26	1312
203	1946-08-17	-14	47	131
256	1972-11-27	2	28	695
244	2001-12-05	40	68	548
266	1989-02-09	29	63	1363
266	2017-04-01	23	32	428
207	2020-01-28	-14	33	59
290	1995-01-21	21	82	133
241	1977-05-07	32	7	1563
278	1941-01-24	19	20	1554
245	2006-08-07	4	19	1285
228	2015-09-13	0	40	35
214	1996-12-16	-11	15	499
292	1966-01-13	-8	51	583
