288	1952-09-15	23	7	798
223	1981-10-09	21	78	246
251	1951-03-03	42	24	207
263	1992-02-22	0	6	256
241	1976-06-14	17	5	60
281	1988-12-20	15	49	1716
292	1994-01-20	-12	47	1787
292	1975-02-06	21	33	1924
246	1991-10-21	29	39	1910
209	1951-03-01	34	45	199
216	1969-01-20	-6	43	697
299	1951-11-01	21	58	362
228	1943-08-20	23	26	300
229	1981-06-05	34	92	128
299	2001-12-24	39	16	584
221	1955-04-17	-10	26	902
257	2008-07-29	10	11	995
210	1970-08-16	36	32	269
224	1942-10-26	13	8	671
289	1992-03-20	32	48	380
225	1968-11-05	41	15	1081
266	2001-05-27	35	94	655
287	1997-03-14	5	7	151
277	1940-09-16	3	68	564
290	2014-09-16	-7	63	501
289	2002-09-03	6	51	5
272	1978-05-18	34	42	1798
229	2014-03-06	36	90	694
209	1997-08-13	39	44	1439
208	2017-12-09	11	59	804
250	1943-12-12	18	68	88
251	1951-04-26	-8	32	1977
288	2013-11-21	20	16	1555
204	1957-04-21	9	82	1663
234	1940-08-16	27	97	1024
204	2002-11-01	12	99	1896
265	2001-08-23	31	86	1759
289	2002-06-11	-13	95	180
233	2011-05-08	10	65	279
295	1942-01-05	11	56	1115
224	1946-09-04	22	92	1046
215	1949-11-26	31	98	1966
284	1963-12-30	-1	82	410
212	2019-04-14	-10	65	848
222	1986-04-27	20	80	1371
298	1948-12-14	-11	53	278
206	2001-08-05	-3	72	1965
227	2003-04-15	-14	46	104
248	1986-02-07	14	93	454
251	1995-07-02	31	76	77
245	1946-11-30	26	33	1992
286	2016-07-24	12	27	1900
266	1982-10-07	14	26	1078
285	1996-09-14	42	31	918
203	1954-08-02	-6	89	1512
224	1968-10-18	22	84	51
242	1973-08-11	36	31	1889
283	1964-04-09	38	14	1750
264	1999-02-04	39	77	996
265	2002-12-16	4	21	389
287	1972-06-29	-6	18	274
287	2014-07-25	9	47	613
222	1964-02-05	21	41	969
265	1986-11-01	39	61	979
209	1961-07-17	25	97	929
255	1949-04-15	36	81	445
232	1966-08-15	21	80	461
299	1980-03-20	25	89	1852
232	1941-07-24	18	36	1031
234	2006-11-08	27	5	1522
278	1962-01-22	18	45	925
247	1969-11-26	22	79	1706
223	1973-05-21	6	40	1472
298	1991-06-24	15	94	520
245	1942-06-05	41	13	1458
258	1966-11-10	37	61	1377
205	1955-08-16	22	67	800
288	1975-10-04	-2	89	1890
244	1991-08-11	7	34	522
228	1992-05-08	40	5	126
204	1941-02-01	-12	91	1581
237	1952-01-29	42	85	676
245	1941-05-14	27	60	1313
286	2003-10-19	37	99	1839
239	2011-06-30	14	47	751
273	1957-09-19	0	24	589
280	1980-03-11	-15	16	617
242	1981-09-26	-3	98	907
217	1989-06-28	42	27	1893
255	1991-10-12	22	81	1180
255	1964-10-29	19	99	738
273	2005-06-19	30	92	1044
225	1945-04-04	-9	43	1634
223	1969-07-25	13	10	1530
272	2015-09-24	23	86	1157
263	1965-07-31	27	98	1503
273	2003-09-01	17	0	875
288	1946-12-07	25	66	470
271	1995-03-21	29	21	1170
221	1956-02-13	6	28	975
240	1948-05-21	40	89	296
293	1996-02-27	21	85	1880
266	1954-04-09	39	9	1900
258	2008-08-27	28	74	1001
281	1989-02-17	28	18	1493
280	1995-02-04	42	2	1162
236	1994-03-04	10	59	914
202	1990-04-19	-3	19	363
296	2002-03-08	-3	82	1824
300	1988-05-08	-8	45	1152
283	1968-06-05	-3	47	743
203	1970-08-26	42	72	1161
249	2014-09-21	-12	79	268
285	1996-04-08	6	63	1773
218	2002-03-17	37	4	1479
231	1943-08-08	3	51	15
289	1978-05-31	26	100	1524
257	1955-03-06	-13	100	1319
276	1998-11-16	-13	69	1158
289	1961-09-13	6	53	1046
219	1982-02-03	26	77	915
278	1989-04-07	19	5	531
205	1961-11-27	36	39	1685
279	1952-05-02	11	63	368
266	2013-08-02	-10	2	60
297	2009-08-14	42	10	560
222	1953-03-28	23	52	593
213	1997-03-23	38	17	635
299	2015-02-19	36	78	1911
225	1990-09-20	7	92	1608
206	1999-12-07	29	46	1
240	2017-08-26	16	33	93
270	1983-01-24	16	94	669
239	1982-12-16	6	26	1469
280	1964-12-23	-13	34	453
247	1943-09-09	-15	98	1399
230	2009-11-03	38	87	1024
281	1964-01-21	6	25	50
271	1964-10-07	6	77	1294
219	2003-10-31	17	49	759
256	2014-05-10	28	36	1740
245	2014-02-24	37	8	188
279	1951-07-30	2	58	1854
211	2005-01-12	41	14	506
281	1969-02-25	6	10	1888
295	1949-04-09	30	34	561
271	1975-01-05	40	36	518
234	2009-12-24	29	47	940
278	2012-07-11	35	52	825
204	1999-07-26	7	71	650
247	1942-10-19	38	38	1705
201	1990-02-16	42	50	350
264	2001-04-23	7	25	1669
292	1995-09-15	11	18	1904
217	1976-07-07	14	60	1723
252	1966-05-28	31	82	87
224	1973-05-04	7	73	136
279	1943-11-03	-1	48	1096
244	2015-01-07	-10	28	251
217	1985-03-18	34	85	230
288	1951-10-08	35	99	1554
273	1986-11-10	9	13	544
285	1971-11-18	23	70	292
213	1951-04-07	11	62	1868
221	2014-11-02	15	36	1114
295	2002-07-29	10	66	1490
243	1982-12-20	30	87	422
245	2000-08-11	18	19	539
297	1996-01-16	17	93	622
204	1973-08-03	39	68	1383
249	1972-10-14	17	5	834
207	1947-07-22	2	83	726
258	1952-04-24	-9	63	1744
261	1949-07-15	7	97	1025
207	1950-09-19	-7	24	821
264	1958-03-06	3	60	1454
259	2000-10-29	37	90	754
278	1948-10-07	19	75	1352
213	1990-02-25	14	76	859
292	1971-04-27	20	45	568
252	1963-12-08	35	37	313
224	1955-02-05	4	88	72
248	2005-01-26	-14	99	146
300	1977-10-25	3	75	320
266	1952-06-25	33	18	503
225	1970-01-26	0	72	1154
252	1947-12-02	22	49	970
232	2004-09-03	21	38	1831
244	1971-02-09	22	31	1292
262	1991-09-14	9	10	1442
275	1988-10-30	38	44	12
267	2013-06-04	-6	56	1235
300	1974-01-04	-6	64	1739
279	1976-03-05	-12	79	1790
270	1956-06-19	25	69	1020
295	2006-10-29	7	74	909
209	2015-08-28	15	28	1172
297	1969-10-22	5	91	1204
212	1942-01-25	12	22	587
274	1989-05-20	20	14	803
271	2000-04-25	15	60	337
292	1995-05-29	37	79	1180
292	1963-03-24	-13	56	1229
271	1951-01-03	24	31	719
223	1979-08-20	28	97	1196
244	1944-12-23	-4	49	1663
283	1943-08-05	11	24	1349
219	1971-01-13	37	27	488
238	2001-07-13	31	23	339
233	1965-05-18	5	26	1007
266	1996-12-10	3	67	1541
225	1972-02-14	12	62	1051
279	1983-07-30	-6	100	49
282	1982-01-09	-7	42	1665
212	2016-06-23	9	26	100
210	1942-05-10	-1	87	1707
271	1999-09-05	24	9	961
271	2007-06-08	1	58	190
298	2017-08-14	4	48	712
229	2003-02-14	17	1	1115
265	2005-08-17	26	31	870
286	1969-09-16	30	39	1634
245	2018-09-28	15	23	730
226	2016-12-27	26	38	288
283	1978-06-24	-8	25	533
266	1974-01-26	0	96	979
240	1994-01-26	40	15	261
259	1965-07-13	18	24	271
299	1974-06-19	16	21	626
273	1955-07-19	41	60	1984
300	2016-01-04	-1	4	1713
232	1995-04-11	6	99	163
219	1969-05-21	-13	51	1693
246	1989-12-13	-5	11	1199
272	1955-12-01	26	35	1459
239	1983-02-03	38	37	709
221	1965-07-06	0	11	1906
243	1980-08-24	-8	29	278
