240	2018-12-06	38	66	426
286	1958-10-14	41	78	1827
292	1950-12-06	19	48	1929
246	1977-08-20	24	22	847
254	2001-11-13	34	22	282
284	2001-08-15	40	14	312
212	1941-08-02	18	1	1586
250	1992-03-08	-7	73	326
201	2015-05-17	9	76	115
292	1966-04-21	13	35	1005
233	1963-01-02	26	87	1902
275	1990-07-07	0	67	1383
204	1966-12-16	-12	61	1395
226	1940-12-09	19	69	13
230	1964-05-29	0	54	581
207	1987-08-28	-1	0	1308
267	2002-07-04	23	8	537
268	1996-02-28	22	84	318
294	2008-09-20	12	94	1551
279	1996-09-18	24	13	12
202	2016-01-31	38	51	1270
222	1969-04-20	39	17	854
276	1954-04-12	-1	2	378
284	1989-09-19	0	55	1996
257	1956-03-05	13	96	48
234	1986-03-24	36	72	1706
254	1955-05-29	9	96	1532
292	1970-08-11	26	59	1908
282	1981-08-10	42	35	516
222	2017-08-06	28	23	1903
290	1950-06-24	-15	30	287
225	2007-01-31	6	9	1229
299	1987-04-26	35	51	1072
284	2005-08-19	13	5	330
216	1984-10-17	27	76	1623
222	1968-03-18	23	26	1682
287	2001-06-26	30	56	57
262	1998-06-20	17	10	1510
278	1947-05-18	1	15	507
283	1991-11-07	-15	80	342
255	1979-03-30	39	87	732
300	1993-03-31	7	13	1297
225	2009-05-13	33	15	1161
262	1958-12-26	15	78	1234
293	2008-08-24	32	76	1668
223	1954-03-01	8	54	880
251	1986-12-28	-7	4	1429
234	1963-01-23	-4	81	955
289	1985-11-11	39	95	864
211	2013-01-02	-8	48	399
270	2009-03-10	7	35	1556
281	1949-07-20	42	19	45
237	2017-10-13	24	89	1134
264	1969-01-17	-10	32	420
282	1978-02-02	33	75	1004
222	1942-10-12	15	28	214
272	1972-01-23	39	60	16
297	1987-02-16	42	4	1404
280	1992-04-04	8	97	1048
222	1991-12-06	11	48	201
208	1954-11-17	36	23	1744
288	1945-01-01	7	41	445
299	1968-10-07	20	18	612
243	1944-11-07	-13	38	1030
211	1959-02-20	26	18	1800
242	1999-03-02	13	2	1658
224	1947-12-22	-13	17	927
201	1967-07-17	36	25	1674
268	1964-04-13	14	88	544
218	1999-08-30	3	72	1864
204	1971-03-21	-9	70	114
207	2006-12-13	27	22	1039
248	2018-01-05	28	74	1454
223	1964-09-19	41	66	1363
263	2018-07-12	27	38	1132
261	1965-03-10	35	46	889
253	1980-07-27	9	81	563
266	1970-05-29	21	3	178
218	1958-01-30	38	73	1488
259	1989-11-11	12	12	702
285	1992-09-24	32	54	404
218	1951-01-14	-2	55	1961
228	1948-11-28	21	13	1193
278	2018-08-04	42	73	354
226	2016-04-26	14	83	723
269	1954-04-08	2	30	716
207	1997-03-24	28	86	445
252	2017-07-14	-14	47	368
242	1977-08-23	-5	92	1530
228	1998-09-11	40	31	934
267	2012-06-07	1	80	1001
209	1946-09-24	16	81	1314
272	1979-02-03	32	43	1765
280	2002-06-23	16	27	1112
265	1962-05-25	10	74	268
268	1993-10-01	31	100	1469
293	1943-03-08	14	32	1715
247	1986-01-02	-8	45	1090
282	1963-05-05	-7	8	544
275	1990-07-31	19	54	1973
278	1974-12-16	31	35	288
296	2001-05-01	-12	2	1080
222	2009-07-29	14	81	1562
296	1966-11-26	34	45	1735
203	1959-11-21	10	61	36
294	1965-07-01	-11	6	1371
261	1988-07-12	13	64	550
263	2017-01-02	30	79	218
231	1966-09-28	5	14	1576
226	1940-06-12	21	84	1748
227	1943-01-12	37	29	1086
261	1990-01-16	-15	95	315
254	1974-08-03	-9	52	517
247	1978-01-11	20	31	1986
212	1954-12-26	-14	52	798
204	1974-09-20	25	41	501
207	2017-06-25	-3	77	325
253	1997-07-31	27	17	9
232	1944-09-06	37	35	1014
291	1977-05-03	41	97	1538
206	1943-02-11	29	21	1791
243	1954-01-05	8	78	610
226	1967-12-20	-2	58	310
261	2020-04-14	-11	41	1102
275	1982-09-17	29	91	1077
285	1974-12-31	-1	78	999
269	1962-01-14	27	40	1658
246	1968-03-03	37	25	671
277	2018-01-06	-4	7	992
245	1996-06-04	-10	77	700
222	1950-08-29	-15	82	43
213	1958-08-22	30	40	1870
219	1974-10-10	18	15	970
220	2014-09-18	12	37	734
259	1976-06-29	35	67	1530
215	1965-12-22	-4	54	1306
231	1977-04-25	4	43	1270
299	1951-08-11	30	69	1307
287	2001-03-27	7	66	610
276	2017-11-07	-13	41	1988
239	1965-01-12	4	0	485
