227	1996-12-07	20	52	374
247	1964-08-28	-1	57	1540
204	1975-03-16	1	14	737
227	1944-05-13	28	71	1554
263	2004-06-16	31	75	677
222	2013-05-19	42	30	258
250	1962-04-10	8	17	1951
256	1988-05-15	18	87	1431
260	1940-10-26	36	68	459
269	1954-08-08	-9	72	530
276	2018-06-04	-12	83	427
263	1998-04-17	2	82	1270
205	1943-02-04	37	58	1219
260	1965-09-15	-4	44	903
288	1999-05-07	32	51	1080
219	1965-10-16	-5	42	780
237	2003-01-05	-10	80	1703
240	2006-12-20	-12	21	847
229	1994-04-24	0	49	462
253	2012-11-15	28	85	822
290	1986-05-18	39	79	1580
294	2008-10-27	20	45	260
211	1968-08-11	5	80	180
229	1996-10-13	23	73	1309
299	1943-03-20	-15	16	692
289	2006-09-04	-5	87	1820
246	1965-11-22	29	84	1100
278	1965-09-26	-14	15	554
213	1980-02-14	38	48	199
220	1956-04-23	-12	97	227
284	1944-11-02	40	46	437
220	1975-08-16	19	38	1723
268	2009-08-26	16	28	1060
284	2016-02-02	-10	34	1430
235	2005-07-19	33	66	341
204	1949-04-21	-6	2	1189
283	1967-07-05	5	27	587
279	2002-08-07	12	66	211
210	1942-05-16	12	14	1672
221	1975-08-29	-10	35	1361
292	2019-04-16	42	26	5
255	1974-09-18	42	79	1142
246	1941-07-07	29	72	718
221	1959-02-27	16	88	1379
243	2004-07-03	10	8	208
277	2018-10-07	-4	48	422
266	1941-03-21	-4	50	321
227	2005-03-19	0	24	1994
256	1975-07-13	7	27	35
294	2019-06-15	0	2	7
277	2015-05-14	12	69	470
230	1987-11-09	2	25	1009
274	1998-10-10	38	98	515
275	1960-05-31	2	12	1991
279	1941-04-01	13	72	161
276	1962-09-11	30	60	1274
274	2011-07-14	-8	32	1688
296	1947-12-18	23	43	2000
247	1951-02-15	4	60	475
201	2005-06-28	4	100	1933
266	2006-10-27	32	62	1325
270	1954-07-28	25	7	172
285	1961-03-13	-4	36	790
229	1958-09-21	38	19	1256
211	1942-11-12	14	17	1297
253	1943-07-25	31	74	610
275	1944-08-20	35	90	924
247	2012-01-28	-13	68	1533
300	1966-09-24	36	71	670
210	1982-09-05	0	1	978
249	2020-05-24	31	47	457
215	2013-01-06	18	13	946
237	2016-06-04	1	97	1708
236	1957-04-18	35	99	394
288	1951-07-30	28	39	392
286	1978-04-11	-3	45	1039
240	1950-05-12	41	39	415
203	2018-07-17	34	96	556
293	1981-12-28	20	25	1211
256	2013-02-13	16	69	264
277	2003-01-20	10	3	1807
275	2012-08-26	-2	70	21
252	1943-03-05	26	5	1585
288	1944-11-22	29	24	973
229	1975-07-13	32	7	954
249	1997-04-08	-15	42	656
221	1954-04-19	-14	53	94
273	1975-02-17	29	12	1948
266	1940-11-04	42	39	1412
297	1942-06-18	13	68	1754
265	1992-06-19	3	45	513
292	1968-07-11	39	0	1440
260	1941-05-24	24	50	438
279	1971-12-21	21	32	480
276	1971-06-24	14	30	682
256	1996-10-14	-4	16	39
203	1975-08-23	18	84	1938
216	2007-07-16	11	38	575
204	2000-05-01	-5	0	156
272	1985-10-16	-14	22	1162
224	2016-05-13	20	66	345
256	1982-09-06	-14	99	210
232	1983-11-12	-15	58	1672
244	1958-06-27	13	12	251
262	1959-05-06	40	97	828
209	1960-11-26	-8	39	1393
258	1975-05-22	41	81	465
238	1951-07-24	22	13	115
241	1983-11-18	18	63	732
258	1942-07-01	23	32	620
285	1963-08-24	32	55	1297
244	2005-04-23	35	79	878
213	1983-11-12	39	72	1986
