277	1948-05-01	38	67	1725
208	1956-01-14	39	13	587
205	1985-07-14	17	13	280
232	1994-09-01	0	94	1254
245	2001-06-20	39	30	436
273	1951-11-11	32	42	1600
218	1959-02-20	32	84	410
297	2007-08-16	0	91	1641
227	2010-05-12	-15	56	233
227	1965-01-01	40	100	999
227	1989-09-08	31	68	1243
293	1949-08-31	-5	71	932
225	1997-03-12	22	18	320
269	1955-10-06	15	17	9
285	2016-08-22	-5	88	925
220	1985-08-14	23	64	179
261	1977-05-27	27	87	1237
244	1945-10-18	-13	73	802
295	1951-07-11	31	44	118
284	1975-12-06	25	29	52
257	2002-09-12	33	95	227
209	1960-03-18	-9	53	303
284	1976-03-27	-10	79	1593
203	1940-12-05	31	83	1482
279	1941-01-18	2	95	209
220	2016-05-23	12	92	1433
293	2014-11-09	17	43	921
300	1959-03-19	4	47	576
243	1998-08-13	6	14	1061
251	1975-08-10	27	45	1094
210	2002-06-20	12	60	429
259	1998-12-27	14	75	1707
249	1952-12-31	30	79	1114
279	1996-11-15	30	81	519
279	2008-12-17	28	73	1887
213	2017-09-13	6	63	1989
270	1994-12-04	33	24	626
299	1950-09-26	36	18	1602
293	2013-06-25	-6	20	1470
244	1995-06-07	19	36	816
208	2008-08-01	3	15	1892
262	1942-07-17	35	30	473
279	2000-06-07	18	83	1045
248	1975-01-19	37	7	796
278	1982-10-07	33	18	1208
276	1943-03-29	24	93	1127
239	1960-02-26	-11	1	998
202	1979-07-19	28	59	1417
296	1955-11-11	14	35	1905
257	1994-05-05	25	95	1589
251	1979-10-26	19	8	1384
252	1962-08-22	-15	34	22
245	1998-12-16	22	47	1739
290	1989-01-30	23	36	637
255	1946-06-26	13	36	720
212	1944-07-09	40	100	1103
234	1981-12-13	18	86	1719
203	1953-03-21	10	14	1688
293	1976-07-14	18	30	1917
237	2006-01-17	23	12	1863
262	1970-03-06	40	80	1947
223	2005-08-07	21	69	1330
292	2014-07-18	-8	21	1518
222	2016-04-05	41	98	719
204	1962-05-29	-9	7	1946
266	2010-10-07	28	68	1473
213	1988-09-02	33	82	978
217	1984-05-03	-10	67	496
284	1971-05-02	8	53	1597
285	2014-01-01	24	94	921
227	1964-11-25	-14	59	405
247	1991-04-14	-1	6	1127
221	1972-07-18	23	23	1454
208	1953-09-25	18	1	946
262	1968-05-04	41	24	1638
281	1964-08-15	39	49	1183
285	1945-10-08	13	21	1193
208	2008-09-29	27	0	1767
262	1993-04-27	12	4	470
217	2010-04-30	5	46	283
268	1982-01-29	40	47	241
215	2017-04-02	8	92	139
231	1993-03-31	16	89	755
203	2004-04-23	0	47	1438
240	1978-10-21	35	33	1337
219	2008-11-15	7	89	1520
296	1985-10-08	34	18	266
264	1990-10-23	5	26	1751
250	2004-07-26	15	34	863
233	1987-03-12	-7	42	1276
292	1951-10-20	42	61	1069
231	1942-04-27	19	63	1678
260	2015-08-21	-14	52	859
223	1956-12-11	-11	40	977
221	1977-11-07	41	25	988
219	1999-08-19	-1	67	1473
297	1986-11-14	0	53	1785
263	1999-09-21	-10	9	464
263	1961-04-10	27	66	1248
269	2001-06-16	2	65	1947
255	1973-03-09	20	60	1871
295	2016-07-08	33	65	199
265	1967-01-09	6	99	468
293	2012-02-18	-7	44	646
209	1947-11-20	-2	68	34
267	2017-02-18	-3	73	1702
212	2009-11-04	-7	61	351
243	1966-07-09	12	63	1587
251	2016-05-31	-4	57	802
266	1985-12-14	-5	78	1398
217	1960-09-27	3	61	1898
249	1996-02-02	-14	52	384
233	1985-03-15	38	89	1823
230	1966-10-14	-3	16	465
256	1959-02-26	-5	37	369
235	1972-07-04	6	9	1272
206	1993-02-05	0	83	486
238	1948-01-27	11	66	550
254	2003-04-07	0	73	275
219	1948-08-28	20	72	1833
224	2006-08-30	25	33	571
241	1960-01-16	1	32	1776
275	1943-04-25	-14	10	1566
293	2015-11-19	5	64	1518
238	1958-10-19	-14	14	1664
245	1969-02-19	6	9	1796
279	1962-09-02	3	18	414
272	1965-05-02	16	18	96
262	1949-03-12	1	53	1433
290	2013-01-12	32	38	1117
285	1970-02-25	-12	88	129
205	1991-12-24	40	40	1811
218	1989-04-11	1	46	996
276	1940-08-30	32	84	1786
294	1951-10-25	6	41	1097
224	2014-01-18	13	39	1894
251	1944-03-27	-10	17	1103
292	1981-01-08	37	71	456
281	1974-04-24	4	37	1608
220	1949-07-17	23	53	536
262	1998-06-15	-11	73	1664
298	2004-06-22	30	15	651
221	1982-12-29	-3	34	335
269	1971-07-31	25	2	494
298	2004-05-08	8	61	1461
270	1962-11-10	4	50	830
297	1998-08-13	42	90	798
238	1964-02-21	25	79	548
278	2012-08-03	12	89	1613
293	1960-09-15	16	98	697
290	1951-10-18	-14	57	1991
290	1989-07-31	6	21	5
250	2014-11-14	42	65	972
285	1976-09-18	32	38	1678
233	1961-11-06	11	84	1510
234	1944-06-22	28	2	1111
205	2008-07-10	24	6	1803
251	1987-08-19	-7	87	171
224	1976-08-18	33	39	70
