252	1998-05-31	5	9	1504
251	2018-04-24	4	1	584
286	1992-12-26	15	24	1412
236	2013-08-20	27	88	372
214	1958-09-10	-9	23	1648
267	1998-09-18	32	29	468
238	1970-05-09	29	92	1985
249	2004-05-11	25	29	1541
210	1999-04-21	-8	49	1486
242	1990-08-16	12	45	1065
262	2007-01-15	0	77	741
232	1957-05-15	13	53	1922
244	1994-11-05	-9	10	486
289	1968-11-21	37	93	34
235	1987-11-28	-3	13	1639
297	1951-07-09	12	76	1850
210	1957-08-11	38	22	1027
274	2002-06-15	41	79	828
230	1970-06-23	-11	28	458
255	2009-05-08	-5	50	820
261	1961-01-28	15	22	840
238	1989-04-17	34	73	1971
236	1977-04-28	5	55	45
295	1968-05-13	-13	28	1099
228	2003-06-04	8	9	1528
216	1959-05-17	6	21	1389
213	1986-02-28	-7	59	483
271	1994-03-28	2	4	644
233	1954-08-15	37	70	1895
237	2009-07-14	30	68	1146
214	1952-02-07	15	100	267
220	1975-03-06	-8	7	1712
220	1996-06-04	42	52	446
288	2009-09-01	-15	91	1836
300	2009-02-16	-1	8	1614
219	1980-09-02	-11	97	488
279	1968-11-19	15	85	285
264	1986-11-07	2	21	367
254	1956-03-20	16	36	1885
262	1990-10-18	30	44	1574
291	1952-05-10	0	56	941
202	1995-11-27	25	69	1783
230	2008-06-05	33	96	485
300	1976-01-10	20	18	1706
215	1951-05-01	22	56	549
264	1952-05-07	11	62	1834
295	1946-07-21	34	32	133
220	1994-01-03	33	93	797
252	1944-04-04	26	50	1308
229	2015-02-17	5	61	1087
283	1948-08-08	-11	28	585
282	1973-03-21	7	3	1610
224	1997-10-17	10	69	459
258	1962-06-12	-15	34	1685
207	1942-05-25	11	72	882
278	1978-05-28	30	59	1811
290	1951-06-04	-14	86	779
242	1984-07-27	21	39	1605
207	2014-12-16	37	75	1555
201	1992-03-01	36	28	1579
270	2014-04-26	4	57	81
218	2017-07-27	2	19	277
209	1985-06-28	16	88	1972
239	1964-04-23	22	32	1069
227	1948-03-31	21	87	1447
236	1989-07-15	-1	21	1389
245	1994-02-27	0	66	295
205	2001-10-04	39	83	1037
265	1954-09-05	35	25	929
270	1941-12-18	31	80	279
209	1964-11-28	31	40	2000
245	1985-08-27	-2	38	818
279	1968-04-24	28	9	1154
242	1992-11-17	-8	47	495
298	1958-11-23	1	99	1668
278	1958-11-23	-8	21	932
265	1960-04-09	30	12	669
221	1988-04-05	2	39	622
210	1942-03-27	5	64	1001
237	1988-01-19	-11	98	568
245	1967-11-20	-7	88	373
212	1957-03-18	-9	84	973
285	1996-10-11	-4	78	577
262	1958-11-19	4	60	280
262	2007-11-11	-14	91	1903
216	2017-09-26	11	34	513
277	2000-01-08	8	30	486
257	1954-06-01	-10	63	1545
262	1994-12-30	-5	66	1618
280	2019-06-10	3	76	313
290	1996-11-21	17	0	419
255	1955-08-14	28	77	105
234	1950-09-23	-14	59	1157
209	1950-08-20	1	95	505
243	1987-03-16	32	37	113
268	1968-01-24	-15	52	105
222	1969-06-26	37	25	1754
212	1975-05-24	34	22	523
225	2007-07-22	1	97	1024
277	2004-05-03	-9	49	145
262	1955-03-28	30	80	1026
234	1972-01-02	-9	74	1644
213	1981-11-15	31	58	1856
240	1954-05-14	25	64	27
296	1992-11-13	19	67	908
205	1997-09-10	3	42	1312
206	1968-06-20	-2	29	1620
261	1940-07-20	-8	78	1263
276	1967-11-09	20	91	1075
285	2003-01-31	14	100	138
276	2000-01-22	38	14	1447
237	2007-12-15	0	6	1816
294	2000-04-11	41	20	908
246	2011-09-13	-3	38	186
201	1953-01-30	8	36	1681
221	2018-03-08	42	17	1173
272	1964-10-11	8	43	1555
255	1951-11-17	-12	71	294
247	1974-12-08	9	37	1079
239	1978-04-09	19	37	928
272	1963-02-20	25	90	1197
273	2010-09-26	41	80	302
227	2014-08-14	41	98	602
294	1987-12-19	29	87	1903
278	1977-08-20	42	6	1527
254	1964-09-02	42	7	836
268	1958-09-11	27	38	1471
231	1945-09-27	-6	57	1921
202	1952-05-29	-13	47	525
287	1971-04-15	-1	99	1894
253	2010-08-22	36	51	96
209	2015-10-18	18	36	731
274	1981-04-22	-11	12	1289
277	1951-07-15	19	23	120
209	2006-12-06	29	60	261
265	1985-08-07	34	3	588
203	2000-02-12	33	57	901
276	1972-04-14	11	43	971
271	1971-07-25	33	24	1933
292	1987-09-10	29	6	1799
211	2006-12-11	-2	53	506
226	1981-12-20	6	37	369
214	1974-08-28	22	70	403
251	1946-02-21	29	29	1986
235	1951-02-26	17	93	948
286	1962-01-29	14	23	1076
222	1966-10-10	35	56	919
214	2006-04-19	19	94	989
223	2003-03-24	10	75	1143
251	1954-02-24	20	15	1994
285	1983-09-23	17	88	948
258	1993-01-14	10	32	518
234	1991-11-28	21	27	1541
259	1948-07-24	14	96	1038
268	1969-09-12	40	41	1325
291	2013-10-05	-8	37	124
286	1946-03-29	36	88	419
227	2016-08-12	39	95	148
271	1962-02-10	25	38	755
224	1955-05-17	24	11	897
274	1953-02-02	-10	76	1583
250	1974-09-02	9	32	1923
297	2016-06-15	16	26	308
270	1968-04-12	23	60	1185
284	2016-10-12	13	30	1237
252	1952-03-25	11	82	1611
287	1972-09-02	27	25	375
291	2014-09-24	-5	27	1660
284	2001-02-22	-7	9	957
265	1962-09-05	36	80	496
254	2006-08-24	38	82	194
270	1944-10-29	35	16	670
288	1980-11-03	-3	62	1454
231	2001-06-07	-3	98	35
213	1980-12-10	-6	40	1814
294	1940-01-06	-6	74	1539
213	1982-07-31	-4	90	635
221	2018-11-11	3	22	958
209	1960-10-19	15	86	1419
211	1991-01-27	14	86	289
202	1960-05-10	0	67	1842
262	1986-06-01	27	100	1228
278	1974-12-20	14	79	1182
268	1976-10-24	16	1	1405
212	1993-04-01	35	43	1615
259	2011-12-18	5	35	725
264	1943-07-09	-1	80	1011
247	2003-02-22	40	37	135
256	1998-08-30	5	66	1802
201	1958-11-05	6	49	642
211	1959-04-19	-7	24	1737
287	1951-05-05	33	13	1257
252	1984-05-19	22	27	576
239	1994-06-23	4	61	190
230	1968-06-25	35	10	820
249	1981-10-26	13	70	343
210	1971-11-27	-9	35	929
298	2003-12-30	-15	64	1059
254	1947-05-04	25	75	1298
246	1975-08-31	3	13	1785
298	1995-10-17	0	57	351
300	1941-09-24	31	12	938
288	1964-11-21	34	83	799
265	1963-07-14	37	66	1309
267	1958-07-10	31	13	535
252	1996-09-30	23	90	1291
232	1973-12-15	-12	28	260
287	1998-10-12	13	95	182
237	2005-05-15	15	58	133
218	1952-07-05	13	16	1957
240	1960-03-23	-6	76	1205
295	1955-01-11	-14	90	46
276	2001-06-18	7	15	1576
284	1980-09-24	6	13	737
257	1956-11-16	-7	76	412
205	2006-02-12	9	44	291
226	1982-07-28	27	73	17
210	2018-09-17	-14	9	1160
206	1968-12-31	30	29	1224
201	2001-01-12	34	99	840
207	1954-05-28	37	84	1658
248	1996-11-12	38	37	54
273	2019-11-16	-14	83	949
224	1983-11-13	2	19	484
299	1984-02-19	-9	36	299
253	2001-11-22	16	43	163
239	1968-04-09	16	60	62
235	1940-09-13	-12	47	340
251	2003-01-21	26	49	1240
263	1948-04-10	-3	72	1401
211	1951-10-13	6	64	895
296	1999-08-28	25	48	951
