226	1942-04-24	27	36	1262
243	1960-05-16	28	92	1612
245	1961-11-21	-8	95	1464
219	1968-03-20	38	53	1504
206	1979-08-24	20	83	476
292	2017-09-12	-11	36	1114
283	1945-02-12	-5	17	262
209	1972-06-07	3	81	983
273	1985-06-08	16	28	1678
245	1952-09-28	-6	64	198
299	1953-11-03	11	14	1751
232	1981-02-07	-1	24	1205
216	1988-02-14	32	44	537
279	1975-10-15	2	9	1848
277	1973-09-12	-13	85	522
243	2019-03-23	-6	75	396
292	1984-07-20	-10	87	328
273	2017-11-10	24	86	44
242	1968-06-30	8	52	211
276	2004-06-09	33	100	1244
270	1974-03-12	22	82	1338
255	1974-09-18	22	42	1473
213	1956-01-03	-11	55	1014
203	1990-01-22	21	56	1779
298	1968-09-16	7	45	1543
254	1995-05-05	8	3	222
238	1970-05-26	-11	82	1227
288	1942-04-12	15	68	1852
287	1956-12-18	-15	58	1494
275	1973-07-10	3	19	1234
259	1986-12-06	-7	23	1804
254	2012-06-29	14	82	29
201	1955-12-20	3	99	757
280	1970-01-23	25	66	1103
284	2006-09-20	-11	42	1430
298	1959-05-21	11	81	481
260	1970-05-15	-10	35	536
261	1984-02-04	42	22	1689
225	2019-12-09	10	42	1866
278	1991-06-17	28	92	666
257	1973-11-18	37	58	1489
248	1947-08-31	1	22	1955
202	1966-10-29	25	10	314
296	1954-11-26	3	12	1703
263	1979-02-19	38	26	690
242	1983-12-25	6	68	969
242	1952-03-29	11	16	1740
233	1978-11-24	-2	78	322
297	2014-06-25	-7	62	198
207	1992-02-09	-12	49	1158
251	1980-04-26	3	9	353
233	1996-03-30	35	43	343
277	1978-02-15	37	76	547
254	2013-08-16	16	81	536
300	2002-03-17	41	86	1306
284	1959-08-21	27	53	393
222	2011-06-14	28	62	1197
275	1992-02-04	41	79	1577
289	1979-04-16	-15	85	1583
262	1974-05-01	27	89	1588
239	1984-01-20	-3	29	505
215	1963-05-25	11	7	1707
247	1993-02-28	27	21	395
204	1945-11-09	37	13	21
277	1979-01-08	0	11	1343
220	1990-12-03	-6	9	317
235	1945-01-17	41	94	1305
234	1996-08-24	28	43	476
216	1993-06-27	-13	78	375
255	1977-10-20	15	86	1731
298	2005-08-19	4	42	1565
255	1969-02-07	14	42	901
221	1973-05-12	36	71	595
229	1945-03-15	26	57	1624
285	1989-01-23	23	58	1647
225	1950-10-18	8	39	51
205	1960-12-05	-5	61	184
211	2013-02-06	2	51	1677
279	2011-06-20	42	91	1083
284	1997-10-25	21	95	1783
268	1959-01-09	37	83	1348
300	1982-10-31	42	76	1888
263	2006-09-11	-4	13	102
235	1978-11-08	13	88	951
297	1987-03-13	13	15	1763
206	2009-02-09	0	35	1695
297	1980-01-05	12	2	969
211	1942-03-26	17	94	1024
266	2009-02-27	38	73	245
268	1973-09-25	29	39	149
213	2019-07-28	12	15	971
257	1974-11-02	39	81	984
292	1995-02-18	28	78	90
278	1970-06-12	-15	49	671
264	1987-05-20	25	52	360
271	1955-03-16	15	28	1460
262	2014-05-05	19	47	756
221	1960-09-19	-2	42	1101
295	1971-11-24	26	23	435
216	1982-05-15	-8	86	481
210	2019-11-21	-6	27	95
212	1996-06-24	38	42	938
277	1979-08-27	-14	87	1789
