266	1998-05-17	33	71	1654
269	1960-01-30	18	58	1997
262	1941-07-16	8	70	490
273	1971-07-16	10	91	1155
245	2004-01-18	33	14	1960
233	1980-08-24	-2	59	1929
294	2018-11-21	10	50	492
203	1964-07-23	17	48	480
235	2001-02-25	12	0	1538
288	1955-07-12	-11	80	999
281	2012-04-19	42	3	0
229	1986-10-10	-1	0	1530
202	1942-10-24	34	21	924
298	1979-01-19	25	11	1900
252	1986-09-16	-9	4	694
273	2002-02-15	2	0	1272
219	1977-02-11	-10	4	1904
269	2000-08-27	24	79	1167
247	1950-08-11	39	42	1799
299	2015-11-10	-13	6	1333
249	1972-06-26	-15	16	821
254	1952-01-05	4	39	85
299	2010-02-27	32	49	500
205	2011-02-14	5	55	1303
269	1998-05-14	-14	66	897
297	2002-04-08	32	16	1295
255	2014-10-30	31	54	1336
291	2014-02-04	3	28	357
260	1999-08-03	33	53	1928
222	1961-02-02	14	71	445
272	1977-05-20	-14	32	1751
219	1985-02-24	20	54	1308
250	1978-04-05	-6	53	1419
240	1999-06-08	-5	51	814
222	1979-10-09	-11	52	1136
242	1943-03-09	39	66	1200
272	1991-08-04	37	31	1108
293	1987-08-29	0	36	5
206	1959-03-19	-10	64	831
296	2007-01-13	41	51	929
209	1997-10-28	32	30	626
218	2002-11-06	19	86	302
268	2006-04-01	33	32	1245
201	1976-04-25	11	21	1898
208	1967-07-23	13	69	470
294	1945-09-23	-3	14	703
298	1959-08-12	17	92	485
240	1998-04-28	-14	81	1453
257	1985-10-02	35	23	392
214	1961-06-02	32	3	1582
231	1970-12-30	25	47	1035
243	1988-03-11	32	15	1810
227	2013-10-16	-3	59	219
201	2019-12-24	10	4	1158
269	1946-10-15	16	46	1721
210	2007-03-28	-13	59	631
212	1949-06-27	-14	93	178
280	1955-05-24	-1	99	1981
256	1941-07-17	11	17	1438
246	1946-06-29	9	85	1941
241	1945-04-22	29	70	1321
216	1978-03-11	-4	54	1693
286	1981-05-21	-12	5	1321
295	1980-01-29	37	37	736
235	1962-12-04	17	77	1590
232	2008-09-22	21	43	522
255	1945-10-14	19	44	685
201	1975-08-24	37	55	510
210	1983-05-17	1	70	582
275	2005-11-27	0	11	619
207	1986-03-17	-5	55	1501
285	1982-07-06	-13	87	830
230	1949-04-18	9	94	512
238	2011-06-27	29	65	1467
233	1953-05-31	15	53	1847
299	1975-10-02	42	20	1402
295	1981-06-12	-10	87	1301
264	1940-01-20	17	8	155
288	1981-07-04	14	77	1554
259	2001-09-04	-7	22	786
269	2001-01-18	-11	14	455
230	1940-06-17	25	20	859
237	1947-01-26	1	31	860
275	1988-09-13	35	39	976
279	1961-04-24	38	69	1605
237	1952-05-14	-8	92	1786
256	1988-03-13	25	79	791
245	1990-03-08	3	15	859
262	1958-10-12	-1	93	873
240	1949-06-06	38	63	1249
270	1948-01-20	-2	26	177
248	2001-08-01	37	72	94
201	1955-06-29	3	36	635
268	1956-03-08	4	73	1028
299	2003-06-15	24	19	763
298	2002-08-03	-13	93	969
240	1948-09-07	-11	36	754
275	2016-06-15	-7	55	274
204	1940-05-17	27	100	655
300	1971-07-17	19	59	1252
228	1963-03-14	0	35	1839
242	1997-09-09	-6	93	1639
223	2019-09-26	-4	67	1319
212	1949-11-17	36	18	308
236	1954-09-17	-9	25	1545
265	2018-09-08	36	46	1659
247	2002-06-18	35	47	176
263	1944-04-29	19	44	1073
253	1946-12-27	28	38	217
274	2018-02-18	17	16	475
267	1992-05-09	42	31	960
271	1993-08-08	12	99	121
254	2002-06-17	30	41	1424
240	1951-12-01	2	20	123
290	1946-03-13	27	91	1080
278	1962-04-28	42	30	515
298	1940-10-12	28	11	1769
224	1987-08-06	9	68	824
246	1979-03-17	34	78	1589
287	1943-02-06	23	50	801
285	1956-07-05	-10	8	280
297	1957-11-03	9	1	705
261	1985-07-05	18	88	242
224	2008-08-30	0	8	1135
209	2013-05-04	36	76	718
241	1968-08-10	-11	36	871
203	1962-06-28	30	91	525
233	2003-01-04	-8	1	1392
214	1966-11-20	25	83	1436
281	2015-05-10	27	16	322
249	2005-03-22	33	19	606
201	1970-04-17	40	50	542
234	1945-06-23	33	65	659
246	1982-09-23	28	45	1200
262	1972-01-07	-5	68	590
214	1964-12-26	-11	39	1695
243	1943-08-13	16	70	1290
217	1987-09-18	28	84	502
293	1972-01-03	11	5	316
240	1998-04-26	-2	63	741
214	1987-05-20	25	90	146
270	1994-02-19	-5	89	771
248	1961-03-30	11	20	1949
299	1992-08-08	16	31	1875
296	1941-08-02	9	30	460
251	1944-08-03	10	37	415
284	1947-12-11	4	42	1346
239	1942-12-09	37	1	309
236	2016-06-04	-12	64	119
296	1960-10-26	-2	40	1116
229	1951-12-23	-1	19	1261
261	1995-01-08	-15	89	1192
205	1946-01-20	20	38	1554
246	1990-01-30	15	44	299
264	2010-08-28	-12	29	203
275	1942-10-11	39	7	1898
238	1956-04-25	29	79	1352
278	1969-12-01	26	9	152
225	1963-07-11	25	84	1976
279	1981-08-29	-2	15	1043
255	1952-10-07	1	54	1721
209	1967-05-24	-13	96	67
294	1947-04-24	41	96	1357
237	2009-11-12	-12	23	1088
222	2019-04-18	29	40	1930
276	1957-02-03	10	44	1476
256	2008-01-12	32	66	1137
221	1974-12-03	10	97	52
211	2010-12-21	41	43	336
269	2015-12-29	2	41	1847
243	1991-06-10	36	22	775
233	1950-10-25	19	6	642
226	2020-04-27	35	39	1182
242	1990-09-28	-15	62	1817
203	1943-03-12	37	77	423
266	2003-09-04	-1	36	178
289	1960-04-22	-14	66	1126
225	2016-07-27	33	13	635
252	2010-07-29	31	42	690
224	1967-08-27	-5	40	313
227	1986-02-27	23	16	11
239	2005-10-01	-8	99	1632
266	2014-11-28	19	87	173
283	1944-07-19	-5	95	122
255	1979-03-25	-8	71	1718
271	1951-06-30	12	8	198
237	2014-02-07	-10	4	1343
271	1973-05-14	29	72	421
288	2017-08-22	3	47	1055
222	2007-05-15	11	31	704
298	1990-09-04	-1	57	907
244	1996-02-25	-6	93	1890
243	1953-10-20	2	33	70
245	1963-11-19	-11	46	480
210	2006-07-05	5	86	1253
240	2016-10-07	16	58	107
291	1993-03-27	14	28	1341
230	1940-05-28	38	97	713
224	1997-09-01	21	22	133
232	2013-02-27	0	67	1797
273	1974-03-16	8	31	1184
255	2013-01-15	31	86	950
299	2019-04-30	10	47	575
244	1978-08-26	-6	71	56
235	1942-01-11	-8	82	1651
241	1959-04-06	14	64	1018
205	2016-03-24	-15	18	553
296	1977-02-04	1	50	768
221	2019-05-26	14	30	1699
217	1940-06-09	30	68	1881
285	1957-12-15	26	59	663
285	1944-08-27	29	14	237
274	1956-04-18	-2	4	1078
264	1963-02-12	25	42	348
279	1976-04-04	5	36	958
240	1943-11-12	19	10	800
287	1950-09-20	-13	82	1232
219	1975-03-16	-6	57	275
265	1957-04-19	24	81	744
285	1940-04-23	21	42	83
219	1973-12-23	29	88	1461
264	1988-04-08	21	58	453
248	1974-05-29	31	85	360
233	1969-12-20	28	96	1110
202	1977-05-06	40	17	1762
235	1955-12-08	39	51	441
243	1940-10-05	14	37	768
258	1971-03-14	18	92	1771
265	1998-05-08	-10	63	1048
226	2011-11-28	37	78	784
286	1987-12-25	26	70	1024
209	1953-08-08	18	94	1529
229	2003-04-14	-9	15	656
239	1946-02-06	37	25	1342
262	2013-04-02	-9	74	1870
203	1967-09-18	9	88	1334
296	2004-11-07	-10	31	1475
245	1983-10-26	27	57	375
292	1959-04-20	18	5	348
205	1969-11-23	-1	14	1925
221	1965-11-28	37	7	1039
260	2020-07-06	23	21	589
278	1949-06-28	-8	82	741
275	1941-02-27	18	93	384
241	1977-06-24	10	47	32
217	1946-06-10	36	49	756
217	1969-04-21	-4	14	143
251	1991-09-26	34	8	26
208	1997-10-17	31	58	677
265	2018-01-14	40	70	1701
253	2014-10-01	-2	93	423
233	2004-04-28	30	42	625
300	1951-01-10	0	58	713
279	1990-05-13	8	9	1081
295	1983-10-08	-15	39	1698
280	1984-04-24	13	30	1734
255	1978-03-14	27	72	498
235	1997-01-22	21	81	1839
271	1969-01-07	28	53	1967
275	2015-01-23	18	45	587
233	1955-02-15	-1	35	431
283	2014-11-08	8	68	338
