272	1966-08-22	40	16	1396
257	1995-05-09	16	87	399
204	1950-08-08	15	76	1191
259	1940-09-21	20	49	1082
257	1949-06-18	8	47	281
292	1993-04-09	28	91	25
223	1944-03-23	25	84	379
258	1999-11-09	30	0	1914
220	1944-09-26	42	28	1251
266	2008-08-06	16	90	1675
211	1953-09-10	35	99	1732
229	2013-05-27	14	37	266
266	1963-02-25	40	57	468
277	2020-09-17	-11	91	66
285	1969-07-22	6	98	658
208	1961-08-24	-9	42	285
248	1972-12-16	-1	22	283
261	2014-03-02	0	71	402
201	1960-10-08	29	50	587
232	1995-04-01	-13	53	1319
259	2005-12-06	37	50	1175
215	1997-12-28	42	42	1612
257	1977-07-25	18	49	1422
291	2004-11-06	36	85	1132
239	1957-03-29	40	21	203
276	1999-12-06	30	81	636
227	2001-02-16	-11	88	2
233	1981-12-11	23	90	518
287	1975-02-06	3	77	1225
225	1974-06-21	17	95	235
300	1969-11-03	-14	6	616
234	1972-04-06	-14	89	185
285	1975-07-04	15	73	1891
300	1953-07-22	33	12	1552
258	1998-10-28	40	15	1697
238	1941-04-06	-2	51	432
255	1988-08-09	20	65	945
265	1991-01-19	41	93	984
228	2020-01-15	-13	1	1791
229	1957-08-20	15	39	1508
267	1969-03-22	24	29	1941
208	1997-05-01	-3	40	789
210	1976-05-10	-8	36	1007
260	1963-08-23	-4	89	224
225	1955-05-07	-8	84	1198
271	2018-09-22	17	89	118
282	1985-08-04	32	46	1064
300	1942-09-29	-14	32	1750
283	1947-04-09	3	96	1919
262	1965-06-21	-3	67	64
241	1948-01-03	28	49	835
274	1999-10-16	12	7	1365
266	1974-05-29	-12	10	984
262	1971-12-22	-8	70	1549
237	1952-12-15	-2	2	142
260	2003-10-19	16	1	274
224	1954-06-30	38	68	694
300	2017-09-09	-4	45	1190
204	1965-01-28	22	11	837
240	1959-12-09	37	25	145
239	1971-01-21	2	87	891
249	1988-11-07	18	84	807
234	1979-11-22	-2	61	1170
207	1959-12-26	-9	37	187
271	1972-02-02	23	12	1477
245	1988-03-30	14	65	1649
241	2000-04-26	3	58	294
278	1978-09-05	-3	68	724
224	1967-04-20	42	27	1337
238	1975-01-22	25	36	1108
260	1954-07-11	36	37	767
283	2014-08-11	37	44	466
293	2015-12-09	1	32	821
248	1984-12-14	24	21	150
212	1953-06-10	22	47	673
297	1981-05-10	21	72	942
300	1960-05-17	12	94	621
287	2007-12-22	-11	54	298
271	2020-09-03	3	27	546
248	1968-04-28	27	49	1696
284	1991-06-25	-2	6	1279
223	1965-09-18	-8	55	1786
297	1972-01-05	39	20	1332
298	1996-11-18	33	57	243
236	1996-11-06	40	45	965
294	2012-02-07	-6	17	682
281	1941-10-14	17	76	1802
244	1991-02-11	8	7	786
275	1950-10-16	8	11	30
295	1971-06-25	-1	60	1633
254	1954-04-26	-2	25	1569
295	1988-05-15	11	78	1046
282	1953-01-10	30	71	799
291	1949-07-16	17	52	379
204	2004-03-19	16	69	1036
288	2019-01-11	41	67	967
262	1977-09-01	23	42	1504
247	1976-11-27	30	20	790
209	1982-01-29	-1	97	564
248	1995-06-30	24	71	1881
245	2013-11-19	2	14	761
238	1997-04-11	-9	69	200
278	1944-01-17	-8	48	743
250	1948-02-23	42	42	1589
275	1995-12-20	-10	22	1575
238	1998-09-12	35	38	728
201	2017-05-21	16	7	643
244	1979-07-26	30	78	755
230	1961-08-10	29	18	1363
283	1953-04-03	-4	19	1246
273	1971-04-05	-8	7	416
262	2005-11-30	-7	24	1164
295	2004-01-18	-6	39	457
278	2017-10-26	39	37	476
231	2020-02-28	-7	2	315
220	1951-04-18	28	20	1351
293	1957-03-21	0	9	1102
300	1950-03-22	14	46	1342
245	1959-11-16	-11	14	1613
278	2007-11-11	-1	95	39
276	2003-02-04	-4	4	56
290	2004-07-14	21	48	1377
268	2014-07-16	26	88	1673
207	1970-11-07	26	98	1501
219	2008-03-31	39	92	484
221	1947-11-15	33	53	277
236	1942-04-28	37	39	80
291	2004-10-13	24	47	373
283	1973-07-01	18	82	1493
201	1977-03-29	35	92	469
286	1960-04-09	3	21	574
246	1987-09-02	16	42	1032
263	1972-05-28	-10	13	1551
222	2017-10-17	34	91	76
289	1958-06-19	39	18	1011
221	2007-08-15	28	28	936
204	1966-01-02	8	53	1501
212	1957-09-26	-8	22	1199
269	2016-08-23	34	83	1365
222	1994-03-28	27	17	928
269	1954-04-22	-5	34	957
271	2002-05-10	-7	83	141
262	1970-03-31	-13	45	353
250	1958-02-20	22	62	772
205	2008-10-13	13	65	1008
261	1996-10-12	5	5	134
285	1958-08-28	15	90	1296
273	2009-11-05	3	37	102
215	1945-05-16	4	98	249
