204	1953-06-17	-12	98	428
292	1945-01-14	-13	72	215
299	1981-03-25	19	71	962
253	1963-03-27	27	12	524
272	1976-01-15	30	86	1912
258	1977-01-13	19	68	1033
296	1975-12-12	20	97	901
247	2004-01-14	39	57	362
294	1974-07-22	-9	92	396
266	2002-09-29	0	42	1865
262	2009-08-24	-10	14	216
249	1951-12-12	30	27	1269
290	1946-08-28	-3	7	1692
254	1974-06-25	0	12	393
238	1986-03-31	5	6	1704
229	1952-11-16	14	92	1756
251	1946-11-06	30	60	776
279	1959-03-19	31	22	424
203	2016-12-10	11	78	1069
202	1992-08-14	30	89	48
252	1980-11-05	36	43	1192
298	1946-06-15	7	14	952
294	2001-04-18	-4	57	111
231	1961-09-05	10	13	14
236	1992-03-19	9	75	268
252	1974-10-08	-6	85	1259
251	2010-11-02	35	54	620
294	2002-10-14	3	16	1080
295	1942-01-29	40	50	1031
202	1951-03-11	4	64	285
243	1988-04-19	22	50	951
211	2009-07-31	16	47	386
227	1956-03-12	31	42	1108
238	1997-12-25	13	85	1198
214	1968-06-17	20	34	608
253	2003-09-04	2	59	931
267	1963-11-26	-1	24	1244
219	1944-03-18	-8	8	1235
202	1993-05-12	8	47	1290
286	2019-02-13	-12	87	134
213	1941-03-16	18	54	1785
211	1952-04-17	34	14	794
271	1965-10-20	-15	69	500
283	1951-09-20	-8	76	231
219	1948-09-24	42	92	859
212	1953-04-15	31	20	1997
284	1977-10-17	33	82	230
233	1976-10-08	12	51	1952
240	2001-09-03	42	98	1419
241	2013-03-04	-12	72	31
295	1972-09-21	-3	38	712
230	1958-12-24	6	24	1297
266	1979-07-17	35	49	1680
250	1996-06-07	27	57	510
274	1960-07-16	19	25	371
238	1949-11-18	-15	99	72
266	1961-05-08	39	69	151
292	1972-03-13	17	43	1124
267	1985-10-10	12	42	121
224	1943-04-03	-3	67	985
272	1948-09-25	14	41	1589
257	1983-03-11	-3	12	1635
269	1978-10-22	14	28	376
285	1969-11-24	12	25	1418
274	2014-10-21	30	26	326
216	1975-02-19	18	89	33
293	1986-05-27	-12	72	393
283	2018-11-15	20	24	171
229	1952-01-20	-6	42	1820
222	1975-11-02	-12	58	524
249	2004-10-31	37	10	1360
221	1949-05-29	4	48	1092
220	2005-11-29	21	10	1518
216	1989-02-24	6	58	1528
241	1984-03-04	0	12	757
205	1973-09-24	-15	94	1768
297	2013-04-10	-9	78	1703
270	1950-01-01	39	7	1662
254	1969-09-15	19	82	1869
270	1984-12-02	3	73	307
267	1959-08-15	30	64	581
278	1987-10-18	29	60	197
235	1956-12-23	15	100	750
209	1956-12-27	25	25	768
240	1994-03-11	7	60	1504
274	1998-09-16	-3	50	1854
296	1965-11-22	-12	17	299
226	2005-12-22	-12	60	138
234	2004-11-01	-12	34	1917
262	1980-12-14	25	97	1748
272	1954-05-22	35	33	663
251	1983-04-28	18	7	1337
213	1986-10-22	27	85	1791
298	2002-04-17	38	28	1117
285	1999-02-18	-2	9	926
248	2010-09-07	8	18	83
244	1961-03-12	6	87	1964
234	1998-01-15	30	19	1174
226	1998-09-30	18	21	1804
249	1980-06-09	2	11	1134
260	1998-10-09	42	83	964
287	1966-08-06	36	36	1381
268	1994-09-19	-8	78	1727
205	1958-04-05	27	51	70
261	2006-12-11	3	80	535
290	1988-12-13	13	7	1188
215	1975-06-24	-11	24	909
295	1960-02-10	19	24	274
282	1950-08-16	42	1	708
288	1941-08-31	34	46	1119
216	1957-01-23	26	2	1064
259	1952-09-28	-2	8	596
237	1943-03-12	-12	31	310
243	1948-02-18	15	49	200
280	1961-08-19	10	86	184
211	1988-05-11	19	86	1280
294	2008-11-01	-5	20	179
290	2015-04-01	-14	61	104
267	1966-05-25	-9	79	1829
218	1941-12-07	-4	60	1649
225	1961-12-24	18	37	1215
207	1965-05-23	24	28	145
299	1969-08-12	21	81	1656
207	1975-06-26	10	44	1411
