248	1954-11-09	33	0	911
279	2001-04-17	-14	4	1609
246	1985-03-26	2	5	1570
267	1983-06-27	14	16	188
214	2018-09-12	33	13	1001
297	1941-09-15	-12	11	494
277	1963-03-03	13	18	346
214	1961-03-09	9	10	544
260	1940-07-20	25	43	1242
243	2014-10-30	-7	72	1227
243	1987-06-09	24	54	1292
279	1981-08-18	11	50	1078
292	1969-09-14	10	91	136
286	1982-09-11	3	51	1979
255	1966-12-06	-13	91	1834
247	1979-12-12	3	74	1955
243	1968-01-19	23	70	1975
268	2000-03-18	38	4	948
201	1958-06-16	-11	93	1764
247	1972-02-03	-11	59	1084
280	1946-03-27	-3	16	1775
264	1962-03-05	-12	29	1104
246	1973-04-11	-5	79	686
242	1945-07-21	1	43	1190
217	1993-10-11	30	10	1585
207	1994-12-22	-12	5	790
211	1943-05-21	4	80	1209
229	2009-01-19	27	83	700
284	1951-04-02	27	84	1345
231	1942-01-09	35	100	708
202	1975-05-07	2	33	1665
288	1975-08-31	32	41	677
286	1985-10-01	36	37	743
221	1963-07-06	27	33	819
287	1979-03-02	31	3	1089
282	2010-04-22	41	73	988
262	2008-06-22	30	100	257
207	2016-09-16	-11	69	295
211	2008-12-10	12	93	114
254	1982-08-23	31	90	461
257	1967-07-23	21	61	164
250	1952-04-07	-15	8	1456
219	1951-07-08	0	97	294
292	1952-04-20	14	53	541
206	1987-04-12	7	63	957
225	2013-11-19	12	7	1068
245	1994-03-28	1	25	584
238	1978-11-10	3	70	1986
263	1989-02-20	41	27	1575
252	2020-03-24	18	56	891
208	1991-03-16	-11	95	1555
234	1954-01-04	0	1	1847
222	2018-07-23	24	100	957
241	1982-03-04	-4	99	1585
293	2015-03-14	42	80	1095
267	1990-09-13	2	77	486
298	1976-02-25	18	38	814
264	1968-08-31	20	87	286
219	2016-08-13	-5	43	446
218	1956-12-02	21	25	209
276	1996-08-28	22	97	687
256	2010-10-20	-8	42	80
276	2014-06-29	24	26	1581
202	1990-07-03	39	80	7
211	1956-07-05	8	81	1064
299	1997-04-01	1	54	82
280	1962-07-20	41	86	140
245	1985-04-06	4	8	1232
208	1955-01-31	42	77	689
213	1992-01-22	-7	80	1458
209	1949-07-29	-9	55	247
235	2008-04-14	-10	3	1285
263	2014-01-10	-12	83	1610
251	1967-04-21	3	92	586
277	1997-05-23	-10	36	1927
265	2013-09-24	-12	37	68
261	1992-04-11	41	47	43
230	1941-10-17	27	44	35
293	1995-11-08	23	12	1046
256	1945-05-31	11	80	896
297	1982-10-10	24	17	1574
224	1989-02-28	10	41	1813
248	1949-05-28	-9	58	1898
253	1971-03-01	-8	9	1675
223	1941-12-06	7	60	478
252	1952-06-11	21	90	228
266	1961-05-10	13	33	1720
296	1960-08-28	-9	98	201
252	1959-12-03	7	37	164
252	1956-07-07	27	37	1785
250	1985-06-01	1	83	1466
270	1947-05-02	17	23	802
218	2014-10-11	1	62	527
289	2002-12-28	5	78	439
289	1990-07-17	9	83	471
243	1983-08-29	-10	20	1896
298	1971-08-12	-13	54	420
295	1950-11-23	-15	3	672
232	2008-08-21	30	68	1501
210	1947-09-15	-3	95	1577
258	1968-02-23	21	82	1686
210	1966-05-27	4	25	811
251	1986-05-22	40	92	388
272	1943-01-09	26	84	1446
220	2010-03-27	27	77	1382
204	1984-03-31	-10	98	1526
285	1980-07-08	12	7	1243
244	1991-07-15	14	71	744
250	2003-04-13	20	22	1549
282	1972-03-07	-3	92	1232
206	1963-10-06	-13	59	1445
280	1963-12-07	-2	12	1039
285	2003-08-22	-11	34	460
229	1983-05-19	38	83	445
272	2019-01-04	-11	97	909
