219	2008-04-09	32	76	243
286	1964-02-23	-2	7	1173
266	2014-01-02	36	25	1913
297	1947-01-23	-4	68	1973
250	2004-08-03	35	59	1204
204	1989-12-31	11	14	1271
269	1991-04-06	3	45	579
260	2005-09-09	26	4	1308
262	1990-04-17	22	17	1558
233	1968-02-15	30	59	1022
295	1962-09-22	31	35	356
236	1968-01-13	12	71	628
258	1974-05-18	42	4	57
247	1955-09-03	-5	48	1631
223	2012-06-22	20	43	1625
228	1991-04-23	18	31	1715
265	1999-09-17	33	87	1896
225	1966-05-26	-12	92	345
288	1941-07-01	-10	95	1940
300	1943-10-29	30	21	1772
289	1995-05-16	-10	90	770
204	1958-03-02	7	55	417
272	1990-08-06	27	56	1118
280	1998-10-27	34	75	899
212	1947-08-26	8	69	1569
213	2019-09-16	37	34	1210
250	1961-05-29	8	68	291
213	1946-09-06	-14	1	340
248	2014-10-02	41	79	639
294	1987-10-19	13	85	1760
239	2003-04-19	-5	3	1417
242	1940-03-14	39	8	183
298	1969-12-04	32	36	1062
248	2018-05-11	12	95	1292
224	2008-08-28	37	60	582
290	1957-02-24	10	65	1991
251	1987-07-11	-12	89	1139
243	2007-09-18	-3	98	1895
206	2004-12-17	-6	43	113
278	1965-01-19	-9	1	65
232	1991-08-29	-8	77	343
297	2004-06-27	-15	75	1367
224	1953-09-17	33	42	672
216	1955-03-27	-9	87	618
283	1987-09-22	33	73	1868
205	2015-05-04	20	77	1540
257	1956-11-30	2	69	971
222	2019-03-17	-4	0	1705
293	1954-08-05	33	79	790
245	1960-08-15	22	66	1092
243	1963-03-07	4	38	1059
291	2004-03-07	25	87	1698
294	1940-04-26	-12	4	1466
242	1952-02-02	1	51	1138
233	1975-05-21	-13	28	1170
280	1977-06-26	36	54	1497
239	2006-08-17	-6	93	708
224	1961-12-03	26	91	1237
229	1949-11-07	-10	66	1786
272	1961-01-23	-8	59	1079
261	1967-03-22	15	77	341
252	1960-08-20	35	33	176
256	1954-08-05	-8	66	589
217	1987-02-24	29	8	230
269	1940-03-24	-9	82	1511
236	1973-06-28	28	39	1695
294	1989-06-27	17	24	971
268	2019-12-25	-3	72	1472
218	1974-03-20	8	66	905
237	2011-04-05	33	74	846
219	1973-02-06	42	63	235
276	1965-11-24	19	48	267
270	1953-10-13	37	78	1055
295	1951-06-24	6	27	1686
225	1956-12-23	35	56	349
280	1949-05-19	-2	98	1559
241	1982-12-13	20	92	579
263	1946-07-20	-14	21	783
206	1972-07-25	20	52	1647
262	1979-02-19	-13	37	1444
217	2015-12-16	-3	67	1274
230	2000-01-08	14	90	1535
290	1967-11-26	26	22	1583
202	1968-12-05	15	12	1180
272	1953-09-10	34	20	1667
274	1984-04-20	42	84	199
259	1985-11-07	20	68	897
272	1972-12-10	41	36	1552
262	1992-05-04	17	94	101
214	2009-04-03	8	42	55
253	1966-10-10	2	24	210
250	1974-06-05	7	4	1508
219	1955-06-09	-14	46	50
263	1975-10-13	-5	70	624
300	1966-06-22	22	75	615
241	1997-08-21	15	56	1519
282	1961-10-03	25	86	994
288	1946-02-24	28	52	615
273	1964-08-11	18	88	1080
245	2011-10-19	-1	8	219
289	2014-03-15	-7	10	603
247	2005-05-09	-6	68	1307
220	1941-04-30	7	69	456
240	2001-10-13	8	80	1262
300	2018-05-24	-4	43	1169
221	1950-03-25	-11	98	558
222	1993-11-11	10	1	989
224	1976-02-09	30	94	117
202	2016-12-15	40	58	1988
259	2013-01-10	9	22	647
280	2007-06-16	-9	88	1114
296	1956-06-18	3	56	849
220	1991-08-31	6	82	497
210	1961-05-05	-12	80	1625
223	1988-04-15	-2	91	1796
208	1960-03-12	39	71	548
235	1940-12-29	-5	5	846
203	2009-06-06	-14	55	1797
241	1993-10-26	6	76	1933
274	1968-08-11	16	77	290
256	2006-03-30	28	64	87
254	2012-05-07	-14	88	100
270	2000-05-16	-14	28	1973
226	2004-11-17	-13	70	945
210	1977-08-16	17	61	1313
203	1969-06-23	39	35	1424
248	2014-05-30	39	61	1042
255	1981-08-01	32	84	990
220	1996-04-23	24	52	267
214	1956-05-25	-5	80	635
246	1989-03-19	26	78	308
286	2005-09-25	-8	23	395
253	1992-05-04	-4	2	1597
240	1954-11-15	10	63	725
273	1973-06-03	17	77	964
292	1985-03-09	14	30	6
298	1988-03-29	2	9	520
259	1983-08-21	1	0	843
219	1963-11-02	8	71	1945
289	1973-09-23	-7	78	1767
289	2007-10-31	7	8	850
233	2001-10-28	-2	61	1249
256	2010-06-12	36	90	1122
289	1994-05-12	9	36	861
277	1940-04-21	11	63	1576
222	2009-09-12	29	30	1310
282	2017-02-03	-13	66	1996
295	2017-01-18	-3	71	1809
241	2004-10-11	18	85	198
225	2012-11-29	17	38	255
237	1996-11-17	4	97	1425
235	1993-07-10	14	76	1988
216	1955-04-12	22	9	474
211	1941-03-19	2	20	771
258	1983-03-02	39	60	158
284	1978-02-18	-14	30	1460
216	1981-12-16	-15	55	1461
262	2005-10-12	8	17	103
246	1997-01-07	9	83	426
260	2008-11-08	-5	76	171
271	1944-08-30	19	76	1145
299	1941-06-24	2	54	858
230	1961-06-14	-13	97	1455
270	2020-02-21	10	41	857
206	1985-12-13	-7	97	1710
295	1994-08-20	12	93	574
232	1949-03-15	41	31	1320
210	1995-02-13	42	11	1074
