259	1995-03-29	9	11	1363
243	2015-12-15	-8	67	615
295	1950-12-16	-9	92	151
289	1995-01-03	6	21	1636
298	1979-01-31	11	22	1829
236	1988-02-18	37	0	547
251	1970-03-08	-5	75	933
277	2014-10-09	3	74	116
273	1955-06-03	23	49	976
291	1962-05-13	-13	1	1945
268	1942-11-27	-7	29	1592
274	1953-07-30	39	80	65
287	1957-11-07	13	79	1705
288	1941-07-01	-7	63	1452
291	1972-06-07	-6	20	1151
290	1978-07-02	20	40	1932
249	2020-01-07	-7	33	385
226	1975-04-30	-13	64	1197
254	1981-10-13	26	0	1407
203	1986-09-11	11	44	545
262	1955-07-19	-15	84	1522
207	1973-03-25	5	58	1716
284	1954-10-22	26	63	1540
299	1943-07-04	-6	49	1580
300	1974-01-30	12	20	1043
268	1957-07-12	8	24	1321
300	1948-12-05	16	64	1787
257	2020-07-20	15	58	1797
293	1943-05-01	30	58	705
298	1961-03-01	25	89	1152
281	2015-05-13	41	11	919
278	1966-10-11	34	10	295
264	1997-10-06	-4	52	418
253	2018-10-07	-2	79	1740
212	1988-04-13	14	5	1910
294	1950-09-13	2	4	238
217	1945-09-10	-13	76	1221
241	1948-06-14	25	13	1100
255	1969-04-09	20	93	254
267	1944-02-03	26	66	446
294	1974-04-08	7	17	127
285	2015-04-28	-5	53	476
300	1997-08-16	4	81	1107
214	1992-05-02	-12	68	1380
245	1965-10-06	36	9	311
219	1948-04-26	32	16	947
253	1994-03-16	11	8	1191
263	1996-07-30	16	93	1551
226	1971-07-03	15	80	223
262	1948-03-21	9	2	644
249	1960-12-03	11	22	1971
224	1967-07-17	1	50	1302
218	1947-06-05	14	22	1985
288	1986-10-31	-13	12	397
268	2003-10-25	11	40	1591
217	1994-10-15	-12	34	661
261	1968-08-20	36	16	1959
204	1950-06-06	35	53	371
222	1954-08-15	-10	23	1430
270	1966-10-31	3	85	1624
225	1961-09-25	28	91	1593
263	1967-04-24	19	94	595
216	1958-06-25	5	36	1020
212	1951-08-28	25	89	1451
229	2003-02-09	9	100	928
228	1961-05-03	40	85	180
240	1994-11-10	35	81	1768
292	1959-10-21	39	89	1868
246	1991-07-12	4	18	1467
224	1958-09-22	27	78	335
230	1987-11-27	-15	10	828
298	1994-04-05	40	40	670
238	1974-04-23	29	4	110
250	1987-08-22	-11	89	369
247	2006-01-27	23	57	878
253	1987-03-07	3	30	568
284	1968-10-10	24	21	1076
256	1981-02-05	26	23	1794
279	1980-01-26	38	96	1420
286	1999-08-26	23	39	345
230	1968-03-13	2	64	1573
261	1956-12-25	30	5	1614
236	1957-09-16	24	8	1826
240	1992-09-11	34	90	1771
212	1985-03-30	8	18	958
286	1989-05-04	-10	78	142
269	2001-03-23	-2	25	1220
227	1991-06-04	33	67	1515
232	1943-01-21	-14	63	1895
204	1948-10-03	-10	92	621
288	1991-12-29	12	81	1778
232	2010-10-01	-8	89	63
295	1960-08-14	8	77	1321
213	1945-07-23	39	94	351
273	1949-05-14	2	93	1700
224	2009-10-14	-10	97	1823
223	1962-02-21	40	98	935
288	1977-08-19	33	97	750
294	1987-09-20	39	33	1268
233	2006-07-25	4	40	63
211	1978-09-09	15	76	1552
215	1997-11-30	-6	77	795
290	1995-04-13	-9	98	579
295	1999-06-09	14	12	1066
207	1956-03-31	3	81	823
284	1942-12-18	-10	56	329
206	1966-11-23	27	75	1997
251	1976-12-10	-6	56	1277
260	1983-10-03	-5	31	1156
288	1946-04-14	28	43	1699
218	2014-04-24	11	68	644
246	1993-06-27	41	98	1335
249	1946-10-05	24	66	1762
203	2020-06-07	14	62	1521
203	2008-12-22	23	71	280
287	2008-09-29	24	97	1801
211	1953-05-03	-9	93	994
226	1993-03-22	37	41	1897
205	1966-09-13	11	4	1620
238	1979-02-27	32	80	692
204	2011-07-12	3	64	1834
293	1952-06-29	30	47	1917
244	1978-05-13	-4	58	1310
213	2017-03-06	34	24	881
287	1981-08-26	23	21	1458
270	1995-06-03	-11	0	1197
202	1980-03-02	-13	27	1673
232	1941-03-06	42	26	139
292	2006-02-27	24	72	1531
227	1945-05-16	8	46	100
296	1966-03-27	11	42	1629
225	1944-12-26	9	33	1394
243	2001-10-27	26	72	667
278	2010-01-30	36	47	1816
256	1985-11-03	-10	85	925
241	1963-07-26	14	71	1678
274	1969-02-08	-10	8	496
261	1963-04-18	11	83	730
259	1985-10-05	0	32	652
293	2003-12-06	37	12	547
216	1994-11-24	35	76	926
249	1986-09-28	13	53	1892
247	1995-01-23	-2	24	938
204	1991-05-23	8	59	1404
217	1948-12-01	-4	45	1432
281	1956-08-05	-2	61	865
227	1941-12-15	12	44	1867
245	2001-01-18	8	34	160
300	2001-08-04	0	71	546
224	1981-04-13	-3	67	1615
203	1959-10-08	20	2	1364
268	1961-07-07	-6	52	821
287	2014-04-29	-15	14	1995
232	2015-07-13	32	71	452
209	2003-03-05	-1	89	764
274	1959-07-13	-2	67	139
300	1974-01-22	21	50	49
211	1947-09-17	34	3	1717
256	1987-07-02	17	10	1233
204	1992-04-25	-9	54	156
227	1994-05-14	8	3	908
229	1958-07-07	21	52	1755
222	1946-04-23	33	16	851
232	1951-12-28	9	96	1964
256	1996-12-16	31	81	305
255	2015-08-16	36	15	834
214	1974-02-06	24	23	847
252	2000-05-01	14	12	1713
228	2010-02-27	3	19	814
227	1965-03-27	12	71	852
300	2008-07-01	41	32	1761
248	1986-01-21	37	1	95
282	1995-01-08	7	79	1618
224	1976-05-13	3	11	74
204	1979-02-01	-3	28	602
255	2002-10-04	-1	51	713
231	1961-11-02	34	19	1200
206	1988-04-07	42	52	290
246	1991-09-18	26	96	1218
240	1948-11-10	27	16	1973
294	1969-05-20	13	98	357
230	1964-07-14	-6	5	1122
226	1951-05-16	-9	35	1159
232	1978-11-26	27	49	651
244	1995-11-07	10	91	1929
267	1998-05-18	11	7	470
206	2000-01-25	-6	64	1667
202	1977-06-04	-15	62	1122
282	2013-03-31	-6	62	1634
224	1991-07-17	22	9	1726
241	2020-03-16	15	19	554
206	1968-05-27	-7	70	1311
211	1984-10-21	-2	25	1786
213	1971-04-22	-15	85	739
238	2013-02-13	32	3	584
272	2003-05-31	-7	14	153
294	1994-11-30	14	47	329
274	1940-06-28	25	45	69
251	1980-06-10	10	54	578
253	1988-04-05	21	60	1960
225	1993-04-17	8	62	1726
244	1955-01-04	36	51	20
234	2000-09-14	7	27	1008
215	1958-11-15	34	71	212
241	1997-03-24	3	54	193
289	1959-07-07	9	16	1265
210	2009-04-20	31	94	1719
239	1944-03-06	11	22	1152
248	1974-05-13	7	87	39
222	1941-10-11	22	60	1424
207	1962-06-21	-15	60	1214
277	1943-04-20	1	60	861
203	2000-08-24	28	64	1415
300	1960-09-17	-7	81	1469
245	1963-06-01	10	100	926
284	1947-08-03	29	71	1863
243	1978-07-21	-8	99	631
264	1969-02-12	-9	71	1258
224	1940-03-12	6	4	1169
276	1995-01-24	25	6	454
255	1985-02-04	13	22	642
231	2010-10-29	23	95	1453
239	1941-04-16	25	85	103
244	1955-08-06	5	20	1895
231	1985-04-20	2	26	1477
278	1966-04-05	-15	94	192
275	2014-02-22	9	10	1714
272	1940-12-27	8	84	1920
267	1991-06-24	41	69	174
276	2018-09-14	21	26	848
226	1976-03-10	-9	97	1770
246	2014-09-03	-10	79	758
249	2000-11-03	34	21	1530
224	1953-05-07	2	88	165
276	1984-12-25	0	87	1107
267	2008-02-05	23	78	1315
220	1979-05-20	-9	14	822
224	1965-12-07	41	33	294
205	1953-05-15	1	6	431
289	2019-09-29	-1	3	1156
240	1995-02-27	22	100	1281
242	1980-06-23	39	78	1404
251	1979-02-14	-15	48	1832
243	1947-07-21	25	19	1957
229	2000-11-04	0	14	782
218	1991-07-24	-11	27	1914
222	2003-02-19	12	20	750
221	2012-04-21	36	1	1443
231	1963-10-04	24	55	468
234	1982-01-06	31	92	693
282	1970-06-28	11	63	1630
256	1953-03-09	-2	7	578
263	1989-11-06	-10	56	1053
224	1996-06-13	11	70	826
299	1963-09-11	-6	96	1682
267	2011-11-27	1	60	191
246	1948-01-03	-4	98	1465
282	1969-09-07	31	73	181
247	1978-02-19	-8	29	913
267	1983-02-19	4	73	1902
210	1964-01-17	21	100	1567
232	1968-08-22	36	77	1708
216	1983-11-24	0	95	649
281	1993-01-25	13	28	977
265	1993-02-20	28	74	1665
249	1979-10-10	23	90	1540
277	1955-10-02	8	94	1682
236	1944-01-03	-9	63	1639
208	1991-07-23	42	42	824
281	2015-04-29	-7	32	260
277	1990-11-28	6	93	483
272	1950-02-10	-13	60	749
287	1956-07-18	42	85	1542
278	2013-04-30	9	61	429
273	1944-03-02	23	64	1409
272	1999-11-21	-13	85	1504
234	1978-02-28	40	44	1539
279	1968-04-15	2	69	592
252	1956-05-19	42	39	381
257	1941-08-21	-13	19	1483
207	1968-09-09	18	80	1523
262	1952-12-23	6	44	842
206	2011-09-22	4	63	686
209	1977-07-02	13	96	1487
216	1975-08-02	20	53	1891
241	2012-07-24	28	70	384
259	1958-04-01	32	36	1463
273	2016-11-08	8	44	232
221	1946-01-02	15	42	887
237	1967-02-13	23	16	660
277	1962-02-23	-13	99	681
