223	1943-07-07	29	15	341
245	1954-07-02	7	51	1911
271	2002-03-14	33	28	665
249	1947-10-15	0	51	504
214	1942-03-16	-7	52	191
209	1984-10-07	23	28	1359
292	2006-04-24	35	80	769
277	1982-11-06	-2	90	356
267	1990-05-26	-14	92	1118
225	1950-07-26	-7	84	1652
282	1993-05-19	40	50	517
223	1971-06-20	9	67	1718
267	1943-01-16	10	6	1783
291	1983-03-28	10	76	1248
270	1955-08-03	10	0	1442
213	2020-08-07	9	43	1660
247	1964-02-25	41	42	764
260	1948-10-21	35	54	1591
264	1948-01-26	37	63	452
204	2000-11-03	33	59	968
211	1979-03-22	-6	96	1453
277	2013-04-20	6	8	495
246	2006-05-07	13	70	1132
268	1978-11-21	-14	56	1507
253	1945-10-24	-9	7	917
215	1946-10-24	14	34	1346
267	1980-03-05	7	88	1210
279	1987-10-06	-13	50	1502
235	1973-11-12	39	53	684
276	1950-11-28	12	84	335
214	2010-12-26	17	50	274
220	2015-03-29	33	84	181
259	1973-05-13	16	85	1458
297	1988-08-02	5	27	604
276	1986-12-02	30	68	1561
292	1977-06-06	8	98	1843
230	2018-07-07	15	26	1196
204	1981-07-25	7	82	1682
267	1945-01-09	-10	28	1602
274	1947-08-11	40	15	1141
263	1966-05-01	5	70	437
232	1981-01-13	-4	46	1051
265	2002-05-19	-5	19	402
269	1951-06-17	32	67	159
237	1954-11-14	12	43	631
237	1952-09-29	42	78	1076
264	2009-11-23	22	55	889
213	1989-09-16	-5	7	989
284	1990-10-04	12	96	359
235	2013-12-17	41	82	1389
237	1992-02-20	15	36	1439
264	1972-05-06	-6	15	377
209	2018-10-14	39	18	327
292	1989-07-07	24	73	294
281	2018-01-08	31	46	629
228	1957-01-27	42	37	375
277	2017-02-04	-12	63	869
247	1997-12-01	17	22	1912
268	1997-11-01	21	89	563
252	1945-04-11	-2	56	1842
225	1990-01-17	42	55	1500
234	1977-11-07	-13	60	1435
300	1960-01-30	15	94	263
207	1980-07-26	30	71	476
216	1975-09-14	24	5	1360
218	1972-09-19	2	85	929
247	2002-05-02	23	8	1419
269	2013-05-19	-15	18	1112
277	2005-11-06	14	20	627
220	1988-10-28	-7	55	1514
266	2001-07-22	-2	29	983
237	1977-09-11	23	92	326
222	2016-09-04	34	59	1914
257	1984-03-11	22	68	1078
236	1998-03-31	7	64	1077
252	2015-02-24	19	11	1058
269	1984-10-16	30	87	1623
217	1949-05-10	40	54	1429
279	2010-02-07	37	22	1655
232	1979-01-25	-5	86	1937
244	2001-05-21	20	41	1138
286	2014-09-24	0	60	1119
240	2014-04-26	21	60	1552
233	1971-03-31	38	60	1962
227	1960-09-21	-7	28	355
246	1994-10-14	8	66	94
289	1995-05-15	21	62	1595
216	2010-05-23	29	2	1875
233	2008-10-29	9	24	491
265	1975-10-02	19	70	1842
273	1997-11-04	2	41	1275
265	1951-05-26	-2	33	1372
266	1995-09-06	28	72	913
244	1965-10-29	39	79	1111
218	1951-12-09	-6	59	49
245	2014-07-05	31	17	813
211	1947-05-07	12	7	1968
300	1964-07-01	1	79	1406
236	1977-05-30	-3	68	973
211	1992-03-25	15	4	1267
216	1959-11-26	12	63	1424
208	1966-12-28	17	37	312
214	1985-10-22	-2	49	1802
242	1983-03-03	-7	51	928
226	2003-05-19	-14	79	1776
284	1984-07-18	41	74	1088
228	1990-12-17	-9	9	1824
276	1949-06-23	4	3	1856
283	1993-10-05	41	89	196
279	2016-04-13	37	82	895
280	1994-06-18	19	77	298
270	2018-01-17	8	64	999
252	2014-10-21	29	87	607
275	1995-12-28	-10	53	1698
230	2012-01-21	42	57	457
291	1964-07-02	27	40	769
231	1988-11-24	8	94	47
282	1997-02-01	-15	15	1190
245	2004-07-28	-12	17	1068
236	1982-06-24	-7	99	9
229	1999-10-19	-12	70	1774
297	1985-06-18	37	76	1795
216	1994-06-21	19	57	483
244	2015-09-26	26	52	1324
273	1964-03-18	28	97	752
211	2018-02-24	16	86	895
278	1989-06-09	11	12	1377
217	1956-10-30	-12	99	483
205	1948-02-25	-14	34	802
271	2012-05-02	3	94	1779
209	1992-12-29	25	79	528
218	1995-04-23	1	41	75
299	1988-06-04	12	92	1499
228	1992-12-28	-4	93	1696
227	1945-08-27	25	58	707
232	1991-02-17	42	61	861
249	1970-08-07	27	24	1225
275	1948-08-13	31	22	1948
276	1997-10-29	-9	83	564
203	2008-10-30	-12	29	558
206	1995-10-22	29	73	1061
284	2020-02-13	18	79	1029
242	1958-06-25	36	76	744
256	1992-09-07	-3	34	1365
282	1999-06-19	17	70	1984
299	1984-04-27	26	60	894
207	1969-11-19	16	36	339
294	1950-05-02	12	68	1219
266	2010-12-25	37	21	1719
253	1948-02-23	-11	83	1665
206	1995-12-27	2	71	534
238	2003-06-03	-11	36	1033
288	1962-12-25	22	83	319
216	2000-02-07	-15	18	1712
231	1962-08-06	-4	100	701
217	1941-10-16	-13	42	889
274	1959-06-19	-7	40	808
287	1942-12-05	33	48	741
261	1947-02-20	10	24	1365
230	1994-11-02	42	19	243
233	1945-09-02	12	81	298
288	1952-12-07	-9	57	649
255	1956-08-20	-1	93	606
300	2005-05-01	42	33	1741
285	1956-06-18	38	86	245
229	1998-03-20	-15	82	358
212	1954-04-24	3	96	150
215	2007-01-09	10	50	1780
284	1955-12-21	34	62	1245
235	1948-08-23	17	94	1982
300	1958-06-23	11	10	1043
225	1978-01-09	-6	5	1688
223	1971-10-19	-7	61	532
257	1959-06-08	14	10	1157
290	1985-06-11	-14	76	740
210	2010-08-02	27	25	371
206	2000-08-23	29	38	1677
262	2019-10-23	10	80	1479
237	2020-02-08	-3	66	409
264	1952-10-01	14	99	1655
300	1967-03-29	15	54	242
219	2010-03-13	35	43	1297
208	1994-05-31	10	74	1701
210	1941-04-23	22	9	217
201	1947-01-01	32	45	1676
246	2009-12-09	11	9	1516
273	1974-05-12	25	7	1099
261	2000-09-21	23	42	1088
278	1949-05-01	33	81	513
223	2012-04-07	-7	87	1255
292	1955-01-24	-14	33	600
201	1968-01-18	-5	25	1588
245	1946-07-04	-11	78	1791
263	1972-06-28	-4	73	909
289	1960-08-11	-7	56	1490
279	2012-03-16	26	32	94
265	1943-03-20	42	36	1684
241	1960-12-26	10	43	1625
262	1983-09-23	34	29	582
252	1945-04-12	-7	6	1820
209	2004-04-19	42	11	1773
290	1981-05-20	42	56	678
247	1956-02-26	21	22	1576
276	1951-12-12	41	78	518
221	1999-10-17	20	5	1240
243	1965-11-16	-13	79	1072
251	1999-12-24	29	40	903
258	1976-08-08	33	97	1836
274	1999-01-15	-6	13	1718
215	1971-12-14	38	93	1411
236	1995-02-01	37	12	869
234	1943-06-12	10	85	1175
236	2010-02-02	-14	4	670
261	1944-06-05	-3	60	1316
254	1970-02-06	31	85	1652
261	1989-03-25	7	33	1401
256	1962-07-19	30	71	659
264	1975-01-14	7	53	236
244	1952-10-24	28	52	1119
202	2000-06-07	19	98	458
273	1941-07-27	21	32	1481
267	2014-06-03	33	64	430
208	1964-09-13	-5	51	1615
277	1962-02-08	3	73	68
246	1967-02-08	38	73	1632
285	1978-12-09	35	33	362
212	1965-04-08	30	7	1087
252	1970-05-24	27	48	715
220	1974-05-13	11	0	323
258	1955-06-25	-2	52	1770
295	2002-12-31	9	44	1340
227	2000-04-25	20	15	231
201	1950-03-11	10	64	1306
231	1952-07-01	7	85	560
286	2018-07-05	15	36	1545
299	1981-06-24	-5	10	1909
204	1959-04-09	23	19	1011
215	2006-07-30	-13	24	1742
290	1970-07-29	0	87	951
277	1964-06-10	33	85	249
206	2002-04-19	1	12	395
279	1993-07-22	15	7	1896
228	2001-02-22	-14	50	1537
238	1955-11-07	-15	70	624
298	1982-01-01	-13	14	1242
