278	1964-04-25	19	24	461
293	2013-04-12	38	3	539
260	2006-03-11	9	78	1938
243	1976-03-04	0	22	1221
229	1953-06-29	-2	93	1210
257	1990-06-23	6	55	1203
277	1993-03-16	-7	100	723
253	2006-03-11	14	8	1312
269	1975-10-04	3	56	724
290	2014-05-30	24	32	92
290	2001-07-18	42	99	267
218	1945-07-16	39	38	100
254	1956-01-28	2	11	898
211	1997-12-13	5	80	1701
250	1945-03-09	19	46	1373
246	1981-12-21	23	24	1924
255	2009-07-20	-8	32	1205
265	1982-02-11	1	90	1645
227	1967-10-02	37	51	1872
274	1999-01-13	25	33	885
248	1970-04-15	10	59	736
275	1980-02-08	42	2	328
263	1961-01-17	-5	13	1267
236	1953-06-18	-9	39	1916
220	2015-10-01	15	57	1652
276	1942-08-09	13	72	1501
271	1986-12-10	17	18	597
225	1982-02-10	-12	99	1250
211	2009-04-21	27	2	190
269	1966-06-14	31	54	1727
246	2010-07-20	10	42	1267
276	1996-05-07	13	0	1378
205	1995-11-11	9	76	1929
256	1979-06-08	40	43	907
299	1952-10-02	-5	9	1334
245	1955-10-20	9	59	405
232	1966-11-25	2	20	48
212	2009-04-17	-4	9	1609
227	1987-04-07	-12	45	1716
261	1985-06-04	12	26	274
290	1944-09-23	0	89	1370
296	1988-12-17	-13	49	467
210	1998-05-15	-1	34	509
289	1966-05-04	27	12	1295
260	1948-11-09	36	3	1
270	2016-03-28	-12	92	1115
208	1985-07-01	-7	35	1312
272	1991-06-18	36	18	436
249	1954-09-24	6	92	405
269	1942-04-18	-10	1	1649
241	1941-01-20	39	21	907
276	1979-09-21	19	31	1618
277	1954-01-03	-11	66	1411
265	1953-04-12	14	81	1232
262	1979-09-12	-1	85	1087
298	1966-11-27	-1	62	193
273	1989-06-19	41	55	650
236	1957-12-06	31	73	500
269	2003-11-25	21	85	1038
233	1957-11-28	-1	75	806
255	1971-11-15	-8	28	1304
295	1997-03-04	22	9	350
261	2006-05-22	15	54	183
277	1985-04-18	20	31	196
248	2011-12-28	20	82	1126
251	1972-11-20	-9	57	1372
213	2012-12-17	18	22	15
286	1988-04-16	-5	77	679
240	1958-06-07	-13	6	1967
201	1952-06-13	24	79	1314
300	1993-10-10	-8	56	1812
268	1992-12-26	40	79	665
265	2004-12-13	14	71	185
284	1968-11-08	10	62	339
281	1995-08-06	30	7	548
267	1968-08-12	17	71	96
237	1966-09-12	26	81	957
296	2011-09-08	-5	100	455
204	1942-05-16	24	13	1726
273	1954-08-04	7	25	565
265	1951-05-23	-14	94	189
289	1972-03-01	-6	34	985
236	1952-10-04	-8	98	1370
220	1961-10-09	3	35	1137
264	2009-09-22	9	92	12
210	1989-01-09	33	23	1123
284	2013-09-25	10	43	1058
217	1966-12-14	36	79	1136
205	1987-01-18	16	33	1888
225	1962-04-01	2	15	723
205	1963-11-05	7	46	375
244	1998-10-21	35	83	416
283	1951-02-07	11	65	581
258	1955-07-10	-5	11	1753
218	1942-01-22	7	39	1332
213	1979-03-10	14	92	740
245	1981-01-05	-3	20	1169
265	2014-05-31	21	46	504
262	2000-04-03	40	54	864
275	2017-11-22	12	36	134
228	1968-10-09	33	21	1945
283	1973-08-26	8	1	985
203	1946-10-19	37	50	992
298	2020-02-17	15	46	357
256	2000-07-30	-2	49	1562
254	1994-04-18	30	86	686
296	1966-11-19	-5	20	737
286	2011-11-16	14	59	587
296	1944-07-24	26	25	1586
260	2003-07-24	-13	78	376
214	1955-02-27	9	28	750
256	1967-05-06	27	48	37
209	2011-08-25	-13	65	485
209	2008-11-15	-15	64	1630
211	1944-12-20	16	41	1057
278	2006-01-04	36	81	1727
232	1990-09-30	-8	60	191
255	1980-06-28	-6	84	1090
270	1990-07-20	5	25	1084
248	2018-07-20	1	98	375
205	1987-02-11	31	27	1972
247	1983-05-10	6	55	1222
298	1998-09-19	36	77	1906
239	1986-01-12	32	33	511
254	2002-10-13	39	65	1805
236	1960-11-17	41	97	200
243	1961-10-15	3	54	331
282	2008-07-03	25	74	1290
221	1965-09-24	-7	24	93
208	2001-02-22	-3	16	805
261	1961-04-05	1	63	407
225	2006-01-18	3	47	1303
252	2005-09-26	-6	71	543
203	2000-06-25	-7	75	1213
269	1950-01-12	29	62	1830
270	1983-03-23	27	64	1501
229	1991-08-31	25	16	874
256	2010-07-10	28	17	201
208	2018-08-26	2	9	1494
220	1975-04-06	-8	70	596
211	1957-02-03	-8	75	1961
297	1962-10-26	4	58	1866
237	1976-10-04	5	14	1987
255	1950-07-20	11	83	856
218	1992-06-11	29	84	1881
223	2009-02-24	8	93	1705
286	2008-01-28	-10	41	1495
207	1987-06-19	3	5	1005
246	1954-12-24	11	76	1189
262	1985-05-05	32	31	274
221	1985-04-22	23	80	148
