290	1955-05-15	-15	73	1311
229	2019-06-22	-3	2	1737
268	1998-01-26	26	56	1288
274	2019-04-09	28	25	1102
287	2004-01-26	-1	8	1130
219	1986-02-10	-4	63	267
265	2008-11-14	36	45	360
264	1980-06-12	19	76	1067
274	1971-11-01	4	62	843
264	1950-03-04	22	28	1061
236	1965-07-30	39	38	1956
235	2002-12-08	6	0	1182
282	1963-03-16	-13	89	612
224	1963-08-24	27	28	1956
223	1977-05-22	26	50	1575
202	1979-04-24	35	16	528
213	1992-03-18	3	79	637
244	1953-11-27	4	33	1212
250	1945-10-06	28	47	202
280	1971-04-29	8	1	704
214	1972-12-12	24	50	1819
268	1942-11-23	28	51	1376
216	1991-12-14	5	24	747
218	2004-08-31	15	53	50
217	1977-04-26	4	77	1637
258	1989-08-16	15	20	79
288	1961-04-30	30	100	1545
217	1984-04-08	8	55	286
251	2003-07-27	22	28	1656
288	1952-11-22	0	43	1295
260	2002-09-04	7	59	752
247	2007-10-05	27	96	329
207	2019-02-19	29	90	445
299	1961-11-19	-1	53	1805
212	1954-06-27	11	71	233
220	1972-12-04	9	32	267
221	1979-04-12	1	91	1668
288	2020-04-21	3	24	417
231	2004-06-30	35	98	1225
228	1969-03-31	19	27	1129
295	1951-02-19	1	12	1669
228	1988-07-14	16	0	1749
217	2001-07-28	-15	83	660
252	1945-01-22	17	3	556
273	1984-02-29	19	63	58
268	2013-07-06	30	27	1450
237	1946-10-30	-8	89	1892
231	1999-09-21	25	51	1416
257	2015-01-30	-14	62	1150
214	2018-01-10	-8	67	1470
280	1961-02-24	-15	68	1201
266	1961-11-14	-9	74	1964
240	1967-06-10	12	39	681
247	1987-12-14	-8	100	363
208	1972-05-30	0	31	1111
226	2010-07-18	-9	11	57
223	1979-07-29	38	43	637
287	1997-12-14	-13	95	1071
228	1979-06-17	26	34	252
204	1987-04-02	4	99	700
248	2009-12-20	6	19	288
298	1972-12-02	14	44	435
293	1988-08-01	-12	65	1030
215	1959-05-13	-15	99	1064
273	1974-05-29	30	78	1803
230	1963-08-10	9	63	1058
215	1961-02-22	-8	68	826
222	2012-04-12	31	70	1943
243	1990-09-24	-4	59	269
283	2010-12-30	24	97	1464
262	1944-04-13	-1	98	1206
276	2014-01-15	0	10	1000
260	1949-02-24	17	35	1887
268	1969-12-30	1	43	1088
294	1962-07-27	14	48	363
266	1987-09-22	34	35	1130
278	1945-07-27	-13	51	104
270	1965-07-24	2	4	918
249	1978-12-16	5	97	189
264	1969-06-18	-10	77	1632
202	1968-01-07	17	41	1789
278	2009-01-02	5	85	703
255	2009-06-25	34	21	827
211	1995-08-10	35	82	1194
255	1996-08-10	17	95	1833
207	2013-02-26	28	10	566
252	2014-04-17	-11	76	317
214	1979-05-16	22	12	1800
205	1976-04-10	34	96	1979
292	2009-03-01	26	9	711
259	2016-05-20	10	27	932
295	2016-07-19	-8	58	832
278	2006-10-15	32	3	1314
297	1947-12-17	20	2	844
239	1942-05-19	1	11	1213
219	1956-08-07	-13	82	1562
229	1956-09-01	-2	28	1523
292	1987-08-14	31	0	670
292	1974-09-13	-5	1	1000
272	2008-08-24	27	65	1856
229	1995-07-06	27	16	314
276	1978-07-10	9	64	766
220	1940-09-12	24	89	192
220	2010-05-09	8	28	347
295	2016-10-31	28	9	389
227	1969-06-27	-4	10	577
222	1964-06-13	-12	41	1216
280	1947-09-03	28	61	685
220	1964-12-09	5	78	883
291	1954-11-19	12	39	2001
278	1964-03-28	32	82	1752
255	2004-06-04	27	5	1015
276	1944-01-06	22	27	1705
253	1958-09-18	-1	32	652
271	1944-07-05	6	61	753
250	2020-07-06	0	74	351
213	2005-02-24	-15	68	243
204	1967-10-02	22	12	574
248	1952-06-22	-3	95	779
245	2008-04-03	-13	98	525
250	1970-11-22	-10	7	1398
238	1978-01-05	-9	11	1704
288	1989-12-27	-10	3	1808
287	1940-09-15	5	38	1971
238	1976-09-19	-5	43	758
209	1949-02-01	27	74	677
273	1943-11-16	-1	81	791
235	1951-08-22	23	60	55
210	2006-03-16	-1	25	1399
220	1969-11-28	6	49	271
227	1976-06-16	-1	69	246
265	1989-10-23	18	7	824
252	1959-03-20	16	24	967
280	2000-09-02	12	57	1971
266	2016-08-08	16	12	1683
214	1998-06-24	31	61	1221
230	1958-10-13	36	25	1445
221	1955-10-23	29	52	355
206	1983-10-13	-3	42	1953
212	1999-06-21	29	77	1971
215	1966-03-30	41	20	1543
270	2009-05-05	41	52	746
221	1969-12-05	11	61	142
281	2008-06-27	-10	73	868
243	1962-07-03	-7	53	158
235	1941-08-31	21	70	265
222	1947-06-12	19	97	1360
272	1985-04-21	-7	35	1183
214	1957-02-25	15	24	112
284	1967-09-28	12	49	361
216	1968-03-02	-10	8	1674
231	1966-04-04	27	59	391
268	2009-05-21	25	16	1367
285	2012-02-22	41	67	488
207	1970-09-14	-14	44	78
213	1982-08-23	24	47	200
276	1991-03-20	-8	92	903
219	1952-05-19	-11	7	667
266	1942-09-23	10	89	1310
243	2017-12-16	14	43	340
243	1995-09-11	14	78	1879
247	1955-09-17	-5	74	91
246	1968-10-13	0	0	619
276	1993-11-13	-5	44	1358
273	1965-04-08	39	68	297
226	1985-04-07	27	12	478
224	1955-07-16	-3	100	327
269	2015-11-07	1	4	572
276	1962-02-18	-9	21	1019
268	2007-10-26	-9	82	51
255	1979-12-27	30	15	1023
233	1994-01-16	25	37	1952
252	1976-11-22	37	89	228
298	2002-05-27	6	65	1139
213	1968-05-21	5	39	1929
212	2014-08-15	3	95	1968
247	2019-11-04	19	74	1300
261	1952-05-12	12	26	1896
203	1969-07-05	-10	97	326
207	1954-07-30	-3	94	1315
284	2020-02-14	18	60	1051
262	2003-09-29	0	15	1291
267	2016-12-12	27	73	756
203	2016-01-22	6	65	784
223	1945-01-11	-15	68	882
277	1959-09-12	-9	53	1606
204	1976-10-12	-9	10	212
227	2007-07-14	32	2	486
214	1963-01-13	4	39	1311
228	1957-04-02	0	97	1845
241	1955-06-03	20	84	214
296	1955-01-03	5	85	1900
222	1968-12-04	40	83	1402
207	1943-12-31	31	99	1999
288	1965-02-04	42	58	1061
246	1982-10-21	40	89	1849
237	1948-06-03	33	45	890
237	1944-07-13	13	4	320
221	1985-02-02	11	90	456
279	2004-05-05	-13	93	210
217	2008-04-13	-3	6	70
286	1978-02-26	40	69	1926
249	1976-05-30	9	49	1824
222	2009-10-15	15	9	638
213	2009-12-19	-10	45	1975
250	1981-08-11	36	21	1651
211	1997-08-25	26	69	1495
236	1945-08-26	38	88	675
239	1997-12-29	25	45	789
300	1988-03-14	15	50	647
266	1952-10-05	-5	86	825
218	1996-10-24	20	76	1151
265	1961-09-13	-12	32	810
226	1944-09-22	31	94	1654
258	1973-11-27	9	27	386
286	1977-04-16	-15	4	762
285	1951-06-10	31	31	1175
285	1990-12-02	42	41	763
278	2005-05-19	24	69	425
300	1971-03-26	14	34	487
202	1982-06-27	7	88	1544
212	1988-07-14	0	92	1719
205	1987-11-06	-8	96	334
246	1943-08-08	28	50	653
229	2016-02-18	17	85	769
294	1947-07-25	10	98	1468
248	2019-01-18	-10	9	1780
258	2008-08-23	3	81	714
211	2013-05-24	-6	88	982
275	1992-04-28	-8	73	38
208	2005-10-14	42	85	404
286	1948-09-05	5	55	1237
229	1976-12-07	24	47	640
211	1941-03-17	-13	58	887
213	1971-01-21	32	10	209
207	2001-09-01	28	34	790
211	1996-10-08	-4	55	802
235	2001-12-08	-15	43	1632
253	1999-10-05	15	39	924
235	1989-10-03	2	35	712
268	1968-08-18	27	3	1866
284	1941-05-24	35	86	108
233	1991-01-25	17	46	1164
232	1965-01-21	34	17	86
243	1982-07-10	6	55	1587
271	1945-12-30	38	52	953
277	1973-05-20	-9	62	219
290	1952-01-18	-1	20	1972
