218	1968-10-18	-2	45	1604
214	1959-04-18	7	96	248
231	1991-01-08	35	79	72
252	1986-07-12	20	68	1206
271	1995-10-07	23	74	1600
244	2017-10-14	42	40	28
215	1963-10-24	-10	18	610
257	1979-07-09	15	49	1041
257	1944-10-07	32	93	1293
290	1951-01-20	39	42	1039
218	2002-07-17	-13	24	1198
252	1992-01-05	35	36	1817
248	1958-03-23	22	57	639
237	1967-12-02	-5	18	1268
208	1982-12-27	12	90	1030
282	1967-12-24	-3	3	56
278	2004-07-05	34	47	1058
221	1977-02-06	-14	20	673
247	2015-02-22	25	16	1999
234	2002-09-21	29	6	290
232	1996-04-15	1	100	435
207	1952-08-12	20	19	1572
215	2012-08-09	40	85	178
264	1983-03-02	29	11	886
240	1980-09-23	20	70	353
294	1973-07-26	35	17	1436
259	2017-09-30	27	56	710
286	1968-04-19	-8	11	611
205	1941-05-27	17	19	1075
221	1953-04-06	32	86	1520
237	2008-06-19	19	1	1335
295	1989-07-25	19	46	1621
231	1997-02-05	34	7	50
277	1942-01-24	7	41	77
250	1956-03-07	41	10	886
300	1957-09-16	40	89	1228
271	1986-10-29	22	77	1017
278	1960-04-26	29	32	1129
221	1999-05-26	18	96	679
260	1983-11-14	-13	24	1609
214	1996-05-12	-5	21	1690
244	1959-02-13	39	15	479
290	2005-04-10	10	77	247
263	1982-08-18	42	2	1471
202	1986-06-12	17	4	51
253	2012-10-04	5	75	1329
239	2018-09-01	-5	59	1383
293	1974-07-26	38	41	868
221	1969-02-25	17	3	663
277	2004-11-10	-6	64	524
278	2018-07-02	5	52	1657
299	1967-12-07	-12	49	1204
249	1986-12-01	27	77	1643
295	1984-01-10	0	26	1539
280	2010-12-19	40	31	1708
284	2001-03-05	-1	91	1405
232	2014-08-06	14	49	70
221	1946-03-18	-9	16	1427
209	2011-12-06	38	58	1073
227	1984-01-10	-3	92	1379
264	1956-11-03	8	0	569
240	1954-04-29	27	41	1446
260	1965-03-03	6	86	797
235	1963-04-14	12	32	1989
217	2006-10-03	10	26	1343
289	1996-08-31	21	10	1064
214	1985-10-12	37	42	539
236	1995-11-30	30	6	1838
286	1969-08-13	-5	70	317
205	2004-05-13	-5	84	1447
219	1943-11-20	38	25	531
241	1994-02-15	-10	84	187
264	1958-11-09	13	74	1929
287	1961-08-02	34	5	329
286	1993-09-02	9	88	1886
212	1982-01-29	6	11	1892
297	1943-02-13	22	89	1402
232	1949-05-19	2	50	1092
262	1998-01-21	-13	38	444
237	2010-02-04	20	68	1005
216	1973-02-16	-11	79	407
279	1961-11-26	-10	38	1635
203	1993-04-20	27	82	1818
266	1997-01-09	17	42	1413
245	1962-08-18	29	62	1082
294	1962-03-31	30	59	536
249	1960-09-15	-9	62	835
260	1946-05-26	1	63	432
286	2001-11-03	-2	50	498
205	2018-05-07	40	33	1736
212	1968-05-12	31	61	673
267	1956-11-14	7	8	1306
265	1970-10-25	-2	80	504
276	1943-10-29	-15	28	1283
276	1956-06-24	2	95	117
216	2005-12-09	0	55	1303
289	2019-07-26	14	23	1752
256	2002-04-03	13	87	1323
293	2013-08-24	41	40	675
244	2016-07-03	16	57	969
250	2014-11-16	15	69	472
298	1958-10-03	27	85	1347
295	1941-12-26	-13	36	1806
259	1990-08-11	8	32	14
220	1946-08-01	7	62	812
222	1959-12-17	37	59	1418
211	2019-06-19	31	70	897
257	1967-05-26	25	38	1120
292	1984-02-04	17	43	1119
241	2014-06-23	3	47	1352
204	1989-07-10	30	80	789
239	1962-01-25	-3	20	1056
287	2017-11-24	39	71	1107
256	1965-03-24	-6	93	496
287	1957-07-25	14	1	237
276	2011-12-13	15	6	385
272	1941-08-17	19	4	203
291	1967-08-06	14	13	446
236	1978-09-26	20	73	725
295	1941-11-22	41	73	49
225	2015-06-02	5	7	551
217	1962-05-25	30	45	505
276	1944-07-17	30	36	204
229	1964-11-05	3	45	1873
262	1963-10-30	37	74	1982
241	2001-06-02	1	17	314
258	2010-10-18	7	53	925
258	1978-01-30	38	82	1717
283	2000-01-03	26	32	1704
233	1971-06-04	31	16	24
