202	1993-09-02	1	12	867
290	1994-01-24	38	31	1613
249	1952-12-09	2	69	1175
226	1972-01-15	1	76	532
202	1993-11-20	-6	34	450
237	1960-05-21	-12	66	1261
229	2015-08-12	18	68	1437
299	1952-09-10	42	94	1217
292	1981-04-08	-13	90	652
282	1963-06-27	-8	62	400
274	1977-12-17	-1	45	893
299	2017-09-18	-3	3	753
232	2017-11-29	37	38	503
205	1973-02-10	0	100	1695
254	1954-07-16	7	6	1313
207	1977-12-16	-8	55	1189
226	2006-12-23	-6	6	1676
209	1988-07-05	38	8	1441
297	1976-05-28	3	24	1858
291	2019-04-15	-10	51	1823
287	1947-02-23	-2	35	741
212	1983-10-03	38	8	287
239	1944-01-21	40	75	1858
259	1954-04-18	8	71	1974
209	1988-07-01	16	56	1461
210	2008-09-15	26	5	1962
290	1960-01-09	-2	100	1822
234	1968-01-07	33	60	1440
284	1991-11-27	19	50	1686
249	1987-04-28	10	23	1743
213	2010-07-11	21	20	1720
261	1969-07-02	18	34	521
226	2001-06-13	30	33	604
275	1975-02-11	39	44	1783
212	1946-06-04	-11	60	427
245	1987-03-07	-4	24	1825
224	2014-11-01	-5	60	673
255	1965-03-04	-15	82	1335
293	1960-08-20	33	3	373
217	1960-05-12	-13	85	1097
219	1994-11-30	27	91	1861
248	1982-05-17	38	18	872
277	1940-02-08	27	19	808
290	1990-01-21	38	22	986
247	1958-06-23	25	54	392
235	1960-08-06	-8	90	492
208	1954-02-19	23	53	916
249	1984-09-24	-5	36	1130
231	1978-06-02	33	39	117
247	1953-01-03	-15	54	1539
273	1964-05-23	-9	80	1612
270	1943-02-15	-14	1	335
290	1978-03-01	33	83	478
279	2009-08-08	29	77	963
202	1976-07-10	40	57	396
268	1992-03-17	36	57	869
215	1994-12-23	-7	10	1788
248	1973-12-15	0	100	1852
228	1971-01-31	-8	65	1876
291	1995-08-25	10	27	1783
229	1957-07-05	16	36	1748
236	2011-11-17	10	75	812
265	1975-08-13	16	19	25
204	2014-10-03	-11	43	54
215	1998-02-17	35	1	1462
203	1988-07-27	16	59	926
295	1965-02-01	25	47	1493
203	1969-12-17	39	44	555
247	1970-06-28	14	52	1551
243	1970-04-16	33	28	966
234	2009-01-27	8	69	904
226	1947-11-15	-13	51	164
216	1972-06-09	40	87	881
280	1988-06-27	22	89	385
209	1989-04-06	4	58	116
270	1980-06-05	-15	100	778
287	1978-07-21	39	89	761
299	1943-04-09	26	31	1199
222	1941-06-05	-8	63	1658
283	2007-05-09	6	14	1573
261	1957-01-18	9	25	313
273	1961-04-18	12	25	1948
219	2002-12-25	32	100	1470
286	2007-05-16	30	80	1238
290	1983-08-22	23	61	1585
277	1961-10-26	-3	83	697
258	1995-05-26	35	20	1562
222	1969-03-27	-7	89	1872
247	2001-08-13	23	35	1050
217	1979-09-09	35	99	1288
201	1963-03-23	-15	53	53
234	1997-08-15	11	0	1250
239	1981-03-07	6	36	1836
234	1971-04-16	37	40	685
239	1953-01-08	2	5	919
224	1979-12-06	-10	67	1423
249	2011-07-08	42	96	1285
293	1989-04-25	39	67	867
232	1942-12-21	14	1	173
246	1956-08-04	-10	64	488
272	2014-03-07	15	13	783
221	1980-08-27	17	8	585
283	1996-01-24	41	40	1959
288	2007-07-01	29	40	1652
298	1940-07-19	-4	46	1566
291	1979-04-29	-15	3	1768
212	1977-09-19	7	3	1480
253	1950-06-17	-8	16	882
210	2000-08-31	21	46	1258
224	1953-12-17	19	4	1740
280	1983-03-07	34	69	1176
298	1942-08-25	3	67	1528
233	1943-10-22	42	8	975
201	1999-08-06	2	25	1861
209	1998-08-29	8	4	476
207	1975-06-23	29	2	1846
251	1987-01-10	35	89	1605
245	1971-10-11	26	55	1340
279	1940-05-07	-10	51	1856
201	1978-01-25	3	79	482
272	1970-12-05	31	4	423
284	1983-09-10	7	68	703
290	1972-01-05	-7	95	821
208	1978-02-21	5	88	250
261	1981-10-14	-11	77	1951
296	1972-11-24	22	29	1235
279	2001-05-14	-10	9	1112
244	1944-06-08	22	45	971
267	1940-05-14	14	10	1617
264	1940-07-03	15	45	857
219	2006-05-11	4	79	1016
243	1971-09-14	4	61	630
296	1984-08-23	-6	18	560
266	2007-08-16	5	44	1832
261	2017-04-03	11	78	663
223	2000-08-03	37	10	606
241	1974-03-10	13	4	38
265	1967-06-01	10	15	119
296	2006-07-03	-12	29	997
278	1974-09-27	-8	51	1508
273	1988-04-01	35	16	235
292	1958-07-16	37	90	1550
261	1991-11-06	6	22	682
213	1962-12-14	8	56	1012
283	1987-03-29	-3	48	152
267	1978-01-01	20	38	1723
254	2017-09-07	17	44	731
238	1988-01-10	33	36	1027
268	1972-03-29	-12	26	772
217	1941-03-28	6	18	1032
291	2015-01-05	27	46	532
215	2002-05-14	-5	99	1663
211	1965-04-28	34	8	962
270	1992-07-14	19	83	9
241	1963-05-20	18	14	1882
294	1987-03-31	5	98	1949
203	1976-06-06	10	76	107
285	1964-12-11	10	99	1118
295	1977-01-21	33	79	1065
217	1959-02-06	-11	89	706
268	1995-06-09	20	81	1955
254	1967-03-18	9	87	1013
261	2006-07-16	34	17	388
267	1956-10-22	18	59	1518
242	1999-08-09	-7	71	681
265	1982-11-26	-12	5	1473
237	1965-02-02	28	52	1638
251	2005-04-22	34	36	1920
275	1984-11-30	12	7	893
212	1997-11-15	26	68	1224
