246	1986-08-22	4	23	1526
252	1952-11-03	-1	47	1894
226	1998-07-25	5	85	1104
214	1962-01-01	30	77	613
294	1944-02-03	15	98	803
262	1950-05-13	37	78	289
247	2003-05-22	18	85	220
273	1942-08-20	30	97	1467
240	1952-01-05	-8	72	1444
276	2003-12-26	1	68	468
250	1944-11-01	24	33	717
221	1954-05-16	7	26	1650
217	1985-02-01	0	18	689
207	1996-12-31	24	5	890
236	2017-10-17	39	38	1434
282	1993-04-18	15	39	718
253	2020-08-22	40	35	455
288	1990-11-16	-6	61	1030
213	1954-04-10	-5	1	443
219	1976-05-20	8	85	1103
232	2018-08-04	17	32	782
261	2008-12-10	27	37	1315
206	2003-01-24	-14	4	686
299	2002-01-16	-8	25	925
279	1971-12-10	34	82	1137
286	1976-10-21	33	22	914
209	1960-03-17	15	88	586
293	1964-10-14	23	34	943
261	2000-01-08	42	15	410
297	1946-12-23	19	36	319
255	2009-05-05	-12	71	541
252	1943-05-28	36	33	381
212	1963-04-04	20	6	173
210	2017-05-19	23	2	673
295	1989-01-23	16	50	1097
204	1950-02-04	40	12	165
276	1962-12-12	-8	73	1854
280	1980-04-11	-13	22	1706
202	1948-12-31	39	11	1165
280	1964-09-08	26	54	296
284	1951-11-12	-12	60	1638
289	1977-01-22	12	72	1997
290	1958-12-14	22	58	1628
217	1981-08-09	9	39	149
296	1984-10-26	12	28	1918
252	1975-04-03	16	75	615
259	1956-05-21	-9	45	381
257	1947-10-07	-6	90	926
207	1981-07-13	-13	87	856
295	1970-06-26	16	46	1252
277	2010-11-01	-10	69	1713
211	2019-09-19	-2	8	680
255	1950-08-09	12	0	1078
234	2019-04-30	-4	14	36
264	2017-12-09	-6	45	1941
283	2001-05-07	33	55	1428
229	1987-03-19	20	70	586
288	1964-11-12	24	68	1826
285	1947-11-16	-10	1	746
268	1940-05-10	24	61	997
244	1991-05-01	-3	45	49
227	2020-02-11	9	22	269
209	1961-02-05	21	77	385
257	1967-09-15	15	100	377
270	2011-11-03	-11	44	1261
266	1969-10-09	-15	59	494
279	2011-06-23	30	5	1594
288	1982-04-01	36	43	1468
300	2015-01-12	-9	16	0
283	2007-09-15	31	21	1137
276	2020-07-07	40	98	1837
284	2004-03-22	2	66	1539
294	2013-09-19	25	41	1340
273	1946-09-13	41	81	133
231	1976-12-03	26	28	83
296	1972-04-23	26	95	1040
219	1973-03-29	-6	89	109
259	1949-04-19	19	32	1705
299	1953-11-08	24	67	436
263	2014-01-31	6	80	15
214	1995-12-21	27	22	291
258	1966-03-21	38	30	732
209	1956-09-02	4	60	1009
274	2014-01-01	20	41	441
232	2019-01-20	-8	0	516
296	2020-03-10	25	48	1422
262	1998-07-14	-10	43	1594
210	1995-10-27	1	7	1936
291	1953-08-07	-1	97	1898
221	2004-03-28	42	21	94
244	1999-07-12	42	91	450
255	1974-09-25	-11	98	1319
293	1944-12-15	27	1	742
276	1960-05-22	34	48	208
248	1972-05-09	26	56	1854
227	1975-04-11	0	26	254
283	1947-05-31	-10	1	1404
272	2015-09-29	7	89	1397
295	2008-05-21	9	68	394
250	2001-10-02	28	7	983
299	1948-05-30	-2	80	766
239	2004-05-03	8	17	1747
256	1981-02-10	41	55	782
242	1977-07-07	9	18	1924
287	1948-03-10	21	51	1443
205	2008-04-11	21	6	168
260	2019-08-24	21	45	15
256	1964-10-03	0	14	1918
262	2009-11-25	15	18	1851
300	1987-10-03	29	79	1568
240	1994-04-02	-6	52	479
265	1952-06-13	30	25	1566
270	2016-01-20	-13	84	126
281	1949-02-12	0	93	1564
252	1944-03-25	37	57	909
235	2015-12-30	31	13	424
235	1990-03-05	-13	33	728
284	2011-06-06	23	1	762
223	1965-04-06	11	47	1594
238	1997-01-15	27	63	15
299	2004-10-15	30	17	935
273	2017-06-27	2	30	1374
293	1940-04-01	7	75	1786
216	1996-03-21	32	71	206
226	1975-02-20	9	61	873
215	1972-03-08	-13	34	147
