267	2011-07-05	29	10	1419
235	1978-10-26	34	10	1610
264	1992-08-12	1	21	457
289	2019-04-14	28	54	1549
255	2015-09-29	-5	18	199
286	1983-08-08	36	88	98
222	1978-10-10	6	28	759
268	2013-08-01	-14	61	1205
295	1997-02-13	8	24	903
248	1949-01-27	-6	67	5
212	1974-07-24	-13	35	365
267	1953-01-20	7	80	1643
293	2008-01-30	6	75	1645
225	2019-02-05	-8	54	1011
225	1951-04-23	42	29	1798
236	1970-05-30	18	41	166
232	1951-12-14	32	68	1494
269	1942-11-02	-14	79	1066
263	1982-07-08	39	65	1865
256	1956-02-23	19	46	1315
258	2015-05-13	16	43	845
246	2015-09-11	40	87	652
259	1965-05-02	14	38	759
251	1963-05-26	27	23	164
258	1997-12-06	16	63	147
210	2020-01-03	14	31	1202
234	1953-04-30	20	49	140
256	1990-05-02	17	9	1439
271	1948-06-09	29	29	87
269	1976-03-25	20	64	1988
298	2007-09-25	-14	0	1927
224	1995-10-09	-15	97	1050
290	1998-10-05	8	41	1124
287	1965-03-31	2	1	1877
299	2000-08-29	39	33	1368
211	1988-03-07	36	24	1356
249	1958-01-10	42	4	1145
244	2018-09-27	6	9	1853
268	1988-12-20	25	50	1933
240	1970-02-15	37	33	1965
207	2007-09-15	24	38	1990
271	1945-04-13	0	17	1459
251	2000-04-06	-4	30	1566
273	1965-08-18	25	84	1052
264	1965-02-22	11	91	1980
223	1974-03-31	10	33	248
220	2005-05-17	26	51	1746
254	1969-07-24	-4	54	28
223	1965-02-02	14	50	106
285	2007-07-20	42	92	570
299	2005-08-02	34	45	1848
280	1950-05-27	-4	24	67
289	1966-05-26	-15	86	1390
231	2004-04-13	12	1	1070
245	1991-01-31	36	17	761
287	1979-08-27	22	52	1292
260	1968-12-09	6	25	1978
296	1963-08-08	-4	60	665
212	1988-08-11	2	83	1987
216	1996-05-15	26	33	1317
228	1980-04-29	13	62	157
238	1998-09-19	-8	68	1322
290	1955-09-22	21	16	592
254	1953-06-28	26	51	465
297	1995-02-26	21	2	1245
299	1966-11-03	37	44	65
203	1942-03-01	17	42	1305
234	1968-03-18	7	40	1312
222	2000-08-28	12	10	519
217	1972-07-21	8	98	1240
273	1967-05-17	-2	54	806
227	1949-09-25	36	50	1190
294	2010-01-08	18	68	1097
293	1971-02-06	15	55	1857
238	2005-09-25	28	58	1958
222	1984-02-11	36	6	568
290	1954-10-18	8	66	307
266	1992-09-08	-1	62	1485
257	2015-11-18	27	40	376
229	1985-06-28	11	95	62
233	2006-09-14	3	6	1921
216	1961-01-01	36	86	1944
293	2009-11-20	24	82	345
279	2003-01-30	-2	19	413
272	1996-04-30	-14	19	497
288	2010-11-13	35	17	795
272	1970-09-15	1	98	1300
202	1957-11-24	28	90	1833
208	2013-11-01	17	12	1822
268	1973-05-18	19	57	1839
261	1984-03-24	-10	42	869
273	1997-10-12	9	88	242
298	1965-03-03	34	88	310
226	1986-09-05	31	20	828
266	2012-09-25	-3	16	1965
250	1971-11-27	13	71	498
254	1993-10-06	35	89	1516
268	1975-05-13	-13	95	1852
252	2010-04-13	-13	96	1518
215	1952-10-17	-12	89	1531
287	1954-04-12	-12	96	1556
202	1972-05-12	42	32	910
246	1994-03-06	9	99	984
271	1975-08-27	-1	50	1222
256	1992-12-25	-8	33	895
292	1955-10-27	-2	96	318
285	1999-08-17	13	24	900
220	1967-10-21	22	9	1535
290	1983-09-06	33	25	658
235	2008-06-15	-9	60	960
249	2006-11-15	38	85	137
242	2009-05-04	-5	37	529
211	1981-07-27	32	48	17
249	2009-04-26	38	31	151
275	1991-03-18	-7	71	1967
270	1948-06-17	7	32	341
248	1957-08-22	-2	42	1331
235	1976-07-14	38	6	984
255	1957-07-24	-9	7	1906
281	2019-05-06	23	47	203
254	1945-10-09	25	93	1014
222	1940-09-01	14	31	1559
204	1959-04-08	39	67	723
215	1961-10-29	12	58	1385
299	1968-07-14	1	80	1694
230	1988-12-08	4	26	610
268	2010-10-08	-7	83	1180
240	1946-06-18	28	93	1481
243	1956-11-08	25	30	1510
245	1974-11-16	-5	14	1620
202	1980-10-26	27	31	1667
253	1946-01-28	6	96	1083
269	1974-01-19	38	47	1940
258	1952-11-05	-6	81	438
294	2006-12-11	-3	18	1397
290	2014-07-21	37	11	152
248	1979-02-28	-8	23	189
205	1982-06-23	6	71	734
228	2019-06-09	18	28	948
224	1969-04-19	25	47	1353
205	1966-06-02	10	10	1599
260	1965-10-26	30	37	1059
222	1976-02-22	2	12	1786
221	1981-02-09	18	100	678
206	1976-11-14	-11	19	1666
289	1993-08-29	16	39	910
300	1987-02-14	40	24	1513
221	1987-01-22	4	78	50
233	1940-02-21	6	64	285
226	1993-04-06	13	65	1301
212	1994-02-15	4	13	221
222	1987-11-08	15	52	1084
289	1955-06-09	29	1	1244
295	1964-03-06	12	68	1428
293	2003-06-17	4	90	1982
288	1985-05-16	4	51	1466
215	1947-06-09	9	77	683
266	1951-07-12	18	80	1505
292	1946-09-09	35	97	1110
230	1965-06-10	-5	4	1234
280	1993-09-28	30	53	1028
202	1957-01-27	-12	5	585
277	1992-08-17	23	76	534
213	1966-07-02	11	98	951
210	2010-11-07	18	17	242
256	2009-10-23	15	72	474
227	1945-11-19	17	67	268
291	1951-05-26	23	46	1121
224	1981-09-24	30	12	386
249	2005-03-25	-15	38	1201
262	1968-05-03	-1	23	1077
222	2013-03-04	38	92	1790
241	1962-02-24	28	21	971
296	1968-11-18	18	31	1808
276	1979-11-12	13	66	1970
229	2004-10-01	-10	72	1137
290	1943-06-11	-14	41	1727
214	1949-10-04	30	92	1264
260	1977-07-26	-12	84	1833
262	1983-04-17	-10	7	1727
265	1993-10-09	29	42	1476
209	2002-10-11	-9	97	999
289	1949-09-07	27	29	1660
221	2002-01-17	-14	87	64
205	1953-01-31	4	74	1672
205	1983-05-05	37	46	1016
258	1986-08-13	-8	4	1832
238	1997-12-13	12	80	109
292	1995-06-27	20	25	1083
239	1995-02-14	31	49	586
232	1974-03-09	42	45	1830
212	2019-09-01	20	0	1129
275	2008-08-01	-6	30	1928
233	2017-08-17	29	9	1147
224	1946-09-01	9	53	1862
224	2018-07-08	27	58	1552
268	1967-04-08	33	27	311
213	1972-12-30	16	69	691
290	1973-02-03	19	46	625
232	1992-08-08	-11	34	1174
239	1998-02-25	-9	36	801
282	1993-02-27	41	44	1387
229	2007-09-16	25	99	155
289	1958-02-02	-3	18	90
208	1976-12-27	31	11	1561
206	2012-01-17	29	93	702
221	1998-05-14	-9	14	1394
274	1951-11-15	30	99	1180
248	1959-02-19	24	37	987
273	1984-01-14	33	76	241
230	1964-08-13	-13	29	1904
232	1978-08-26	-9	32	522
291	1978-12-30	-15	56	1070
236	1961-09-09	19	7	1792
239	2011-11-28	2	13	858
295	1994-06-17	-4	71	1245
223	2012-10-26	24	99	590
275	2006-03-30	-11	100	1427
240	1950-09-19	-6	83	1225
236	1958-08-30	-1	89	309
256	2003-06-26	39	71	1415
291	1973-09-10	39	79	1721
269	2012-10-23	32	23	121
208	1942-05-05	15	91	1003
294	1954-12-21	39	76	912
243	1946-07-14	-3	66	831
245	1962-04-11	6	75	1481
256	2014-05-27	28	16	753
251	2013-03-31	39	76	1484
215	1977-01-02	-1	30	1738
238	1969-07-17	9	17	1114
244	2012-02-15	32	29	1328
292	1989-05-16	36	11	1008
252	1942-12-29	9	91	599
262	1948-11-02	36	63	170
274	1950-04-16	18	78	638
217	1974-07-22	11	34	962
226	1940-09-03	2	27	43
299	2020-07-16	13	42	48
299	1970-09-11	25	87	1888
226	1941-07-29	25	51	324
277	1946-03-09	38	100	878
286	1964-10-12	38	4	1341
202	1971-02-16	39	92	1114
215	2005-01-20	9	1	586
249	1972-06-05	-5	88	135
239	1994-05-16	-3	94	653
298	1942-12-11	-10	82	1638
216	2019-07-04	39	85	873
230	1950-11-23	34	72	1660
251	1953-07-06	23	28	1853
288	1950-06-04	7	84	785
259	1961-07-23	16	61	894
283	1948-08-16	3	48	229
233	1941-04-07	-7	41	981
270	1953-06-09	1	87	1805
230	2001-06-14	28	74	1934
257	1987-02-14	-7	86	1105
265	2019-03-14	16	32	866
286	1984-02-07	0	61	1067
225	1944-10-13	37	29	1147
228	1952-02-10	-9	79	1099
231	2013-09-16	2	63	1500
244	1988-01-12	32	90	570
298	1965-01-21	17	26	1484
269	1993-05-28	33	12	1470
277	1998-03-19	28	47	1875
244	1947-02-18	-14	9	911
226	1975-10-03	-7	23	1507
266	2016-03-04	14	93	1187
247	2019-12-11	27	70	448
284	1949-05-30	17	56	1328
257	2006-10-16	-8	67	1245
249	2009-08-03	-11	92	1865
216	1962-04-28	4	25	1060
275	1962-11-27	-15	6	193
239	1980-12-30	17	26	676
232	2011-10-30	-13	65	1515
221	1962-09-12	6	15	450
258	1967-03-03	26	70	940
280	1973-02-18	26	30	1215
202	2012-01-30	37	31	1402
264	1972-07-27	23	77	25
236	1988-12-20	-3	37	1195
220	2004-10-06	18	51	974
299	1976-12-01	15	15	1337
203	2014-12-26	-13	52	267
265	1960-04-21	42	69	1623
253	1962-01-30	13	92	133
290	1960-10-20	4	51	1644
246	2016-11-09	31	62	284
229	1973-06-26	35	39	1971
278	1986-10-11	36	31	1066
202	1967-11-11	-14	87	616
