245	1993-12-01	-10	37	707
295	1966-06-09	29	31	1349
290	2012-08-15	28	86	1867
288	1967-07-07	-9	23	41
206	1948-02-14	34	68	1872
287	1988-11-04	34	50	742
221	1992-02-27	28	86	1411
282	2006-03-07	8	73	1677
210	1999-10-28	-7	7	87
222	1956-07-31	36	60	44
285	1952-11-06	13	79	599
225	1979-11-07	8	38	917
289	1950-02-05	4	81	104
258	2009-03-12	24	93	1839
223	1970-08-05	27	64	1217
296	1943-04-03	1	59	1615
283	1999-12-02	42	51	1017
236	1997-01-24	28	74	1132
257	1974-10-05	41	81	281
250	1961-03-06	27	25	573
227	1998-10-14	0	90	452
287	2014-02-16	1	66	402
230	1967-12-15	15	83	1695
294	1952-03-05	-13	8	1222
246	1949-11-24	38	17	590
254	1966-11-02	35	81	404
261	1975-07-05	35	56	1487
291	1968-09-21	-8	87	1646
284	1975-04-02	10	65	744
218	1956-08-27	28	92	134
235	2017-08-04	-15	37	1155
257	1967-05-29	39	18	798
247	1970-12-10	19	100	322
280	2004-07-08	-6	43	296
245	2005-10-10	40	95	1663
207	2013-05-17	11	33	469
203	1975-05-14	9	69	1485
297	2020-07-13	4	54	815
292	1953-06-02	-13	42	1029
244	1972-04-04	-8	3	677
248	1994-05-22	13	62	47
213	1952-07-15	35	74	1451
238	1959-01-08	-10	19	1968
202	1973-10-27	-3	79	1672
297	2003-08-27	38	18	835
255	1999-01-11	10	69	1116
267	1997-01-25	-11	64	751
248	1942-04-14	13	3	1826
238	1968-02-05	3	40	888
206	1983-05-07	3	13	1150
273	2015-12-12	-12	66	1777
215	1958-03-26	6	42	97
270	1955-04-25	23	28	703
232	1992-10-01	24	38	333
290	1941-01-28	28	80	614
269	1950-05-28	-10	10	1361
212	1969-08-22	21	15	142
266	1948-12-11	-14	23	947
285	2002-10-10	6	1	1873
240	1956-08-22	-2	99	426
256	2019-09-17	18	37	551
287	1940-08-23	4	92	1334
290	1973-05-29	29	38	1502
236	1967-03-08	34	30	845
213	2001-01-13	39	7	537
241	1950-02-10	-10	14	131
230	1952-03-19	7	52	1560
261	2002-05-03	29	47	20
271	2018-10-26	14	16	1926
235	2015-07-06	-10	79	516
219	1967-10-05	39	39	1475
224	1950-10-09	-15	10	1268
266	1976-09-27	-9	65	1587
299	1975-01-25	39	47	1011
299	1995-01-21	32	55	1522
259	1944-08-12	10	97	672
284	1984-03-26	30	96	149
270	1980-09-16	2	53	585
267	1964-04-12	1	15	1679
291	2006-03-24	6	9	1086
247	1994-09-19	20	99	392
273	2004-08-23	15	83	581
253	1980-06-17	22	20	1110
240	1946-03-10	26	76	659
241	1950-05-02	35	26	82
232	1983-10-04	-5	70	743
300	1949-04-19	25	84	1642
248	1997-02-16	1	81	12
205	2004-06-09	18	26	1329
224	1986-11-29	35	40	423
239	1986-09-19	39	59	1413
229	1999-02-13	2	37	38
274	1987-04-29	24	39	837
286	1943-11-29	24	77	1198
231	1944-08-29	16	0	225
222	2009-07-05	39	6	1863
221	1945-03-13	-13	60	1414
219	1963-01-24	9	8	1220
297	1954-10-11	1	43	393
259	1953-10-22	-7	63	1852
299	1992-06-09	2	0	506
247	2009-10-05	-13	76	1576
278	1949-08-16	15	19	1861
264	1958-09-01	33	76	71
266	1979-06-26	15	36	1350
218	2002-01-07	-8	7	1077
242	1968-07-22	-15	1	906
246	1941-10-27	19	34	1235
211	2010-04-26	-12	31	478
277	1988-08-08	3	56	1014
216	1968-01-29	39	16	1285
248	1982-02-17	4	27	1176
243	1977-03-28	10	47	716
204	1999-10-26	35	0	270
247	1973-05-03	30	76	346
271	1940-02-13	35	63	843
234	2008-04-16	-12	2	1434
289	1992-06-13	36	5	1208
252	1949-02-23	-3	0	1277
271	1988-02-03	38	55	345
212	1992-03-13	-15	58	825
239	1951-10-21	21	31	1629
295	1984-10-04	9	95	253
284	1946-06-20	16	43	1926
210	1967-11-15	3	45	1010
254	1986-02-08	-11	37	154
229	2019-03-22	34	29	1387
271	2005-04-25	21	15	1699
272	1957-06-25	-10	86	1245
211	1982-06-06	20	9	1523
272	1956-06-20	25	7	477
206	1965-04-25	6	77	1808
242	2017-09-12	10	45	390
213	2014-01-18	41	8	176
272	1951-03-02	35	85	13
215	1987-12-14	25	20	1453
276	1960-11-28	1	52	535
276	1978-04-21	26	54	154
224	1974-06-18	-1	95	1085
212	1989-05-13	-7	62	838
272	2012-07-19	10	9	853
263	1947-07-30	29	93	859
206	2003-12-01	38	71	1023
232	1968-05-18	35	69	1220
286	1999-03-18	-9	100	1602
234	1940-11-29	11	82	703
269	1959-07-02	12	15	1599
219	1947-10-24	26	81	1512
241	1953-07-29	28	32	1896
280	1962-06-05	30	4	1699
254	1954-10-17	37	55	773
259	1985-12-12	0	91	1253
220	2013-02-23	33	96	1888
292	1992-07-30	36	54	806
206	1962-04-22	10	49	987
263	1959-06-12	3	97	1080
238	1955-04-11	28	1	1409
223	2000-12-10	29	73	1385
203	1987-09-13	-5	62	1523
242	1942-03-18	-8	19	1201
269	1975-12-07	-4	13	600
227	1980-02-02	35	57	1724
251	1997-09-03	0	48	370
258	1964-01-08	9	28	196
257	2009-02-13	0	86	1670
246	1993-02-06	5	78	1094
246	2005-08-31	-13	24	837
297	1958-04-10	37	22	1698
222	1971-05-17	-10	51	484
286	2017-12-02	38	48	425
252	1971-02-05	18	77	1051
262	1981-07-16	3	58	1112
244	1987-08-27	22	61	733
231	2008-03-20	16	59	93
275	1994-11-02	40	52	1285
263	1953-08-30	7	87	1068
240	1952-01-05	-6	55	1737
278	1973-06-17	8	19	153
293	1977-09-12	25	44	943
208	1996-12-07	-5	79	1827
298	1965-09-13	5	48	1154
214	1951-12-28	-13	93	434
298	1975-01-21	-6	23	1384
272	2004-05-03	-13	73	1186
263	1943-11-14	-15	81	1132
300	2004-09-21	27	47	70
279	1978-07-02	24	91	1615
210	1962-10-11	20	10	168
243	1980-10-31	15	79	1929
263	2015-07-29	-11	9	1953
233	1950-07-05	-14	91	1895
215	1996-06-10	4	37	758
270	1978-08-30	14	51	531
269	1985-01-18	25	20	39
220	1980-01-22	-9	56	800
260	1950-08-02	22	42	593
257	1999-10-28	42	32	1623
263	2005-10-30	-6	39	903
251	1963-08-19	3	85	1185
293	1967-02-19	24	6	99
214	2003-02-13	-11	69	393
218	1967-02-07	19	46	866
275	1968-10-16	7	11	497
290	2014-02-12	30	10	1902
276	1960-10-09	18	27	863
261	2001-05-01	-8	80	670
288	1945-05-08	-7	36	1508
268	2015-07-31	24	70	772
224	1979-03-30	2	45	347
209	2012-07-15	0	37	1519
213	2010-05-29	28	61	1220
290	1946-08-12	-15	57	1844
206	1978-09-22	-1	58	1168
262	1989-03-17	10	24	820
257	1953-06-13	0	38	963
289	1968-03-13	8	53	175
233	1971-01-15	41	59	1750
229	1983-04-04	-6	77	898
285	1946-06-26	18	35	1579
211	1950-12-07	37	78	398
209	1954-02-11	-4	77	1167
259	1961-06-29	41	100	1444
258	1956-04-18	-13	22	1500
204	1946-02-08	29	27	752
276	1989-12-24	3	88	1281
232	2012-03-16	3	33	251
