265	1954-01-23	23	24	1056
203	1989-08-13	10	72	1911
235	2019-05-07	20	0	1166
286	1972-12-16	12	76	1049
293	1942-05-29	39	71	1238
245	1972-02-27	19	74	104
300	1957-04-23	6	98	81
218	2001-08-17	33	71	1090
286	1979-01-08	39	7	808
228	1988-03-24	35	87	523
268	1965-01-13	17	41	1088
206	1946-03-15	37	32	1236
270	1991-09-26	-11	74	107
214	1955-01-11	-8	62	614
290	1977-03-26	-10	66	590
208	1975-02-11	41	18	748
228	1970-12-22	21	64	1200
258	1969-11-12	37	17	1862
246	1963-12-09	4	21	1201
299	2020-02-22	14	72	337
201	1984-07-21	33	73	536
282	1982-11-05	40	66	342
227	1995-02-26	9	60	1877
218	1984-12-15	11	14	144
266	1964-08-27	-5	97	1240
257	2016-05-30	-5	98	71
234	2020-03-11	24	42	1165
296	1964-04-21	-7	80	717
239	1967-07-13	18	51	175
272	1952-12-08	5	1	1991
258	2001-04-03	6	35	1950
289	1949-07-18	17	58	834
215	1987-03-03	23	79	1497
249	2007-01-04	20	10	1189
229	2006-08-05	4	82	37
299	1972-12-31	-7	73	333
259	1944-08-20	10	20	1824
298	1980-10-16	30	77	557
202	1983-03-01	1	52	1634
277	2007-06-29	22	29	664
211	2011-08-28	-3	9	1712
263	2014-06-03	-9	71	395
264	1951-11-19	-4	45	587
254	2008-03-06	32	67	640
222	1993-02-25	21	33	1617
245	1957-07-17	-8	48	1328
214	1971-12-21	6	25	1811
245	1995-01-29	9	1	1615
225	2020-01-27	1	38	25
282	1964-11-30	22	31	807
237	1977-06-07	18	79	1673
241	1997-01-10	-3	73	36
221	1948-04-27	31	17	1712
202	1999-04-14	7	62	1587
237	1956-09-28	18	74	1342
221	1967-09-12	-1	100	1189
259	1976-12-16	3	45	1137
230	1994-11-04	17	94	26
209	1955-08-07	-9	12	1251
237	2010-11-09	7	57	1535
274	1994-11-20	10	69	82
276	1953-09-28	8	36	1309
241	1961-02-20	-4	11	942
234	1942-12-01	33	4	1822
212	1993-05-06	13	28	1303
251	1998-06-27	38	48	1930
252	1950-01-20	12	28	1091
258	1954-03-24	12	49	1838
213	1973-05-14	27	75	1826
298	1943-11-25	31	69	828
256	2008-11-06	30	22	1294
238	1944-05-10	19	3	58
224	1950-07-30	42	16	1546
238	1963-06-30	15	40	1555
250	1996-05-02	-11	28	682
219	1976-04-25	-15	53	785
202	1985-11-01	2	59	1137
270	2015-09-11	19	78	1699
266	1962-06-08	0	27	323
285	2008-07-25	8	8	727
277	2011-10-05	7	17	365
211	1985-11-01	39	84	1193
268	1961-02-23	33	95	1503
230	1969-06-07	-3	69	557
286	1995-01-23	12	85	514
211	1944-07-15	10	13	1822
202	1987-09-02	24	59	1835
295	2010-01-23	9	6	1761
288	2004-04-28	-2	63	400
242	2007-11-29	-12	56	1709
223	1960-04-29	-11	97	342
210	1993-10-19	-3	2	1374
300	1996-08-16	31	56	1574
297	1980-01-29	35	66	1780
231	1952-01-25	15	35	1617
284	2004-09-28	15	73	404
282	1989-09-12	-6	38	864
270	2017-04-15	13	80	454
202	2002-09-22	-13	1	940
235	1955-11-04	35	23	890
277	1940-02-19	-10	84	277
277	2018-12-03	3	95	684
201	1941-09-03	8	40	1537
261	1960-06-20	26	89	1658
273	1949-11-01	-14	8	1843
295	1993-02-25	2	51	55
226	1957-08-20	10	72	714
261	2011-11-13	41	53	113
210	1976-09-10	-11	51	1955
294	2000-12-01	18	0	617
275	1954-12-05	5	64	565
241	2013-04-09	-4	4	1928
213	1980-01-16	23	98	360
271	1995-05-06	23	50	55
289	2008-08-07	-7	0	1475
282	1996-12-09	17	10	1496
272	2010-10-11	25	0	145
222	1974-01-30	-4	68	1490
241	1959-01-08	5	59	1970
249	2020-04-08	32	37	282
259	2007-11-30	-7	18	381
285	1945-12-25	22	97	1237
203	1995-12-27	-11	71	729
229	2017-01-09	8	84	782
206	1983-07-11	39	2	535
206	2009-11-22	21	52	1689
203	2010-07-06	30	63	1007
214	1969-02-03	4	99	897
224	1947-03-24	-13	14	166
267	1978-04-16	27	50	1312
244	1942-04-15	2	31	525
291	1962-05-30	0	0	1431
288	1998-09-26	19	99	1968
273	1979-06-27	42	60	810
287	2003-05-26	23	62	1871
278	1991-06-05	-14	58	808
248	2005-05-29	26	93	1669
205	2007-11-03	25	100	1852
268	1971-01-11	29	20	444
211	2004-08-23	7	73	1403
292	1977-11-10	9	41	289
287	1980-03-08	1	51	150
265	1947-03-03	34	47	1426
261	1983-12-29	32	25	1305
212	2012-08-14	16	71	507
