271	1985-05-09	31	7	230
213	1966-02-05	22	50	984
245	1986-02-15	39	47	585
259	2011-05-10	40	16	1017
270	2014-02-17	25	89	1818
232	1998-10-27	33	27	484
257	1964-08-12	26	44	1525
210	1965-09-25	-15	18	320
216	1995-11-26	-7	71	1487
269	2005-03-22	15	57	1487
262	1967-07-15	21	43	1969
248	2007-02-16	3	69	612
255	1945-02-22	-8	18	847
260	1965-05-29	30	4	1129
275	1944-12-07	17	25	1039
227	1959-12-19	-1	85	739
213	1966-11-07	16	13	959
217	1946-03-28	-6	91	1394
279	1996-02-05	31	80	1987
281	1961-10-20	40	54	693
247	1978-08-21	8	83	419
293	1978-09-21	23	73	196
234	2017-06-02	-15	1	633
254	1949-07-27	29	100	417
255	1995-07-13	-6	2	772
287	1980-09-01	6	47	281
254	1994-03-13	4	81	925
247	2007-01-18	5	44	321
249	1981-05-15	9	8	352
294	1944-11-14	-7	23	316
265	1996-09-16	12	71	392
288	1993-01-13	12	83	1015
207	2000-05-02	22	59	234
259	2008-06-13	30	36	652
260	1944-05-06	4	42	2
281	1995-10-16	37	22	917
223	2005-12-23	23	67	7
212	2005-06-26	-1	17	191
230	1981-12-06	41	7	1448
234	1971-10-22	25	54	1386
263	1950-06-18	-15	58	1876
239	2012-11-29	15	11	1104
252	2009-06-01	3	89	503
275	1959-08-10	35	32	818
228	2005-12-15	41	28	569
294	1992-07-02	11	90	1625
229	1957-01-04	13	38	594
224	2017-11-06	-2	3	1010
259	1966-12-08	5	51	1087
258	1965-03-15	-2	1	578
236	1956-11-29	13	30	1577
244	2018-10-27	26	29	1408
262	1940-11-23	35	57	1868
271	1999-06-19	27	49	25
295	1953-11-06	5	91	189
203	1985-05-28	10	3	1736
202	1973-08-29	-9	18	943
265	1950-09-23	14	42	1419
249	1981-02-16	14	54	523
211	2019-06-13	2	10	540
271	1970-09-23	24	87	1673
299	2000-07-17	-13	86	1037
214	2010-05-12	25	38	1001
289	2003-06-06	22	17	697
203	1997-10-28	12	3	1607
265	1963-09-06	14	90	112
214	1968-08-13	30	97	27
201	1962-04-01	25	60	680
258	2003-07-06	42	79	1315
285	2018-11-12	22	12	758
289	1991-08-30	28	84	480
275	1951-06-10	-7	82	1885
270	1941-03-18	-1	16	285
258	2000-04-16	40	68	728
216	1995-05-23	26	9	1664
296	2001-11-24	3	24	1402
217	1999-02-11	15	89	1278
248	2011-10-02	2	12	1579
247	1980-01-12	11	27	1979
292	1966-09-28	9	1	498
251	2011-07-22	5	89	1263
281	1969-06-17	19	67	1319
264	1948-12-06	14	57	1407
247	1965-12-26	-6	29	121
288	1945-04-01	28	14	217
261	1994-04-20	13	59	629
266	2019-04-03	6	23	1987
233	1994-03-01	28	75	1295
208	2005-10-07	8	74	1787
298	1954-04-07	31	11	1946
273	1947-04-06	-13	94	997
284	2020-07-12	32	15	1732
293	1962-08-04	0	70	520
225	1955-10-23	36	41	1058
256	2016-06-20	33	58	54
289	1972-11-22	13	6	313
202	1952-12-14	5	39	928
239	1958-03-19	41	14	1903
260	1974-02-05	2	61	163
270	1993-11-25	-10	82	1509
213	1949-02-09	-10	43	415
256	1950-11-14	26	24	1808
227	1983-12-19	-5	95	1447
256	1967-05-17	-3	70	603
242	2013-02-11	40	49	981
300	1979-05-30	18	90	1982
243	2019-07-23	30	97	1888
218	1956-12-23	42	75	688
244	1953-11-03	18	86	614
206	1983-02-21	34	90	1951
245	1989-09-27	12	24	1255
295	2004-05-29	6	100	1987
274	2018-12-15	20	2	1681
213	1989-01-20	23	7	621
232	1993-09-15	1	4	1938
294	2019-12-17	-14	100	1390
254	1943-04-21	-1	1	1650
260	1953-10-03	26	88	579
272	1954-12-03	-9	0	919
294	1994-05-03	34	76	216
262	1978-02-09	-4	9	125
266	2009-03-25	5	67	440
212	1943-08-09	4	1	842
204	1948-09-17	-13	54	1486
242	1958-12-24	-6	20	1054
210	1977-05-10	-5	52	1162
201	1980-05-10	34	61	546
246	1985-11-13	16	54	1209
232	1983-09-29	33	50	1907
285	2014-09-03	-4	59	1706
259	1970-01-16	2	34	1120
263	2004-11-06	-3	28	1100
293	1971-11-26	32	30	356
201	2012-09-07	18	93	534
299	2006-05-21	14	41	28
220	2008-02-15	4	46	1245
264	1960-09-19	2	7	1520
207	1968-12-25	35	51	83
288	1948-09-09	9	54	843
299	1979-09-24	33	72	1321
244	2002-06-04	41	58	1370
276	1991-06-07	-9	10	666
234	1942-12-08	31	80	436
272	1995-02-17	-8	1	472
264	1969-07-05	26	57	1785
253	1979-07-05	36	94	1730
239	2001-04-14	6	49	1275
298	1990-01-04	7	48	1237
263	1985-07-06	41	30	1232
248	1997-02-26	20	60	1641
275	1948-01-28	2	0	530
288	1957-09-28	29	88	270
201	1963-12-01	32	60	820
246	2019-10-28	32	76	730
203	1960-11-07	-13	9	641
256	2000-03-21	36	98	1399
284	1995-07-29	16	94	1836
250	1972-03-06	12	72	124
247	2004-01-10	40	55	1948
221	1959-08-13	17	59	1125
202	1983-07-31	-6	32	961
233	1950-10-10	16	25	159
204	1954-06-25	19	98	1755
214	1996-04-24	31	33	1879
281	1974-06-19	34	92	604
248	2013-05-01	6	93	1316
299	1973-09-08	18	5	836
257	2005-09-08	14	43	1046
280	1978-10-16	27	29	349
226	1962-02-03	7	34	1530
278	1998-05-30	38	96	472
237	1948-11-14	12	52	1923
248	1983-05-03	2	64	511
213	2015-04-25	11	89	343
248	2017-08-14	31	83	1741
253	1951-05-28	3	4	1566
276	1987-06-12	1	77	928
209	1985-05-10	-1	21	1819
223	2003-11-22	11	26	1331
271	2014-02-15	27	49	1630
289	1969-04-11	36	57	386
219	1956-11-19	-11	8	560
293	1967-07-15	35	98	595
233	1976-12-31	38	41	727
208	1995-05-01	30	57	689
223	1964-11-22	-8	36	1267
284	1960-05-16	14	0	21
239	1993-01-23	36	44	540
281	1989-03-16	23	99	287
277	1967-06-06	7	82	390
211	1993-04-19	25	32	1133
269	2009-06-11	25	76	675
287	1997-02-28	27	43	339
227	2003-02-26	13	11	1998
285	2013-10-18	39	27	222
229	1979-11-18	5	47	152
259	1973-09-09	39	12	733
223	1995-01-25	21	81	367
275	1943-04-08	32	30	1838
244	1994-12-18	-10	54	1818
232	2010-04-15	38	40	1819
279	1973-03-23	-12	37	1328
269	2001-02-01	26	16	1525
212	1998-03-06	17	57	278
214	1966-04-05	12	32	1656
264	2010-12-27	40	20	736
232	2014-09-24	40	34	1201
271	1968-06-26	13	56	471
285	1985-05-17	13	15	415
244	2001-10-29	23	64	320
252	1971-07-25	15	64	355
299	1964-03-14	-5	67	286
232	1999-06-03	32	20	1643
277	1995-04-16	22	86	105
272	1945-03-03	-7	58	613
292	1942-11-27	-15	96	502
211	2005-01-14	-11	42	1397
219	2002-10-06	37	16	660
244	1948-12-20	36	25	352
217	1968-11-01	4	49	1539
273	1968-06-30	34	6	1271
265	2014-10-18	19	38	15
287	1945-12-16	29	69	413
256	1955-09-17	26	28	1697
229	2011-03-20	40	4	1167
206	2005-02-05	-8	69	1119
298	1991-02-25	0	21	1917
266	1974-03-10	9	19	1854
265	1999-05-30	31	73	1819
203	2007-12-10	-12	90	848
251	1963-01-01	39	94	23
268	1963-04-27	40	57	1257
261	1989-10-17	-11	20	358
291	2014-09-11	11	73	1198
253	1958-03-19	7	4	1396
281	2006-02-27	35	60	138
228	1983-06-18	3	12	860
209	1978-07-15	34	91	430
256	1965-08-21	33	86	429
258	1963-08-10	-7	29	80
233	1959-09-06	-8	53	409
211	1952-02-15	-11	6	1884
292	1998-03-11	14	69	854
268	2015-01-29	22	29	1884
219	2009-02-09	4	91	874
280	1950-04-05	18	72	977
223	2007-01-29	27	50	1635
256	1970-04-27	28	66	928
287	1996-12-30	24	89	1161
282	1945-09-12	11	23	213
222	1984-04-08	35	31	912
236	2005-08-19	15	35	84
248	1981-11-20	-11	3	1100
295	2019-08-22	-10	29	179
215	2003-05-15	39	39	1997
240	1992-07-18	-4	13	600
272	1999-04-21	27	64	279
252	1940-03-08	28	51	516
253	2000-03-22	32	85	1079
213	1969-08-15	7	71	1499
285	1964-06-30	1	100	812
215	1942-05-21	2	74	1296
215	1942-07-30	12	95	1803
289	1972-01-15	33	35	249
230	1941-10-20	1	10	492
276	1950-08-19	22	37	1650
