276	1969-01-21	13	28	285
238	1962-12-30	2	43	1234
276	1985-11-20	19	94	1184
215	2000-07-20	16	76	301
287	1949-07-31	29	93	1712
248	1972-06-20	-4	78	1687
277	1985-06-02	39	28	305
243	1958-08-09	39	30	1674
253	1962-09-06	-2	0	1996
265	2015-03-18	3	14	1886
298	1959-05-06	-15	54	1854
284	1965-04-08	37	44	1074
211	1973-12-05	24	0	1070
256	1959-04-01	15	81	214
209	1948-01-04	-15	53	1013
274	1980-03-08	21	28	1478
249	2020-07-08	41	16	588
224	1943-12-03	35	52	609
251	1993-06-04	0	18	180
289	1986-11-02	13	7	1872
296	1969-04-11	36	88	225
294	2000-10-14	12	59	1736
298	2017-10-18	23	88	423
282	1985-05-20	36	89	1491
298	2003-09-29	-9	43	1251
279	1954-08-21	36	80	835
299	1985-07-06	0	61	594
249	2018-11-11	-3	57	81
287	1955-09-08	-13	18	1710
254	1971-07-06	29	88	1851
277	1990-03-11	10	27	1426
219	2005-04-07	-9	79	1144
262	1992-03-11	2	5	1905
238	1976-03-29	11	32	1424
211	1994-01-19	19	45	860
293	1989-04-06	12	33	841
261	1975-09-11	27	36	923
257	1997-08-06	-4	46	1450
249	1968-11-23	17	1	47
220	2005-03-25	13	99	1790
212	1979-08-12	42	17	730
231	1947-05-02	3	91	1454
216	1987-10-24	12	86	90
243	1981-04-07	8	48	141
273	1997-03-14	22	80	982
219	1959-04-19	-5	3	1759
291	1979-12-05	6	1	1290
264	1974-07-21	11	85	1797
262	1986-12-18	35	0	1002
280	1986-10-06	7	13	483
248	1960-08-21	-10	64	714
270	1970-04-10	7	63	1463
239	1992-06-19	29	58	82
249	1964-05-17	6	72	496
230	1951-10-26	33	29	1053
294	2000-09-19	26	24	805
295	1996-05-22	31	17	1424
268	2002-12-01	31	41	635
266	1952-08-06	-14	10	1119
236	1966-11-21	23	58	1553
207	1955-12-17	10	72	973
298	1958-05-30	42	3	291
234	1961-07-15	-8	96	1849
260	1995-10-31	34	53	16
220	2000-12-23	-6	19	434
244	1981-06-09	-1	26	747
230	1959-09-09	0	6	1882
225	2018-10-16	15	6	255
270	2014-08-23	28	25	343
208	1943-09-09	27	83	693
244	1983-12-27	21	61	1847
270	1964-05-10	29	70	1814
245	1940-11-18	26	63	1088
300	2005-05-08	35	96	1024
215	1964-05-10	36	26	138
232	1998-10-26	4	65	629
236	2017-10-29	23	75	1428
292	1968-09-22	-1	52	1662
235	1983-01-06	26	28	1098
276	1976-12-27	-5	84	1320
216	1982-02-07	41	31	963
256	1963-05-04	-4	28	129
222	1941-08-21	10	56	1269
269	1956-09-22	35	85	1458
252	1982-02-02	-11	73	729
223	1963-08-09	-15	84	1104
218	2003-06-11	23	10	1448
297	1969-11-08	17	67	1358
245	1966-12-02	-15	82	271
230	1999-01-22	-10	98	1366
238	1994-01-30	42	64	1705
243	1954-05-05	32	61	1332
263	2019-06-30	22	25	324
297	1982-04-24	33	96	1750
240	1945-11-10	22	46	887
270	2012-12-06	39	82	946
213	1962-09-20	23	43	1466
242	1972-11-28	1	13	1178
223	1974-07-28	14	68	1966
253	1986-12-25	-8	45	61
271	1946-03-28	-6	81	1466
264	2004-01-29	29	100	836
278	1954-10-24	17	17	1226
261	1993-05-12	-10	87	568
296	1942-03-05	25	40	115
262	2000-12-20	-10	40	1507
259	1956-10-07	-6	58	285
291	1990-01-16	4	70	1103
293	1971-06-16	21	37	148
279	2007-09-23	23	77	1029
227	1981-03-18	-5	4	1584
245	2007-11-08	35	15	581
206	1944-09-07	33	97	1935
284	1980-06-27	36	18	463
285	1965-07-22	35	3	1503
235	2007-04-30	39	21	1830
269	1970-04-21	3	4	842
255	2014-11-19	22	29	1123
266	1959-03-27	29	86	358
202	2006-06-18	-14	82	1779
230	2019-08-17	1	13	1055
227	2008-03-29	-14	47	1383
255	1984-04-30	23	31	1850
252	1977-04-08	9	69	1048
212	1948-02-08	-6	31	740
211	1944-01-24	5	29	1986
236	1973-10-04	37	52	1267
268	2003-08-06	34	31	1711
216	1966-04-17	-5	76	755
224	2014-05-04	16	1	335
217	2011-08-30	14	80	422
259	1946-11-21	15	97	482
274	1974-04-14	14	69	338
267	1997-07-06	-4	25	249
278	1975-06-12	15	53	1297
254	1954-09-25	19	82	1399
296	1985-12-13	9	21	1329
221	2000-11-14	42	12	759
284	1979-08-23	10	30	423
290	2017-02-11	11	60	126
290	1960-03-17	2	17	695
223	2016-09-04	38	9	1095
207	2006-09-14	25	78	1021
227	1970-02-02	10	36	1491
216	1945-03-19	19	77	1073
232	1942-04-29	-9	82	1954
287	1980-12-01	15	84	391
248	1967-08-17	-5	98	1589
259	1985-11-26	30	41	931
207	2008-12-27	31	38	299
256	1946-11-14	36	68	1243
223	1982-03-08	15	30	262
206	1947-11-10	13	78	166
210	1959-12-04	22	39	1324
297	1948-07-10	-9	7	1392
290	1973-05-10	21	12	1090
256	1990-10-14	32	6	139
231	1943-08-15	11	86	1176
214	1954-03-01	-7	7	1898
203	1995-07-29	-10	13	937
213	2009-11-10	24	23	303
204	1989-11-30	19	21	861
257	1981-08-14	36	72	805
256	1955-08-24	8	69	419
291	1964-09-24	26	9	912
294	1994-05-27	-12	62	865
248	1959-07-05	6	67	475
216	1960-11-01	13	1	1284
294	1991-01-02	19	63	1699
243	1947-01-30	14	9	980
258	1960-04-07	32	66	1080
264	1949-04-12	30	46	880
267	1984-12-07	19	19	1743
262	1960-12-23	16	55	1298
217	1947-10-17	-9	35	226
298	1985-07-11	-11	73	1281
263	1971-07-18	9	53	1978
207	1971-10-08	-5	0	184
257	2005-10-16	26	20	1106
221	1953-07-05	-12	74	1055
254	2004-09-20	9	43	1500
257	1999-08-01	3	74	1584
257	1963-12-16	25	58	1824
219	2013-05-07	-8	79	1997
267	2001-04-29	34	0	296
239	1990-10-09	6	73	1761
244	2013-05-03	8	82	1688
223	2015-01-08	6	3	871
296	1995-05-11	-6	45	1410
