242	2015-06-25	35	82	359
205	1990-05-01	13	25	1880
265	1968-08-06	23	1	1190
203	1969-12-10	-13	27	925
214	1989-10-05	20	97	101
214	2020-05-04	-7	6	379
294	1950-01-24	31	45	1510
292	1979-01-09	22	51	1
236	1967-10-31	29	19	72
240	1969-07-12	0	37	1778
231	1952-09-11	11	43	645
217	1966-12-19	-11	52	1001
249	1975-07-30	31	79	312
293	1951-12-04	20	54	1307
212	1965-07-12	41	13	1784
292	2008-01-22	39	63	640
285	1960-09-28	13	92	1008
238	1947-10-08	29	27	1100
280	2012-11-08	-7	11	1012
231	1980-09-12	26	94	1977
252	1947-08-18	29	79	1260
241	1946-07-06	9	85	286
258	1984-09-20	16	83	1405
215	2008-11-19	30	81	1333
216	1990-06-24	12	29	72
212	1981-06-22	32	14	1766
267	2006-10-09	20	19	1963
227	1949-04-15	9	11	1230
228	1966-11-30	36	19	190
226	1959-05-29	9	56	641
271	1987-09-13	23	23	1079
244	1957-06-10	36	75	1409
241	1946-02-26	8	66	1545
264	1977-05-18	37	13	1680
256	1966-09-14	9	39	1215
210	1987-10-12	5	27	729
250	1979-10-12	28	63	602
294	2015-05-24	-13	11	1049
209	2008-09-26	-12	100	1952
269	1982-08-10	22	57	562
220	1981-11-25	6	55	1628
271	1971-08-09	21	83	116
248	2002-11-15	29	16	880
250	2013-03-29	15	19	566
237	2002-04-30	-5	50	1439
231	1977-07-21	-3	60	137
271	1992-10-23	-2	20	839
236	1961-01-14	30	78	349
220	1978-10-31	17	72	582
229	1956-09-14	5	15	563
231	1940-12-27	35	56	270
257	1952-04-13	6	44	1024
269	1989-11-20	-15	1	281
294	1966-12-03	19	44	6
211	1952-02-20	8	27	654
293	1962-08-30	21	54	1812
277	1983-02-16	4	48	602
300	2014-02-06	-13	96	1949
272	2012-12-12	-6	78	565
235	1963-03-18	-8	49	603
280	1951-03-29	-11	26	1530
268	1981-07-31	25	50	1761
233	1944-10-07	39	34	1206
276	1991-12-20	40	33	1746
244	1951-04-03	2	30	1284
264	1956-09-19	41	32	1295
279	1940-06-09	27	64	1725
280	1951-08-22	32	30	1425
219	1972-08-18	32	59	31
276	1983-09-08	2	71	1570
233	1969-11-06	9	94	1397
251	2013-08-26	1	59	1650
291	1957-10-10	14	72	1938
243	1954-07-15	-5	86	992
244	1948-09-20	34	95	1532
248	1995-02-05	10	60	940
296	1963-04-15	-2	19	1644
265	1996-04-24	16	7	642
206	1971-11-15	37	68	99
228	1947-09-12	26	4	1976
259	1995-08-11	-11	5	413
292	2011-01-27	6	51	1868
261	2020-08-11	1	89	114
262	1980-10-27	1	64	1885
266	1943-09-13	28	70	1949
234	1981-05-21	-2	23	1810
259	1946-09-07	14	27	585
280	1971-01-01	26	100	1241
224	1947-10-11	39	84	1724
231	2019-10-01	-5	19	774
228	1988-12-24	11	19	291
278	1997-03-11	18	41	1243
252	2002-10-11	11	54	1313
225	1975-05-24	-11	40	1224
219	1966-11-29	35	63	1564
291	1992-06-14	-8	84	1453
259	1986-04-30	10	96	1635
207	1947-10-22	10	83	1407
231	1952-11-22	10	66	1292
215	1994-11-06	36	49	236
261	1952-05-28	1	89	1511
238	1942-04-09	-11	20	925
282	1963-12-05	-7	100	272
292	1943-04-12	-5	36	373
261	2001-08-26	-10	32	38
228	2002-02-02	30	66	145
248	1972-06-14	13	52	907
216	1943-03-23	33	18	400
267	1997-01-03	30	20	1463
298	1966-09-16	1	58	249
239	2012-01-07	-4	66	226
225	1980-04-11	41	70	877
259	1949-03-18	10	95	1397
221	1958-07-12	24	62	1737
246	1996-08-11	-14	99	947
206	1952-02-14	41	47	2
264	1963-05-15	27	60	1902
295	2010-07-12	11	35	1131
288	1972-02-10	0	17	1125
214	1985-03-20	3	18	448
277	1954-10-22	37	61	1439
211	1940-10-18	42	46	1192
280	1973-03-21	37	99	738
212	1995-08-18	-3	49	1237
269	1999-10-10	35	13	1958
279	1943-10-20	30	51	264
210	1956-02-16	-11	1	1710
220	1955-12-07	37	78	1776
252	2010-03-18	21	71	1847
228	2001-12-20	41	59	670
219	1976-11-21	11	4	1236
273	1969-12-09	7	67	1750
227	1985-12-06	-4	36	928
250	1992-11-24	34	40	434
261	1941-10-06	-13	25	131
284	1946-11-26	-15	40	1774
211	1976-08-02	24	25	1987
210	1950-12-13	-2	88	1764
297	1973-05-12	32	56	469
233	1974-03-30	40	46	955
226	2011-02-06	15	73	1848
277	1985-09-26	0	38	1204
222	1996-12-29	37	5	577
290	1993-04-20	0	39	278
268	2002-04-27	18	93	889
269	1953-01-22	7	45	114
205	1978-06-23	35	55	695
283	1974-01-22	23	32	1001
218	1989-11-30	18	8	1251
278	2019-12-19	30	23	1019
222	1980-08-23	13	62	1612
223	1971-01-18	21	48	50
285	1958-10-29	10	53	920
240	1952-08-31	30	17	75
219	2011-09-19	-4	1	1369
201	1996-04-02	42	44	279
251	2010-12-09	31	63	1555
