277	1987-01-01	-1	18	1192
289	2007-05-08	16	92	1584
229	2004-09-19	32	19	244
231	1953-03-24	17	23	1455
204	2000-04-01	-11	27	1647
271	1950-05-27	31	30	874
290	1950-05-01	40	58	1885
239	2003-02-23	25	18	672
260	2004-12-08	-15	95	417
253	1952-01-21	29	82	1029
287	1976-01-27	28	66	150
218	1965-11-14	29	46	24
295	1978-01-19	22	16	1778
219	1943-03-07	12	93	1256
297	1981-04-01	37	3	1692
215	2006-09-30	36	16	1530
269	1983-08-02	2	62	457
229	1997-07-06	27	67	1402
240	2012-03-18	16	92	65
244	2020-02-05	-3	41	593
288	1955-09-07	7	71	1320
289	1973-08-19	29	5	828
216	2003-06-27	21	65	274
263	1950-06-24	17	7	147
231	2004-10-11	31	39	16
219	1975-01-28	16	22	1344
294	2016-01-28	32	51	501
255	1947-12-06	30	71	660
234	1984-11-14	11	92	717
240	1984-07-19	39	21	174
291	1974-11-29	26	42	964
230	1951-01-17	-3	73	826
273	1965-08-11	-3	29	969
203	1984-03-08	-7	27	1201
289	1952-09-21	25	68	1252
214	1988-02-27	14	81	364
283	2019-06-24	34	63	1382
215	1980-11-21	3	5	293
287	1976-05-31	36	63	64
264	1999-06-11	-13	8	1028
275	2003-08-05	20	1	57
253	1986-12-21	18	89	1613
255	1985-07-13	8	24	1889
236	1988-01-31	29	18	186
243	1977-11-16	20	63	513
244	1979-08-13	5	32	134
286	1974-06-02	-8	52	680
255	1966-08-27	-6	41	1515
240	1989-07-12	38	76	1850
294	1949-10-14	36	77	15
228	2017-02-22	-1	42	594
295	1941-09-07	25	67	538
209	1949-03-03	-11	86	1857
268	1971-12-19	-15	81	1324
256	1946-02-25	-3	31	305
220	1984-11-21	-14	39	482
246	1960-01-07	-3	51	399
211	1945-05-23	35	69	1867
222	2000-06-10	-13	9	1736
281	2005-04-18	23	41	1279
201	2001-06-21	7	74	696
257	1976-06-02	-1	92	631
288	1969-02-28	39	19	824
216	1984-09-30	18	42	873
266	2011-04-01	3	34	1661
201	2005-10-03	42	17	1105
290	1944-05-12	22	77	132
257	1995-05-12	21	51	1987
204	1947-07-31	10	54	1100
203	1951-10-18	19	91	322
239	1945-01-07	42	75	23
212	2019-06-21	2	5	769
231	2012-07-05	6	35	933
252	1981-11-26	26	2	1947
279	1944-02-26	26	49	76
235	1975-05-23	10	44	1453
209	1970-03-08	13	62	33
272	2000-07-10	-4	12	801
297	2015-10-21	5	98	1182
241	1982-05-17	-8	95	137
208	1994-03-24	35	94	589
244	1991-12-28	14	44	278
232	1963-12-08	7	9	1475
240	1952-08-30	15	35	1168
281	1956-06-14	20	43	185
300	1941-02-22	3	14	1804
209	2015-02-14	6	93	1389
259	1997-12-02	10	88	1827
230	1973-03-31	14	39	1397
287	1953-01-29	-10	38	167
202	2007-09-16	41	71	874
228	1957-02-10	21	97	1137
214	1997-08-01	37	30	1145
255	1947-06-07	31	94	972
234	1942-04-30	7	18	629
271	1973-12-04	5	19	472
221	1941-01-11	10	63	219
254	2008-09-15	42	65	937
228	2009-05-01	23	56	1503
253	1971-01-10	37	40	381
290	1961-12-26	36	8	1791
241	1995-06-29	16	85	1417
277	1980-05-18	26	41	1068
246	1958-12-17	19	17	1253
245	2000-11-21	35	65	769
278	2004-12-12	8	31	1962
255	1982-11-21	-10	54	344
287	2018-12-24	-11	70	1632
252	1950-05-29	22	22	1780
286	1998-10-17	0	62	98
293	1983-04-04	27	83	709
222	1985-11-15	-12	0	1396
211	1960-06-30	20	17	1796
231	1970-09-03	24	52	1200
236	1961-11-06	-14	50	1544
231	1968-08-25	26	33	1579
272	2007-12-02	33	35	613
237	1986-06-13	28	80	1057
205	1999-04-06	-6	9	168
276	2009-03-27	39	59	1174
205	2004-01-26	-9	97	1040
292	1968-05-28	17	61	1092
256	2016-03-05	-13	38	1100
275	1992-11-07	-15	15	863
299	2002-08-27	-10	58	1865
278	1990-09-18	-11	42	394
225	2015-08-01	-15	1	17
241	2004-09-29	-5	16	1800
220	1943-08-12	-1	14	937
237	1960-11-02	4	86	1350
224	1976-01-26	40	69	1957
277	2011-01-12	1	46	1172
247	1978-04-08	16	53	1993
280	1965-06-24	-11	34	157
295	1963-09-10	28	67	480
236	1944-10-20	16	35	164
281	1957-10-03	-3	64	1398
293	1983-07-02	-4	78	1381
254	2010-10-12	9	94	1440
281	1989-12-23	27	70	514
297	2001-02-12	-7	61	1477
266	1969-04-27	28	12	303
229	1975-02-20	15	86	743
229	2001-05-04	23	29	372
284	1969-09-03	30	9	786
228	2014-03-12	32	60	111
250	1951-05-18	1	37	880
290	1965-03-15	28	83	1967
208	2014-04-27	29	63	997
234	2009-05-08	-15	4	922
217	1966-10-09	3	71	1104
300	1981-04-07	0	64	1034
210	1955-05-22	34	25	1448
252	1955-03-20	8	8	1786
227	1959-05-02	-13	0	1516
222	1998-05-27	9	41	139
223	1990-11-12	22	92	627
208	1991-05-12	-11	41	1159
243	1985-12-06	-4	12	94
219	1942-02-25	41	41	175
278	1985-11-04	38	68	1235
233	1968-12-04	-3	8	275
232	1954-08-11	17	47	38
251	2006-02-21	-10	22	217
223	1954-03-25	37	3	994
290	1966-06-19	6	26	1966
295	1943-11-01	24	61	431
210	1970-08-17	12	15	482
214	1959-08-11	41	46	813
215	1969-09-30	-2	16	284
256	2019-11-27	3	0	1088
257	2004-08-06	2	54	830
218	1962-08-02	22	79	1959
260	1948-09-30	11	17	1715
222	2009-05-22	28	67	1623
224	2020-03-21	-7	50	1686
283	1974-08-08	17	31	1808
220	1961-06-24	0	71	209
263	1952-11-23	18	18	860
262	1963-10-14	8	2	873
261	2013-11-22	8	73	1324
255	1961-07-25	-4	25	1924
229	2015-10-04	11	71	496
225	1984-03-17	12	29	1604
224	1971-03-09	2	62	429
244	1974-05-11	-3	51	809
205	1973-06-28	-2	37	287
221	1993-03-10	36	48	132
298	2017-10-13	19	59	1958
232	1984-06-29	33	43	82
204	2000-04-28	20	17	7
202	1997-09-19	24	96	1091
295	1974-10-26	41	5	895
283	1986-03-25	27	18	740
223	1949-03-17	26	13	711
280	1998-09-09	36	83	1266
260	2005-08-19	19	56	119
270	1967-08-26	-10	12	581
254	1945-08-20	10	45	438
230	1983-06-17	9	29	1873
275	1998-04-22	22	42	1275
256	2007-10-15	30	9	1415
260	1958-03-11	30	85	313
237	1978-11-18	32	60	532
206	1940-06-17	-12	26	1772
265	2008-06-20	24	44	1023
245	1968-02-01	-4	54	1906
288	1966-06-24	-14	10	1479
225	1984-12-24	16	10	1074
297	1957-03-16	37	54	1356
205	1998-09-09	5	94	1718
248	1993-03-09	26	47	1255
275	2000-03-28	23	34	1801
225	1989-08-02	42	65	1949
279	1941-07-18	38	7	1763
262	2008-01-21	33	17	484
274	2006-01-08	12	69	760
239	1944-10-12	32	10	974
202	1996-01-01	30	57	1642
267	2006-06-05	33	1	832
245	1942-09-13	-11	78	623
233	1949-10-24	-14	80	1583
274	2006-01-08	32	2	1897
225	2019-11-16	16	2	1116
204	1982-04-09	-5	31	1857
292	1954-01-25	17	84	1275
203	1992-08-23	33	7	1240
201	1974-06-22	8	27	1570
211	1999-09-26	28	34	1128
251	1986-01-30	38	45	1361
216	1960-08-12	12	22	415
246	2019-05-29	-8	74	1031
290	1958-11-03	6	21	569
232	2008-03-10	37	82	164
298	1940-05-13	36	65	1240
252	2000-09-14	3	7	751
284	2000-11-22	25	7	1548
205	1945-01-27	12	65	1092
217	2017-07-20	31	46	6
259	1970-05-25	29	58	1999
277	1993-05-19	-2	15	545
294	1960-11-30	5	17	88
211	1977-05-19	19	28	74
230	1961-08-02	-3	40	562
248	1945-09-16	33	92	1858
281	2002-11-30	12	18	458
221	1955-12-04	33	74	351
239	2011-08-02	19	82	1441
286	1989-04-14	7	50	540
256	1967-12-03	10	13	1650
209	2001-03-16	13	79	1271
234	1968-02-03	16	68	428
297	2006-12-22	9	40	1618
270	1978-10-13	-1	13	1885
276	1995-09-20	17	25	717
283	2010-11-15	33	95	11
268	1997-10-30	33	87	1326
237	1984-01-13	22	72	159
222	1977-01-04	-5	98	828
258	1990-05-19	37	82	1714
254	1968-03-22	38	48	1847
283	1989-09-11	0	21	351
