253	2011-05-10	-1	64	242
256	1999-09-28	37	39	783
297	1985-03-30	21	38	207
233	1944-01-22	0	92	933
235	1999-01-24	11	86	565
269	1990-09-13	-6	56	755
212	1998-08-07	-14	91	1808
251	1969-03-07	39	83	592
283	2000-05-03	40	95	1012
271	1970-04-12	-10	99	314
250	1976-10-15	33	50	638
283	2002-06-29	-4	86	1503
280	1988-05-09	32	15	315
278	1988-01-16	30	17	819
238	1998-04-09	0	13	1969
225	2002-03-03	35	93	1022
252	1961-06-17	21	8	1361
231	1974-04-28	37	31	66
261	1981-10-23	36	39	1057
247	1978-05-23	25	12	1828
267	2009-06-20	-13	78	1497
265	1979-06-17	17	51	665
246	2011-05-05	-11	49	1241
288	2004-02-07	30	78	1200
231	2010-05-12	17	57	1118
275	2017-09-23	11	4	1796
297	2003-09-03	20	76	1184
238	1976-09-15	20	24	1729
271	1945-02-20	37	49	1784
232	1963-06-17	40	39	814
275	2002-02-12	29	75	1384
212	1964-12-08	36	18	268
272	1968-04-21	10	23	111
230	2017-01-30	17	73	842
207	1977-07-14	15	94	1883
232	2015-09-29	-9	19	854
211	1991-05-02	-3	57	629
254	1951-08-16	-5	86	1089
258	2005-10-12	18	72	371
242	2011-08-07	35	38	369
277	1961-10-13	-3	29	1689
290	1989-04-15	40	87	266
209	2017-02-16	40	46	1060
292	1963-04-16	24	38	1335
276	1958-12-09	22	45	708
252	1978-04-20	11	7	918
202	1997-11-19	15	39	1595
281	2014-10-04	-12	47	432
224	1972-04-16	-11	40	874
251	1974-07-01	-9	1	918
222	1991-02-19	8	58	454
285	1973-10-07	22	22	921
201	1949-12-11	-4	72	1892
232	1970-02-22	-11	17	1411
291	2007-02-15	32	35	1661
283	1962-10-31	19	7	1723
221	2010-09-20	37	51	40
292	1962-05-09	37	3	1536
225	1963-01-16	27	63	370
278	1963-11-03	7	87	1420
230	1989-06-28	24	73	1999
232	1986-01-05	34	91	1825
226	1961-09-01	16	81	958
226	1950-07-03	34	86	1053
242	1991-02-10	26	0	1146
256	2012-05-20	-12	71	1835
240	1970-03-27	-11	0	1491
281	2019-03-12	-13	38	934
271	1944-05-11	19	46	1075
227	1980-12-01	3	33	375
242	2005-06-12	41	21	685
264	1976-07-11	6	63	1034
252	1999-12-15	35	25	1605
292	2010-07-31	-4	40	968
265	2010-12-29	-8	2	1479
284	2005-01-02	42	89	1765
288	1998-01-09	-2	27	1102
256	1979-07-24	8	51	879
205	1941-11-21	13	77	780
272	1942-12-02	-13	72	1856
299	2000-06-08	31	94	814
261	1993-03-23	11	40	863
230	2002-04-11	-8	72	774
296	2012-09-30	-6	90	1007
278	1972-09-02	7	54	486
209	1973-09-01	14	59	506
264	2006-03-31	23	77	1721
204	1983-07-09	9	42	902
277	1946-04-10	31	95	1812
224	2013-12-05	-4	47	893
231	1990-11-10	-15	61	221
265	1998-04-24	16	32	1323
300	1997-02-08	-4	37	1657
288	2013-06-03	-15	90	1665
207	1997-11-19	-1	10	1525
247	1970-08-12	-15	68	1387
260	1965-02-28	22	43	218
226	1943-10-05	21	42	1250
283	1998-05-26	-14	11	1505
261	2019-03-02	-3	58	1739
224	2017-08-11	21	37	847
229	1986-12-17	24	41	1661
296	1950-04-01	-6	85	1136
221	2020-04-30	31	66	83
248	1974-07-04	-13	35	385
236	1976-11-15	20	80	1857
257	1983-06-16	-13	75	137
212	2005-08-17	36	15	988
293	2020-03-21	-14	58	1820
278	1951-01-28	18	58	1196
220	1998-12-14	4	15	856
269	1950-09-08	-11	21	925
231	1999-01-21	1	46	1096
297	2002-04-17	-11	13	1080
224	1986-07-12	9	38	1162
284	1988-11-01	-8	3	1384
293	1997-10-03	18	2	1838
228	1969-04-27	8	56	1208
201	1999-02-28	41	48	1781
236	2001-10-31	-9	80	1666
274	2009-04-01	38	31	1323
256	1953-01-17	-13	79	858
205	1959-03-30	27	69	1913
224	1977-12-31	-12	48	314
257	2015-09-28	8	89	162
243	1983-12-05	35	24	620
298	1999-02-15	30	91	1995
217	2010-03-20	33	24	986
268	2005-11-28	34	85	1270
236	1960-08-04	34	97	732
223	1984-03-14	1	38	1565
204	1989-02-15	22	1	1161
230	1960-06-14	16	88	239
289	1963-04-11	15	0	630
291	1984-08-18	17	36	779
244	1961-10-03	-8	14	1428
224	1941-01-04	30	55	1380
268	1969-10-13	34	59	1019
261	1976-06-04	14	22	1472
290	2002-05-08	-13	2	1506
215	1950-07-03	0	63	242
201	1966-09-26	14	95	1178
268	1953-05-19	-4	9	1476
279	1968-02-16	-15	83	1250
234	1943-08-09	9	7	682
283	1995-04-06	-2	97	770
283	1951-12-29	7	42	1876
204	1984-05-24	25	7	1994
251	1957-09-16	21	2	524
210	2011-02-13	31	8	1100
238	1977-01-15	-8	80	1900
263	2001-10-18	41	92	240
262	2015-11-17	-1	58	397
213	1988-12-13	30	67	454
247	2007-10-24	-5	86	744
243	1996-05-03	-15	23	232
297	1995-11-27	22	96	259
289	2011-12-30	34	37	1679
210	1944-03-27	40	50	879
209	1973-03-27	16	85	225
237	1979-01-30	4	20	1650
289	1987-01-09	4	84	1137
233	1961-03-01	-13	85	1
219	1987-10-13	-12	99	694
205	1993-08-09	13	8	1527
285	1998-02-28	30	4	1507
258	1976-02-28	16	65	638
264	2019-06-29	19	19	1636
261	1999-02-27	31	70	1682
218	1954-07-31	-6	12	819
255	1980-02-05	-10	76	985
202	2007-12-22	38	68	518
253	1979-04-15	3	59	1556
275	1998-08-23	37	57	941
287	1963-03-10	-15	32	1008
298	1955-04-08	32	5	484
251	1955-04-03	41	31	474
292	1961-05-06	5	39	234
227	2016-01-27	-10	71	1015
217	1986-11-19	0	39	1861
268	1977-12-15	3	39	1781
298	1970-02-07	16	12	1264
281	1988-03-23	16	93	832
248	1997-09-07	8	64	1298
287	1980-08-04	12	44	1917
256	1950-06-05	9	93	1238
247	1983-06-21	40	13	251
255	1979-09-03	36	8	1147
274	1942-06-09	-4	19	650
216	1947-11-06	41	0	106
280	1978-05-01	22	44	1825
238	2018-05-03	12	74	1326
205	2016-12-19	33	16	513
235	2003-04-09	11	10	1154
249	1970-11-14	32	28	187
259	1980-09-15	-1	28	1371
236	1958-01-31	21	4	1897
231	2003-02-04	4	84	1818
287	2003-08-21	42	81	443
268	1949-10-25	24	42	197
250	1952-07-28	-14	82	1714
234	1958-03-14	29	29	510
267	2004-09-10	21	38	725
242	1972-09-07	16	82	1250
237	2006-05-01	42	7	1669
297	1988-11-23	27	32	1812
283	1983-04-10	6	31	1740
278	1971-05-20	-5	1	1604
242	2005-06-19	22	67	1336
273	2003-01-14	2	81	1347
209	1979-07-25	13	56	2001
251	1951-07-07	22	19	1571
259	1981-09-10	-2	14	351
287	1954-02-22	-8	56	925
259	2001-05-02	26	10	1856
226	1996-12-20	12	10	176
259	1964-01-20	-12	64	1689
235	1991-02-02	0	72	744
259	1973-01-24	-13	41	1738
241	1999-07-19	15	40	767
207	1981-07-10	29	82	1067
213	1980-08-16	19	4	1981
299	1956-02-29	2	80	1076
289	1998-06-10	2	17	1616
224	1944-06-10	27	83	1639
260	1945-12-13	23	59	1647
270	1980-08-21	-14	51	1535
272	1953-05-30	37	98	1624
233	2020-09-02	24	43	508
238	1957-02-05	-15	29	441
214	1985-05-01	25	30	420
