232	1959-03-14	40	10	13
246	1961-01-15	16	59	795
258	1942-07-26	41	11	1917
244	2002-02-07	19	58	1663
293	2005-12-17	-3	50	327
245	1945-08-26	-8	11	50
296	1949-12-08	36	4	683
213	1956-08-22	29	85	1718
268	1975-02-23	25	40	727
254	1944-09-27	1	90	615
267	1961-11-21	7	4	68
277	1947-05-07	23	50	1337
222	2017-05-29	40	92	518
272	2004-12-20	-2	18	1674
231	1984-01-01	32	43	585
239	1940-06-10	20	0	1763
257	2012-12-30	0	21	1423
236	1949-01-07	3	72	1069
291	2015-04-23	-10	26	805
253	2009-05-04	37	33	194
280	2002-09-01	42	70	62
233	1977-10-22	31	56	123
229	2009-03-29	-4	40	923
265	1955-08-06	-8	15	913
279	1957-08-24	2	90	1829
224	1976-02-06	41	91	1446
230	1954-02-20	4	96	1214
238	1996-07-08	9	100	390
232	1987-03-19	20	90	1977
297	1956-02-07	7	40	1338
230	2016-04-05	11	67	895
227	1957-07-16	11	59	1607
246	1963-06-08	20	74	1378
228	2005-03-14	0	90	1953
230	1948-07-11	-8	86	1723
292	1945-02-02	10	46	1022
261	2017-09-16	38	20	1347
221	1963-05-21	-11	88	3
232	1988-12-14	-3	35	652
244	2007-03-17	41	66	1686
235	1958-05-13	12	27	744
290	1978-09-26	3	14	1659
219	1941-06-20	-13	21	796
261	2013-10-07	31	7	459
263	2000-01-29	0	98	1672
234	2004-01-17	-4	79	210
269	1999-02-13	-1	57	621
202	1986-09-14	8	0	178
241	2016-04-13	23	72	1823
204	1989-06-04	7	36	827
213	2010-12-13	13	70	767
218	2010-05-14	35	34	1862
279	1975-02-01	42	96	60
202	1964-06-25	-10	80	1241
222	1987-03-03	6	49	1825
225	1952-01-04	-4	64	332
228	1952-07-31	0	75	287
292	1952-05-06	30	22	148
208	2008-11-26	26	71	829
295	1980-06-05	24	85	1645
267	1970-05-29	26	64	1896
284	2007-05-19	-4	97	913
293	1984-08-12	39	27	1117
245	1962-03-11	-2	79	466
231	2004-07-20	-2	67	714
222	1969-07-01	22	66	1477
254	1971-09-19	14	95	1449
211	1946-08-15	-6	53	1194
206	1977-10-09	7	31	1394
289	2008-01-02	-3	54	1604
262	1972-05-09	41	75	1580
286	2012-08-21	15	78	117
284	1961-01-21	26	16	307
209	2012-04-07	10	64	1786
255	2000-12-07	13	96	146
273	2018-05-22	-1	2	706
207	1944-07-05	42	92	1805
225	2003-08-11	-10	39	846
227	1986-08-06	19	85	679
231	2015-07-24	12	23	1679
287	1985-10-28	32	69	1097
284	1989-12-19	-4	1	1242
259	1994-06-02	-9	34	932
222	1966-12-23	-15	29	1523
256	1948-07-10	-13	67	899
289	2018-10-11	9	79	213
292	1956-08-15	37	11	1512
223	1949-03-18	9	38	1664
234	1954-03-13	15	10	1085
202	2018-02-08	39	81	1595
255	1973-01-27	5	70	1310
299	1950-03-17	-2	15	933
260	1959-11-27	4	79	786
211	2003-07-07	6	72	562
232	1967-03-10	9	15	1967
248	1957-11-26	25	64	1543
282	2019-07-21	3	25	429
263	2017-02-03	19	21	1230
241	2019-03-04	0	39	342
210	1946-06-26	19	12	829
216	1952-10-12	39	40	1987
208	1993-04-23	0	56	1754
202	2008-05-12	-12	41	1094
260	2019-03-09	39	34	60
283	1975-06-20	28	39	946
259	1948-05-23	0	60	1656
252	1950-08-22	33	82	177
276	1999-05-13	19	69	280
232	1958-10-21	2	56	526
246	1965-06-15	25	54	640
238	2010-02-20	3	22	1970
263	1992-05-24	-7	23	1977
243	1968-05-14	12	30	426
258	1943-05-27	3	52	95
220	1984-02-16	14	51	9
201	1964-11-08	41	38	600
208	1997-08-12	29	34	1815
257	1945-12-06	27	85	586
214	1977-04-08	35	68	1831
285	1970-09-03	9	42	1208
267	1962-02-03	2	73	843
221	2017-01-20	37	26	542
247	1957-06-11	-13	0	421
204	1952-08-10	23	95	292
266	2020-08-15	9	3	1674
274	2018-05-14	10	1	1865
212	1979-10-18	-10	2	1236
227	1956-02-14	30	41	1085
202	1992-10-08	31	95	101
218	2013-05-18	23	14	1178
215	1975-10-16	-4	47	1136
298	1965-04-05	39	92	1887
256	1987-05-09	-9	95	640
255	1952-09-04	9	70	1190
206	2005-01-02	37	8	1627
219	1941-01-04	32	3	486
300	1993-01-06	27	73	77
250	1980-08-11	25	8	1122
262	1988-12-29	10	98	1317
251	1981-06-29	1	73	1460
213	1966-03-09	6	25	663
209	2013-12-30	30	18	969
294	1969-10-31	32	26	1109
269	1971-10-23	35	87	434
278	1959-03-03	-1	20	478
236	1999-07-03	14	73	1439
234	2000-04-04	27	98	623
207	1957-10-30	9	84	418
206	2001-10-20	35	56	1363
218	2006-03-29	-4	9	338
267	1948-09-18	-12	100	82
226	2009-08-18	-2	70	1870
291	2014-09-13	-14	11	907
219	1959-04-27	41	63	1731
213	2019-02-19	-11	25	1998
277	1992-01-24	34	58	1885
213	1996-05-09	8	34	1275
300	1943-09-11	19	94	585
224	1970-07-16	-1	1	1633
267	1940-12-18	6	82	669
266	1995-12-30	35	68	1431
264	1993-07-15	16	58	334
271	1951-08-12	11	1	1745
269	1963-11-06	-6	4	1272
223	1958-05-15	15	44	713
271	2009-12-27	-8	29	245
244	2001-01-16	17	6	400
269	1972-03-21	14	23	949
263	2004-11-13	34	84	358
271	1952-10-25	28	5	1103
201	2017-11-23	19	79	1330
217	2008-11-09	36	57	395
264	1940-10-15	42	63	1166
292	1963-08-29	23	22	1873
235	1953-08-23	14	79	58
202	2019-07-21	37	37	1653
259	1968-11-24	-13	6	14
234	1952-10-17	-10	66	1015
263	1948-11-13	28	44	266
223	1989-10-11	42	78	20
293	2014-03-14	0	84	602
211	1984-04-16	7	18	1832
233	1990-05-20	27	50	1689
293	1991-04-28	17	14	685
239	2004-08-02	-15	62	736
228	1963-01-17	33	44	1679
244	1946-08-16	-11	69	385
242	1960-08-04	5	25	1073
241	1951-10-18	-1	92	639
201	1991-12-17	27	59	177
220	2012-09-16	37	36	601
212	1962-09-22	6	85	1846
203	1940-01-26	16	93	357
217	2008-10-23	22	100	1379
267	1991-07-23	1	14	1009
279	2014-05-10	-6	3	1283
280	1980-04-12	12	48	1297
298	2010-04-26	-14	64	919
229	2006-05-07	-2	62	1474
286	2009-10-23	2	43	1998
282	1987-12-13	31	33	388
217	1973-01-31	19	84	1517
229	1965-12-28	7	33	1138
288	1961-10-23	30	89	1359
244	2004-05-16	12	82	948
250	2011-04-18	-5	24	519
203	1986-01-01	14	91	837
227	2018-06-12	33	4	751
253	2018-01-06	29	27	1600
251	2010-09-12	10	99	1380
204	1945-12-08	10	74	1852
290	1965-01-12	10	100	1310
284	1948-07-13	16	39	527
230	1989-04-29	25	50	1648
299	1987-11-02	12	100	180
224	1945-08-07	28	60	140
288	2002-09-14	6	49	984
269	1956-05-17	23	85	387
281	2019-11-18	19	28	735
211	1962-07-13	32	31	1079
201	2009-11-24	25	76	1229
210	2008-11-07	-2	59	1140
223	1989-08-28	42	98	559
250	1940-06-06	6	76	1718
290	1999-10-25	16	87	225
224	2013-10-25	-9	17	1744
270	2005-08-25	5	31	28
289	2013-10-15	41	63	1457
210	2009-03-17	40	10	1367
275	1991-11-03	27	40	751
283	2007-02-23	22	79	1079
244	1999-10-24	16	12	530
229	2002-12-27	27	39	1477
272	1957-07-19	42	53	307
252	1975-03-11	11	26	892
208	1999-07-21	16	96	393
253	1977-06-10	6	54	196
245	1969-01-08	5	92	876
222	1987-11-16	40	39	1674
253	1996-10-22	22	53	340
227	1953-12-06	32	57	286
291	1971-10-23	-15	17	1430
283	1986-10-01	23	14	1119
207	1955-06-06	10	38	1576
283	1963-06-27	28	47	789
203	2012-05-16	36	85	1028
254	1959-04-11	38	67	1210
204	1968-04-01	24	73	934
201	2015-03-26	-12	27	124
211	1950-07-25	12	32	374
235	1994-04-06	-1	66	1818
263	1970-12-05	25	76	683
218	2014-11-02	-7	49	941
298	1957-09-13	-12	34	1116
204	2012-10-14	16	31	1515
228	2002-08-16	-6	39	824
238	1959-11-04	-15	99	397
218	2010-11-07	23	58	1130
205	1981-05-28	31	0	1260
262	2012-06-29	34	48	1601
283	1989-08-03	-15	74	52
292	1958-09-17	7	53	1219
220	1981-03-15	21	14	1145
225	2004-12-16	17	12	641
241	1973-02-02	13	94	88
278	1943-01-24	16	29	460
237	1974-09-03	42	70	404
247	1944-05-09	32	5	695
211	1977-05-21	38	57	1420
258	1984-04-09	-9	56	1391
251	1980-01-31	17	5	812
272	2013-01-01	-9	77	1925
299	1980-12-24	6	96	895
286	1981-07-09	21	43	714
250	1952-02-22	15	0	1078
241	1992-08-23	19	6	903
278	2000-01-14	-15	20	267
255	1948-10-03	4	11	184
248	2003-06-26	42	71	923
251	1971-07-10	18	67	537
245	1983-07-14	-6	17	981
295	1954-06-13	-5	97	136
254	1949-03-31	18	65	1570
205	1990-08-29	6	97	1921
244	1973-05-03	17	56	604
262	2020-06-01	17	62	649
243	1946-02-13	24	16	1760
