234	1961-09-17	27	49	1490
211	1991-10-12	23	45	1460
271	1976-05-15	4	30	1952
298	2005-05-29	9	30	815
231	2014-05-23	38	21	1222
299	1976-07-25	17	3	1919
269	2018-02-05	-15	63	1995
298	1985-02-07	10	47	1355
235	1974-06-28	31	45	1584
224	1954-08-19	-14	32	826
278	1995-12-10	12	99	594
229	1994-01-02	26	52	1066
299	2017-03-27	-6	97	1749
253	1979-06-08	17	29	1900
224	1984-04-25	-6	53	1740
245	2001-05-13	26	84	1052
266	1993-02-17	-9	91	1235
273	1979-05-16	27	48	1452
239	1998-04-12	-8	45	1643
243	1945-03-06	22	74	1594
266	1945-02-01	16	86	254
265	1948-11-26	35	99	1411
228	2009-01-13	10	54	1059
222	1961-07-09	-6	3	160
276	2020-01-04	4	25	1694
287	1969-05-29	34	45	1105
209	1945-10-14	3	56	438
252	1944-07-23	33	80	978
208	1987-07-08	-6	55	1897
261	1947-08-20	24	6	729
283	2002-07-13	2	37	861
243	2003-08-04	-13	64	46
257	1961-12-20	-12	69	1837
253	1982-04-23	25	55	1694
299	1986-09-22	16	81	1532
222	1973-09-02	11	56	1126
246	1982-12-05	-4	36	1517
209	1942-02-05	29	67	1463
225	1976-11-23	-4	13	45
247	1942-07-19	20	5	131
297	1985-02-22	-7	97	1580
222	1990-11-14	22	58	892
276	1958-03-19	28	91	503
241	1962-08-11	30	65	965
297	1994-02-13	9	34	184
249	1965-11-12	0	21	1647
246	1957-03-09	23	72	411
266	2012-10-24	-8	25	866
298	2009-08-09	40	84	643
289	2000-04-20	36	39	277
207	1948-10-15	29	72	619
295	2020-02-19	-2	88	722
207	1952-11-17	-11	38	1011
238	1981-02-11	25	4	1533
252	1995-12-26	38	48	411
215	1987-09-13	-8	73	1325
288	1984-09-29	7	78	1967
274	2011-06-22	25	57	502
296	1957-02-12	29	63	290
268	2007-11-13	38	53	516
279	1966-09-01	-13	93	234
292	1945-05-19	-13	43	906
203	2015-07-27	32	49	207
293	2005-04-25	-15	9	1620
236	1995-07-20	6	51	1825
229	1946-09-30	29	16	1275
242	1972-02-07	29	34	1939
285	1943-09-12	38	58	1826
298	1985-09-07	41	91	1289
243	1987-10-06	6	71	308
265	1995-08-23	-8	39	1154
236	1995-06-01	18	20	712
251	1946-02-17	35	25	877
249	1948-05-20	13	14	933
234	1948-06-15	9	66	1693
218	2014-06-17	8	52	1712
240	1949-07-29	36	88	1533
244	1951-09-09	17	27	1705
255	1951-04-04	-5	0	160
243	1963-01-26	17	6	162
259	1994-05-26	7	22	903
223	1982-06-16	14	24	1229
265	1947-01-13	14	58	430
211	1960-01-20	15	83	1770
208	1986-05-19	-10	68	324
292	1997-07-15	31	30	1838
205	1942-12-20	33	84	143
210	1957-11-02	0	22	1404
270	1996-08-07	3	49	1104
241	2019-11-19	32	63	601
295	1973-07-01	41	48	482
274	1980-06-17	29	11	1319
250	1947-01-23	-9	99	1457
255	1952-07-23	2	35	561
260	2002-05-13	-14	89	1436
222	2011-04-11	18	53	1294
288	1992-09-14	27	62	1671
243	1955-04-29	-11	72	868
215	1984-04-24	12	32	944
221	1967-07-18	17	24	1932
263	2004-05-12	26	52	1729
216	1951-09-18	-3	18	294
217	1942-03-10	1	87	814
234	1985-09-05	32	19	1733
295	1995-01-23	34	16	855
203	1975-11-08	-6	9	1961
216	1982-05-29	2	69	686
293	1950-02-09	-10	81	684
296	1967-11-18	10	61	640
286	2008-10-31	-2	14	342
247	1976-03-21	18	59	1283
300	1996-01-02	12	13	1859
265	2000-07-31	8	80	1431
292	1965-07-07	34	15	1390
298	1969-06-10	0	16	771
277	1985-07-14	-4	0	786
272	2018-12-22	-2	21	129
266	1984-01-02	-6	24	266
255	1949-03-20	1	9	751
259	1963-08-07	2	8	1446
231	1969-07-19	26	13	1501
216	1953-07-11	2	57	1207
233	1985-11-01	-12	16	854
289	2005-09-20	32	36	707
247	2012-05-10	32	46	1652
298	1995-03-13	31	73	572
272	1984-08-25	17	97	486
221	1962-11-08	35	68	676
281	2007-06-15	-8	15	1001
211	1950-03-26	-10	32	188
209	1985-09-14	-2	0	1812
