260	1986-01-03	-2	84	1111
288	1982-01-17	-13	14	1673
253	1981-08-03	22	41	1391
284	1997-02-23	41	50	73
300	1997-09-26	13	15	895
295	1965-01-14	26	60	321
236	1955-09-14	7	1	1906
216	1994-11-25	6	100	1812
203	2009-09-28	40	29	57
237	1978-12-31	15	67	229
211	1956-03-09	-3	99	1213
271	1948-02-08	23	58	1151
232	2010-08-04	-11	17	815
290	2000-08-06	5	8	1266
202	2013-05-16	21	72	1626
289	1981-03-10	10	55	1386
291	1949-04-26	14	51	66
203	1996-04-25	8	91	687
202	1972-04-28	37	31	1385
216	1944-05-06	2	49	922
220	1958-12-22	-10	98	1020
241	1967-11-16	1	53	943
260	1978-07-27	42	40	1983
281	1991-10-02	8	78	1458
221	1940-09-19	4	31	1830
243	1967-03-03	28	54	1766
253	2005-06-28	41	87	417
284	1994-09-07	6	29	1980
257	2013-11-28	12	73	538
217	2017-02-28	11	72	127
211	2016-08-13	-15	30	483
214	1942-10-06	38	65	111
205	1954-03-03	7	85	82
209	1958-05-26	20	38	750
296	1997-05-21	36	7	1123
262	1949-06-09	23	72	466
231	1943-01-11	6	68	1432
211	1943-02-23	33	36	1047
265	2007-10-28	4	77	336
211	2006-01-24	34	78	840
252	1970-09-11	27	29	1175
204	1985-09-27	7	17	1555
276	1979-02-17	35	59	1958
228	1943-02-16	8	33	504
227	2013-03-16	15	11	1826
255	1982-03-10	14	62	1426
265	2017-11-25	5	87	1293
280	1954-10-02	-13	97	1235
224	2017-11-24	-6	10	446
238	1975-05-11	14	87	1515
243	2007-05-30	10	76	1839
204	1982-06-10	28	72	1015
257	1955-12-08	41	50	978
287	1963-08-21	33	59	575
232	2005-05-02	2	72	1592
222	1945-05-23	20	26	1254
272	1970-05-22	26	22	908
234	1949-11-30	25	46	407
294	2015-01-16	6	8	526
248	1944-03-20	31	55	502
204	2012-08-28	27	63	1202
259	1979-10-20	-9	89	1036
262	1972-06-28	-9	83	695
230	1956-08-04	29	9	1068
258	1984-04-07	6	84	395
231	1986-04-04	30	77	728
217	1973-11-14	15	82	1848
208	2020-07-22	-14	82	1634
241	1978-11-27	35	17	480
257	1985-03-22	15	100	1025
245	1941-02-24	-8	49	84
274	1992-06-15	24	84	556
276	2000-12-11	32	83	588
226	1989-06-07	40	39	1092
201	1962-08-23	11	91	547
300	1995-03-04	32	66	1788
273	1975-01-12	-8	46	1260
220	1951-09-12	42	22	1572
227	1971-10-25	13	70	583
286	1990-09-22	39	36	864
296	1980-06-18	20	93	1758
283	1947-05-02	19	54	1997
247	1974-10-22	6	94	448
274	2006-04-19	-11	3	518
279	1994-09-28	33	95	1320
248	1977-11-26	-1	94	500
210	2010-10-16	32	97	1172
257	1983-11-05	38	63	1481
206	2012-02-07	2	77	1262
249	2018-03-08	-11	88	968
289	1994-12-03	35	96	1930
272	2001-09-26	39	99	1088
285	1999-03-07	0	100	1572
212	1962-07-05	40	70	968
267	1953-04-25	-1	57	377
294	1995-09-03	-11	45	1099
299	1982-05-04	9	89	1227
269	1949-08-20	20	21	1515
208	1955-03-28	42	52	1173
217	1989-10-16	14	15	63
284	1950-09-27	16	21	468
229	1982-02-18	23	0	638
248	1956-01-12	9	75	1983
201	1986-04-21	41	30	339
297	1958-09-05	42	96	1068
298	2003-11-14	20	60	995
262	1955-08-22	26	98	809
239	1969-04-05	17	32	627
223	1951-06-16	40	5	986
225	2011-04-13	12	31	771
298	1979-11-02	-5	7	510
226	1993-03-15	27	99	843
248	1974-02-08	33	89	1334
215	2016-01-22	26	71	1816
206	2007-09-23	19	78	66
207	1995-02-04	-7	73	1021
290	1943-08-07	29	71	290
261	1970-03-21	35	1	1077
295	2001-09-05	39	91	1759
265	1941-10-13	39	39	1984
221	1969-03-23	10	49	561
214	1948-03-25	-5	72	410
268	2018-04-01	32	2	1919
214	2013-06-24	26	82	1318
299	1987-09-04	32	61	1006
228	1986-01-25	29	87	916
231	1961-06-23	35	70	797
234	1968-12-23	-10	99	853
229	2003-11-07	29	66	1724
236	1980-03-29	22	47	747
205	1953-07-08	11	72	216
290	2019-07-06	19	69	368
260	1969-03-09	10	66	1079
261	1977-07-09	41	37	1383
289	1995-07-31	39	4	1645
208	1943-11-10	12	11	1526
282	1944-04-23	30	77	1202
252	1984-09-13	0	47	1864
262	2014-10-28	-14	18	1290
232	1962-04-27	33	39	261
236	1959-02-23	26	14	220
293	1969-12-17	-8	36	1605
258	1987-12-19	-13	14	1560
287	1979-10-06	-4	68	1350
217	1964-01-28	36	10	1796
279	1955-04-07	27	12	378
292	2006-02-06	-6	96	602
210	2008-08-31	35	96	1445
269	1977-06-12	-8	16	1391
250	1965-01-18	36	89	254
237	1952-08-06	5	4	1980
235	1961-03-28	29	53	1814
224	1973-06-09	37	63	1561
266	1963-03-21	41	38	421
297	1987-09-05	20	50	660
242	1963-10-01	6	53	1454
279	1982-12-05	11	67	913
254	1986-04-23	27	25	751
288	2013-12-08	3	38	1236
292	1958-11-18	3	77	581
276	1948-07-18	36	89	1029
293	1981-08-04	18	81	1388
204	1980-05-16	40	94	924
215	1950-10-28	14	42	411
281	1971-04-29	-12	16	1987
203	1965-02-11	10	68	684
244	1965-10-08	24	75	1608
218	1946-03-29	31	7	828
210	1978-05-15	7	51	1973
235	1974-10-03	22	83	1422
246	1959-12-08	36	30	253
265	1969-11-28	-11	70	462
224	1959-06-10	-8	95	95
282	1951-03-16	14	50	1042
226	1967-11-05	40	3	405
218	1941-06-29	8	99	528
274	2007-05-07	23	42	654
231	1989-05-06	33	52	252
287	1998-08-16	22	9	564
221	2019-06-23	38	92	827
216	2014-12-10	10	5	1183
293	1964-03-22	30	50	677
251	2003-04-13	4	82	169
275	1997-08-09	-7	10	759
270	2012-04-10	27	61	844
268	1961-05-23	17	64	845
248	1992-08-31	14	87	1635
212	1992-10-02	18	92	1562
220	1969-10-02	27	24	1533
218	1999-06-20	23	18	353
208	1974-06-22	24	62	394
203	1962-04-04	31	83	197
235	2016-05-23	36	73	1489
241	1940-04-14	19	21	901
247	2009-05-02	37	40	1035
276	1990-12-20	31	6	752
291	1991-08-12	22	44	383
270	1960-11-12	19	43	863
207	1956-07-17	23	53	888
255	1975-08-25	2	66	1213
294	2011-03-02	16	75	1637
242	1983-05-12	-14	10	321
220	1963-10-15	-3	30	503
212	1979-06-16	4	3	781
260	1940-04-28	2	77	1037
247	1952-05-28	-3	15	1019
235	1990-01-18	30	78	1438
258	2009-10-21	12	95	169
251	1946-05-01	17	69	1784
253	2007-05-19	29	6	1791
234	1989-04-14	-6	43	1617
223	1997-08-28	19	9	1961
221	1967-06-02	35	91	1554
294	1941-04-04	-10	93	1622
281	1949-08-15	25	66	677
265	2013-05-17	-11	60	1850
275	1975-03-02	40	39	941
271	1951-10-13	3	44	260
280	1951-11-15	0	42	1022
269	1995-11-06	-14	17	1719
242	1973-08-26	11	7	1705
273	1969-07-07	-1	51	661
248	2014-12-10	9	16	947
202	2017-06-24	31	66	1352
298	1976-12-22	13	50	653
208	2017-03-08	-15	13	875
218	1951-01-16	26	59	1991
226	2012-12-05	-14	37	1840
271	1975-08-28	-9	39	1949
243	2001-11-21	29	32	7
283	1967-03-25	30	75	536
287	2020-08-23	33	64	95
259	1982-11-14	-3	18	149
275	1951-08-14	1	2	985
259	2014-03-06	-14	23	1839
270	1953-07-08	5	40	1185
214	1967-04-16	20	43	1236
216	2003-12-23	18	95	1175
298	1993-04-29	1	89	1135
230	2002-09-11	39	12	767
275	2009-06-30	18	42	1958
249	1957-12-25	24	59	236
223	1977-09-12	27	60	1699
245	1952-08-20	-14	46	436
267	1957-10-21	40	3	792
224	1977-12-25	15	15	1219
219	2012-05-26	33	47	15
227	1954-12-18	-8	39	935
277	2019-06-06	-9	57	525
244	2011-01-18	32	77	1858
201	1983-02-11	29	56	1674
275	2003-08-30	21	96	207
209	1996-08-16	40	72	143
233	2014-06-13	-14	44	870
242	1988-12-26	25	63	1981
243	2009-07-26	-3	84	1608
293	2016-10-13	24	10	107
282	1942-07-03	30	5	1435
236	2002-06-04	-12	7	779
208	1941-08-05	20	16	219
209	1976-05-01	17	62	1489
251	1967-05-10	26	47	1279
281	1999-01-14	-14	57	1735
288	2018-03-04	-7	55	414
287	1961-01-22	-2	4	1569
216	1956-01-27	-11	6	716
255	1942-09-30	-14	84	129
289	2019-10-23	32	75	715
279	2010-11-28	8	71	1145
269	2018-03-30	23	90	1609
291	1975-06-16	29	35	1687
243	2001-11-18	4	1	677
246	2017-06-04	-15	48	290
233	1987-04-17	29	36	443
210	1951-09-24	30	37	28
253	1963-03-13	29	29	701
296	1991-09-30	31	86	1796
297	1948-06-30	11	80	1309
241	2017-07-23	24	77	1350
259	1947-10-19	5	93	1103
230	1999-05-07	20	67	569
229	2013-03-15	41	32	138
250	2019-08-18	-7	82	546
288	2016-01-30	-4	53	1210
219	1947-05-18	7	50	1577
230	1985-07-21	2	54	1233
278	1979-10-12	23	63	284
292	1993-04-25	-3	3	162
238	2001-07-30	6	54	199
249	2014-07-16	-5	96	1125
241	1983-08-29	-7	96	1036
247	2017-09-14	2	33	160
253	2002-03-11	13	75	808
296	1945-05-03	0	84	1459
271	2018-07-11	1	4	438
