211	2009-02-08	-6	83	585
293	1976-11-12	38	5	1994
242	2008-07-12	9	4	497
254	1985-05-08	14	10	762
266	2011-12-16	-7	7	759
225	2013-01-05	-6	25	1955
238	2017-08-13	37	77	1365
282	1954-12-11	41	74	839
236	1949-04-06	-13	96	554
278	1963-08-27	24	50	751
232	1954-07-14	8	34	1514
213	2019-11-28	-9	37	548
217	1970-06-17	1	73	647
201	2010-08-11	11	5	287
269	1992-11-13	-7	6	1897
277	1946-02-19	-9	16	1334
293	2007-08-03	34	4	68
246	1952-09-07	19	97	1323
294	1943-06-01	16	79	16
232	1945-01-28	11	46	1801
272	1960-05-15	31	48	1668
262	1990-03-24	19	46	331
211	1954-12-20	25	21	759
206	1950-12-01	30	60	1979
270	1995-04-19	-14	34	262
257	1966-09-11	11	44	1443
261	1996-10-25	21	96	7
204	1975-08-01	36	85	1648
202	1971-03-04	-3	38	171
285	1955-09-21	7	21	1202
270	1957-09-13	5	85	127
273	2001-08-19	-6	26	1354
249	1941-11-07	17	90	768
233	1945-02-22	5	14	1296
223	1963-11-25	17	18	1329
254	1986-01-06	-13	97	1370
293	1987-04-16	9	79	279
233	1989-04-05	37	69	748
262	1984-09-22	21	79	1845
284	1951-08-08	33	36	561
211	1998-01-08	2	6	1599
252	1968-02-11	20	71	1267
288	2003-05-18	-8	1	613
280	1956-05-26	15	75	961
225	1995-01-21	37	14	624
249	1965-05-25	14	32	453
244	1989-05-15	37	35	1934
271	1997-05-11	21	61	1960
261	2008-02-28	12	75	1953
264	1950-04-09	25	0	580
289	2002-05-23	-8	8	693
233	1980-12-05	-8	0	1714
271	1966-12-30	8	8	1907
287	1971-10-11	27	14	24
271	1996-05-25	-13	82	949
277	1995-07-04	17	6	1026
213	1949-10-31	17	82	960
269	1944-03-21	31	42	1178
237	1981-09-25	12	23	1326
253	1959-08-07	11	0	595
234	1977-04-19	23	3	290
289	1993-05-23	-13	32	1920
227	1940-02-04	33	53	1308
290	1960-01-29	-14	67	452
205	1973-03-04	21	76	1409
248	1966-08-30	23	33	955
293	1998-11-02	18	20	978
294	1980-02-22	2	28	1710
300	1990-06-12	21	30	1274
225	1985-07-28	-4	3	464
292	1979-07-18	34	3	957
221	2016-08-24	-5	1	351
206	1978-09-11	8	88	604
243	2011-09-15	10	98	1455
247	1994-08-27	-7	35	279
259	1943-09-16	-7	92	125
256	2002-10-04	-13	9	1011
262	1980-10-21	8	86	1532
298	1942-10-14	32	68	1831
213	1955-03-21	-3	44	555
297	1980-12-07	39	85	841
258	1952-10-16	27	86	352
219	2016-07-01	35	55	1480
210	2004-03-10	-15	81	800
207	1975-04-26	-14	3	47
219	1962-03-20	24	49	790
234	1958-07-13	20	83	179
296	1966-12-19	-6	79	1142
236	1954-11-05	-11	84	334
292	1993-04-22	-4	51	826
231	1980-12-08	-12	87	905
262	1984-12-31	-10	98	55
250	2011-11-02	14	31	517
240	1999-05-22	22	67	1539
283	1966-07-15	6	46	594
232	1978-04-07	33	89	1632
269	1989-07-11	12	65	1596
220	1947-11-03	42	48	1924
289	1943-12-30	10	22	226
243	1997-02-14	30	0	1119
285	1941-10-27	-7	58	711
268	2007-06-10	-10	8	646
300	1973-05-08	39	35	481
239	1986-03-03	6	67	842
210	1976-09-24	-8	100	1489
247	2006-09-22	15	75	663
263	1972-08-15	31	91	1812
268	2016-10-03	-9	62	617
217	2014-02-07	36	52	1742
242	2012-08-05	26	14	1740
283	2002-04-30	39	28	605
255	1989-12-22	20	71	722
222	2017-11-17	33	76	1485
289	1974-02-07	-11	24	1906
282	1948-02-10	1	23	444
264	1964-10-26	23	72	1627
220	1970-10-07	40	96	1962
201	1948-10-08	-13	25	924
239	1986-01-08	10	10	1865
274	1959-04-08	32	38	430
271	1979-06-17	16	69	1716
215	1987-09-17	18	58	1163
206	2012-08-26	23	78	1511
228	1995-01-04	5	50	395
274	1959-02-21	18	100	1693
288	1954-09-22	40	10	296
267	2018-05-19	18	59	80
271	1963-03-03	23	45	1567
210	1944-10-12	9	57	954
291	1998-05-27	4	57	631
258	2006-07-13	38	96	290
266	2013-03-14	-4	28	414
273	1950-05-26	14	51	487
240	1945-07-05	-7	29	739
272	1946-06-18	-14	98	340
211	1961-11-22	34	29	1417
245	1997-03-19	11	77	123
232	1949-04-09	10	47	1021
262	1946-06-05	16	90	1408
216	1954-08-02	30	27	1094
278	2017-09-29	23	38	527
231	1952-03-20	-2	92	1339
280	1974-08-20	-5	72	1794
282	1941-03-30	13	49	1054
285	1979-04-27	14	9	1914
270	2000-01-30	25	72	1866
226	1968-03-15	7	70	1176
225	1954-10-02	18	83	1620
267	2012-09-20	21	31	564
234	1952-04-29	36	78	235
231	1983-02-04	4	86	917
279	1970-09-24	24	76	249
292	2019-09-01	-3	68	1252
204	1955-09-19	19	19	720
241	1942-05-08	28	79	650
205	2012-06-30	-7	92	1314
240	1945-06-06	17	78	183
286	2014-05-28	4	27	362
219	1995-03-13	-10	9	329
221	2008-05-09	31	3	1798
229	1952-02-12	30	65	1680
226	1940-12-27	40	79	1441
264	1983-05-28	18	7	595
297	1941-10-21	4	60	124
289	1951-12-06	-7	77	788
204	2015-03-07	42	46	482
206	1976-02-01	-8	53	1409
208	2007-02-20	30	44	1836
242	1999-11-13	8	52	974
278	1964-01-30	14	0	1951
257	2017-10-23	22	96	1517
262	2008-02-02	6	81	504
249	1953-08-23	37	83	1294
293	1966-04-06	-10	21	1127
283	1954-07-18	13	39	1533
279	1977-02-22	-7	50	804
249	1990-01-05	11	20	1308
214	1953-03-14	-7	50	1050
263	2000-04-17	-5	28	1994
278	1971-05-24	0	55	1553
283	2002-11-27	36	21	743
299	1954-07-06	-4	30	1267
296	1973-04-10	24	87	607
235	2016-11-12	36	69	1745
262	1959-11-23	35	38	1471
254	1953-10-24	12	53	1154
209	1950-10-10	-4	16	277
292	1941-01-27	-1	68	195
250	1989-10-06	20	80	189
204	1956-06-19	14	61	1746
243	2018-04-10	-8	55	838
208	1958-09-04	-5	39	591
249	1998-12-04	2	75	945
234	1961-03-05	27	27	816
241	1974-03-30	-8	57	741
207	2002-08-20	41	53	1690
282	1981-10-15	15	60	246
223	1972-10-07	9	3	698
296	1969-04-25	-15	94	721
216	1979-08-28	-7	63	714
274	1994-12-31	-7	77	1772
283	1991-12-19	2	77	1278
275	2004-03-20	7	42	1614
259	1987-07-26	-10	97	134
278	2009-09-10	-6	57	1619
261	1982-07-21	41	45	1705
273	1970-04-29	-7	79	705
226	1980-01-23	20	38	1453
268	1947-04-28	34	51	1143
223	2007-04-08	22	96	1228
214	1949-10-08	19	56	1262
208	1954-03-27	6	64	1984
216	1987-10-01	8	7	1740
287	1955-01-30	28	28	1222
255	1993-09-26	-1	38	153
254	1984-05-28	36	68	1700
220	2011-10-19	-4	83	1458
205	1985-07-13	35	36	635
289	1944-02-13	18	82	1814
221	1941-10-01	12	68	1965
251	1963-03-01	32	6	697
285	1966-04-27	-2	61	1315
219	1992-11-28	11	53	1226
208	2019-03-22	18	29	1152
289	1963-03-17	42	45	153
299	1999-10-03	-4	94	1959
242	1985-12-25	16	19	99
277	2010-01-30	16	38	527
204	1974-08-10	10	26	395
221	1991-04-29	15	3	1740
205	1963-04-05	14	82	691
210	1988-05-24	17	53	909
236	1949-06-19	-1	40	1961
231	2009-04-25	-8	98	462
284	1975-01-08	42	74	1038
262	1970-10-16	27	51	1274
211	1996-02-27	36	39	1608
289	1950-12-18	25	96	1926
263	1955-02-13	0	3	748
238	1975-12-26	9	97	1158
235	2015-10-31	-15	67	1909
205	1942-08-02	-11	58	1841
243	1990-07-17	0	91	1666
267	1965-11-26	2	14	940
217	1981-01-29	0	52	1218
253	1999-09-15	28	48	606
287	1990-01-01	-7	54	165
204	1955-01-07	16	61	1492
289	2012-07-31	18	24	329
211	2000-03-31	-4	93	1818
285	1962-06-02	-9	40	54
297	1959-03-08	8	17	1949
213	1977-06-05	-10	55	566
238	1980-10-31	-1	2	1657
226	1950-02-16	36	12	1541
250	1947-01-28	28	94	1411
258	1966-09-06	38	27	1514
273	2018-06-06	-10	19	1449
221	1951-01-16	-15	68	478
235	1943-07-25	-14	67	1234
257	1957-10-17	10	44	666
286	1981-12-16	42	58	810
290	1996-03-29	33	58	1117
265	2015-03-03	26	9	1396
231	1999-02-20	24	65	1542
271	2012-07-02	5	70	690
247	1948-08-09	-5	9	1470
264	1955-01-27	-10	92	266
244	1999-01-06	20	6	429
205	1983-06-01	41	98	578
224	2012-09-21	-9	98	243
265	2005-12-09	14	58	1227
298	1949-04-10	36	90	1709
205	1975-04-23	11	14	1324
222	1985-11-18	20	6	623
276	2012-02-21	37	39	1075
297	1953-06-06	-9	95	680
201	1942-05-21	30	72	361
267	1994-01-08	1	41	727
206	2009-08-10	0	58	281
205	1971-04-23	24	86	198
263	1986-01-30	9	11	1938
218	2019-06-28	-8	94	1350
276	1963-03-03	13	61	1476
246	1949-09-19	12	37	1988
282	2008-01-03	-2	1	1242
275	1950-07-11	40	17	1836
245	1984-06-20	38	8	263
296	1984-06-16	3	40	1399
262	2018-03-14	37	68	1045
228	2004-07-22	35	43	983
295	1993-10-09	33	74	1792
277	1980-07-10	30	78	868
273	1986-06-12	-12	42	1076
288	2017-06-12	-4	92	177
212	1958-06-10	7	70	1543
