241	2002-10-22	15	20	555
213	1973-03-25	26	45	1525
230	1985-05-30	22	59	1936
221	1991-10-18	-5	39	1678
247	1947-07-26	36	53	1231
201	2011-06-19	11	27	1987
281	1953-03-16	-3	82	1506
219	1948-05-11	37	100	1875
202	1955-06-07	37	10	810
204	1982-07-28	27	35	1501
237	2008-07-07	1	98	500
228	1947-05-12	8	94	210
290	1996-01-26	19	11	1814
207	1978-12-22	18	74	907
276	1959-04-25	35	64	1447
222	2002-12-22	16	51	1257
260	1966-09-24	38	32	1535
274	1987-05-30	21	47	1381
236	2013-10-05	-10	70	47
206	1949-07-25	3	37	1039
298	1975-09-20	8	56	1680
292	2020-03-18	32	50	1170
231	1997-07-07	34	99	992
264	1965-10-01	24	57	815
222	1983-08-06	-14	45	1885
236	2017-08-07	35	21	481
262	1990-07-22	28	78	264
246	1960-01-12	30	13	468
243	1995-11-23	26	70	570
227	1979-08-05	4	50	1523
211	1941-11-21	-11	51	911
277	1997-03-23	15	79	1127
283	1981-04-22	39	26	1795
294	1944-02-27	42	3	245
276	1944-03-07	-12	89	676
219	1952-06-19	-12	7	1477
270	1996-09-15	-4	50	325
277	1960-11-14	-9	97	1536
268	1956-02-08	23	93	1551
263	2011-09-13	42	50	1757
298	1978-12-10	10	1	1123
256	1992-10-25	19	47	145
220	1999-09-26	38	2	67
278	1954-06-03	7	73	1532
276	1961-11-10	-5	73	464
219	1966-07-22	17	87	46
242	1944-05-16	2	72	126
246	1994-04-11	31	50	338
293	1988-06-29	-10	67	32
202	1969-01-18	41	74	433
231	2016-03-11	-14	36	921
256	1960-04-06	34	76	784
284	1975-02-07	-2	74	648
239	2012-12-07	36	76	958
294	2004-08-13	13	70	1794
224	1952-06-14	39	86	307
261	1990-03-15	-13	27	143
221	1978-11-17	3	17	1350
250	1976-05-14	-3	40	684
274	1958-08-24	25	16	884
205	1982-08-02	35	63	1804
253	1979-01-25	-7	55	1838
298	1972-07-29	14	85	770
222	1993-05-21	13	92	997
232	1954-11-01	14	80	1242
282	2011-11-25	37	48	1188
269	1983-10-05	11	29	1089
268	1944-04-01	-15	32	72
258	2007-02-08	26	3	940
261	2013-10-18	-14	49	641
219	1984-05-02	-6	32	1735
290	2018-08-20	18	89	1606
257	2004-04-14	31	98	1922
251	1967-03-19	-14	88	1310
256	1950-02-24	1	35	828
251	1965-11-12	-4	41	55
203	1947-04-01	10	61	768
258	2018-05-31	-11	31	1717
210	1979-05-25	25	72	549
245	2007-07-25	3	38	598
294	1949-09-28	-15	88	249
252	1992-07-04	-15	40	872
202	2015-02-07	12	48	653
238	1973-11-05	-3	37	497
260	1958-06-27	33	52	188
261	1951-10-09	20	51	865
244	1949-08-28	1	36	927
264	2012-12-08	39	24	589
228	1969-03-01	14	60	349
242	1976-09-04	19	23	1534
291	2020-07-26	1	47	615
287	2016-09-26	19	52	1333
290	1950-05-19	41	84	1833
253	1956-05-08	18	42	103
267	1966-10-13	13	45	1972
290	1957-03-09	23	43	1631
294	2006-02-28	14	68	1862
217	1987-08-24	-7	51	586
254	1955-12-28	39	23	825
268	1991-01-15	-4	65	1726
277	2008-11-30	14	8	328
266	1946-08-21	31	36	1495
271	1970-04-15	-14	23	1981
259	1978-08-11	31	62	1943
295	1970-02-28	15	61	61
212	1948-04-22	7	16	1740
228	1947-05-21	18	47	1485
263	1972-05-12	28	50	1682
247	1975-10-13	19	100	353
277	1946-08-28	27	46	412
232	1969-10-18	24	90	722
291	1950-08-01	8	77	741
261	2014-02-12	1	94	1360
210	2019-12-26	-5	47	1793
295	1954-11-11	38	19	1549
255	1983-12-07	22	3	716
232	1987-01-10	6	73	67
244	1971-04-04	37	74	1456
266	1960-04-05	35	69	1362
273	1961-08-07	-8	23	919
296	2005-07-13	-8	21	1139
246	2008-11-14	16	25	1305
282	1959-10-21	-11	84	885
290	1940-06-11	30	73	614
216	1941-04-29	24	23	1065
205	2008-01-21	8	23	350
202	2011-06-19	-13	23	1738
298	1959-03-10	30	74	1329
213	1952-04-03	16	43	245
201	1989-09-13	-6	2	982
278	1976-08-21	23	32	222
279	2007-02-16	28	3	501
211	2007-04-13	31	33	922
246	1940-01-24	34	28	1605
221	1993-07-23	30	100	945
283	1942-03-31	11	59	519
258	2012-10-14	29	23	1946
213	2016-06-14	40	22	1876
256	2015-02-13	42	87	652
284	1945-03-16	3	64	1998
242	2004-04-20	15	16	888
244	1999-10-24	3	87	1731
281	1997-04-24	26	22	1167
204	2016-08-18	42	82	1619
231	1980-06-05	-2	36	45
277	1966-05-27	10	4	1026
220	1986-02-21	28	31	1388
258	1956-05-26	19	11	873
293	1948-10-04	-12	69	1141
235	1975-08-11	38	51	1207
291	1972-06-25	6	96	1101
219	1985-06-08	28	41	334
222	1940-01-19	-1	44	258
289	2009-03-24	40	41	1296
270	1968-04-02	5	87	1096
216	1986-12-15	26	29	1207
204	2017-04-15	16	30	1302
296	1959-12-21	16	92	451
216	1987-02-25	-4	95	1712
214	2006-09-01	39	29	322
257	1980-01-11	-8	9	324
205	1945-03-18	-6	27	1210
267	1970-02-21	5	58	1663
202	1963-03-30	18	100	47
296	1997-10-23	-1	41	36
249	1948-12-23	41	37	1958
256	1957-04-06	-13	72	427
292	1984-04-16	6	44	921
208	1958-05-05	13	44	831
297	1967-04-22	20	89	73
292	1953-08-24	25	44	1814
201	2015-01-05	36	3	244
267	1974-05-11	20	97	123
278	1991-09-25	6	75	611
267	1990-07-03	39	93	732
279	1949-03-27	32	83	170
231	1991-06-30	-6	8	603
221	1949-01-14	-4	62	1246
219	1984-10-27	-3	93	1453
250	1982-04-07	36	43	1917
282	1958-12-28	25	58	1014
255	1965-05-25	-13	98	1160
250	1951-04-09	35	83	173
271	2016-02-13	-1	45	645
269	2002-02-07	41	92	975
298	1975-12-11	34	51	909
255	1969-01-01	5	9	1877
242	2008-08-06	7	28	593
287	1963-05-21	33	31	1042
223	1973-02-24	35	48	1727
244	1947-09-04	28	34	658
268	1951-05-24	-7	34	1191
216	1949-09-20	-12	49	1430
205	2006-07-27	23	48	1082
237	1946-01-26	9	40	236
296	1945-09-21	36	49	164
208	1980-12-07	-6	42	727
261	2016-02-14	29	7	17
266	1955-11-26	1	88	1472
273	2018-03-14	23	62	300
234	1972-04-09	-7	76	408
266	2018-08-01	3	86	371
300	2001-02-26	15	27	1580
264	1982-06-29	-13	6	1864
232	1993-09-14	4	60	1019
245	2008-03-04	-10	12	806
212	1954-06-30	27	30	1627
213	1997-05-16	39	40	1237
292	1981-12-22	42	92	1321
216	1992-10-03	10	96	1082
240	1956-10-10	15	42	1183
237	2014-08-03	26	98	1011
245	1995-02-03	-5	82	233
226	1998-04-23	2	59	1374
276	1985-12-25	30	96	786
210	2010-01-31	6	44	872
269	2016-06-09	22	91	429
239	1987-07-27	17	31	125
234	1944-01-03	22	27	1313
273	1982-11-11	-6	86	1789
229	2016-11-06	-13	17	214
267	1961-08-02	-14	26	1058
256	1981-10-19	30	19	81
268	2013-03-16	-7	61	462
274	1977-09-11	42	32	584
288	1996-01-29	21	23	1396
227	1995-05-31	22	33	1003
276	1950-09-08	-5	68	1047
266	1997-04-18	-11	13	1137
220	1942-08-04	-2	34	83
268	1949-12-15	15	40	168
214	1952-01-20	13	6	1386
202	1977-09-12	1	32	372
256	1992-01-22	11	71	1057
280	1989-08-25	39	60	262
232	2006-09-16	35	24	1391
297	1991-07-19	5	32	795
280	1982-09-27	19	77	1353
245	2012-05-10	41	22	171
288	1954-10-27	-10	53	1364
241	1956-01-30	7	62	886
230	2001-03-30	3	50	1436
206	1951-08-08	15	35	1993
242	2001-10-09	9	94	1402
201	1981-02-28	-10	6	120
228	1942-03-27	1	34	1115
269	2017-07-22	29	28	1760
285	2007-12-27	36	77	1738
282	1988-06-24	-12	97	1942
208	1998-05-18	29	33	273
242	2012-07-07	21	38	472
223	2020-07-22	-3	13	783
226	1984-06-21	-9	12	1231
201	2009-11-09	37	78	142
252	1950-01-31	-12	28	382
222	1996-10-15	-13	14	1714
259	1947-04-30	0	80	611
278	1974-09-15	30	96	640
223	1981-08-29	-9	55	390
228	1986-03-23	24	13	1910
273	1970-08-03	-3	6	502
233	1949-08-28	17	80	851
276	1995-01-27	10	6	965
255	2014-05-29	-6	19	190
230	2001-01-09	29	53	17
246	1952-02-26	-8	85	1441
278	1974-04-30	-6	31	563
232	1982-02-26	21	84	340
293	1952-07-08	30	64	1980
216	1956-07-19	7	63	817
208	1985-06-23	29	63	255
245	1998-03-30	23	7	1660
232	1956-06-09	-1	17	1975
279	2012-06-16	32	21	1870
290	1959-06-30	34	90	327
253	2019-11-30	6	88	992
214	1995-01-07	38	39	1656
240	1994-09-02	6	47	1257
251	2001-05-04	25	87	919
231	1987-04-29	4	90	827
202	2003-01-04	5	30	1947
286	2017-12-11	15	68	332
252	1982-01-23	-15	63	851
282	1998-05-14	6	73	105
279	2003-06-21	13	100	313
246	1971-12-07	18	81	1566
291	1940-07-20	17	41	21
215	1997-03-02	-1	22	973
224	2014-08-04	41	94	52
