221	1941-05-23	38	84	292
251	1982-08-25	25	93	1951
214	1978-07-14	6	52	495
205	2018-11-01	13	99	1113
259	1948-10-31	21	57	706
273	1975-09-14	39	22	1745
297	1953-08-28	8	80	1648
250	1975-03-28	1	54	19
255	1971-04-09	27	27	1002
291	2014-08-11	27	22	206
276	2012-09-28	23	20	377
232	2011-09-21	35	20	874
290	2018-11-14	36	89	487
290	2020-07-19	33	43	1551
221	1981-06-26	-9	1	1746
218	1958-09-18	-15	48	57
272	1996-01-29	19	58	1736
202	1966-12-01	30	93	969
246	2014-07-23	40	73	1584
297	1970-06-25	30	21	1789
252	1970-07-07	-15	30	1231
293	1945-04-09	-14	61	793
231	1982-09-13	41	8	1506
297	1961-11-23	2	100	456
212	1991-11-22	5	72	884
263	1975-09-14	5	22	1889
277	1944-08-03	-9	95	1071
230	2017-02-19	-4	47	1266
208	1940-01-23	26	32	1915
282	1956-01-14	-4	1	1229
206	1981-02-28	22	8	6
270	2016-06-22	-3	88	840
297	2015-12-28	1	41	93
274	1941-09-28	10	13	188
294	2019-12-15	7	31	861
292	1960-08-21	-4	21	1192
232	1944-11-18	1	52	1524
211	1962-09-13	-8	37	508
282	1980-01-19	33	54	1156
263	1970-05-18	32	92	1068
282	2015-10-04	23	70	1309
247	1995-04-03	-14	32	1575
289	2019-01-22	11	83	982
252	2017-06-08	24	71	566
237	2005-10-23	31	35	304
280	1982-08-15	40	54	1220
206	1942-03-20	1	51	721
212	1951-03-13	24	18	1576
298	1993-11-03	-7	28	176
264	1989-12-20	27	61	1134
243	1958-05-23	21	23	175
231	1950-01-09	8	32	229
235	1980-05-09	2	7	1812
275	2009-10-02	-14	19	756
253	1979-07-11	28	5	707
244	1951-04-23	38	35	457
230	1998-07-14	8	85	227
216	1944-08-27	31	65	561
293	1994-10-21	26	39	1202
245	2000-11-14	23	82	1650
252	1957-08-24	15	75	246
265	1973-01-11	-4	17	1251
250	1992-01-07	-10	35	1143
233	1984-04-11	0	73	967
225	2010-07-16	39	41	795
294	1997-10-13	27	56	503
258	1952-06-06	8	75	842
287	1985-06-01	35	50	763
268	2017-12-19	-3	96	1114
224	1946-09-05	35	29	1189
300	2018-05-24	42	29	1697
213	2014-12-30	-11	8	113
222	1958-03-21	7	41	734
221	1983-02-04	7	94	1982
227	2003-11-07	-14	21	1383
267	1985-10-23	33	0	304
300	1974-07-07	42	27	1217
257	2014-12-15	-4	94	1501
300	1948-03-11	28	48	369
202	1948-01-06	13	24	717
253	1968-06-01	23	91	555
252	1998-05-23	17	20	958
264	1963-07-06	-1	40	485
295	2017-11-13	15	26	129
269	2013-06-12	11	52	659
221	1985-10-05	33	42	898
290	1952-12-03	-2	36	558
296	2010-02-19	37	93	1990
246	1997-06-12	-11	40	369
278	1987-04-12	6	26	240
255	2004-05-16	-3	48	917
256	2007-04-06	-1	91	578
264	1960-01-20	17	100	1641
277	2015-06-19	38	27	1167
261	1973-08-19	27	59	493
223	1981-01-20	-5	27	1036
268	1982-11-13	-15	26	1951
281	1962-05-04	13	5	1246
256	1988-03-10	1	47	1801
266	1966-03-19	6	93	1148
267	2001-08-01	14	79	1197
216	2000-05-20	-8	31	1484
246	1994-12-13	30	99	790
206	2012-02-15	37	71	874
236	2008-12-20	-5	49	85
282	1940-12-02	39	59	1070
202	1963-09-10	21	100	1769
278	2014-07-19	3	63	507
204	1970-11-15	-7	57	555
220	1941-09-28	-4	94	242
231	1985-08-13	-8	13	1440
286	2014-06-25	-1	63	1004
239	1946-09-14	-8	22	1730
273	1990-02-01	9	44	1144
300	1996-03-09	40	24	1826
226	1977-10-26	3	92	1893
240	2019-04-25	34	37	345
235	1988-05-13	34	57	859
248	2006-04-26	29	66	853
284	2007-03-25	32	11	787
271	1975-12-27	-11	11	286
233	2001-09-09	34	17	801
290	1953-08-08	-1	64	1247
233	2001-03-31	-10	64	1045
249	1985-04-14	8	18	792
271	1948-11-05	8	42	1954
266	1974-10-19	-5	32	906
282	1961-04-11	13	12	455
213	2019-05-22	36	44	972
299	1981-10-29	-10	35	1843
234	1984-01-20	0	61	611
225	1958-07-10	25	84	445
299	1949-04-30	42	80	1530
300	2012-07-16	5	55	1442
291	2013-11-15	16	52	1707
238	1976-10-06	27	92	565
269	2020-09-06	-11	27	695
275	1956-09-20	-3	34	1778
269	2001-03-04	32	71	891
