236	1981-03-02	21	78	1399
221	1941-05-08	4	50	852
241	2014-05-03	22	75	1086
253	1964-11-22	39	81	1097
254	1986-01-15	-1	22	1867
211	1981-02-12	34	25	1459
219	2011-07-21	-14	14	1425
277	1998-05-25	-1	48	544
221	1982-12-29	30	89	303
270	1998-09-03	-7	92	1351
206	2017-04-17	40	15	1023
243	1945-12-30	4	99	1714
203	1949-10-01	-11	17	800
201	2009-10-25	30	46	1230
281	1999-04-29	-6	35	499
238	1991-11-14	-12	30	717
274	1993-10-21	32	99	1957
279	2016-04-10	13	1	1290
261	1967-01-01	42	96	1736
277	1951-09-29	25	56	1880
256	2004-03-17	4	87	1971
276	2009-01-02	2	44	1789
264	1948-11-11	-4	86	1485
272	1978-09-07	39	66	174
239	1971-02-13	-5	21	543
248	1942-03-17	42	3	920
271	2006-04-13	-12	89	734
295	1955-01-11	-1	88	1631
220	1949-08-25	10	33	908
290	1988-04-26	-4	95	1437
245	2012-10-29	10	26	653
250	1950-01-29	0	29	426
215	1984-02-05	19	65	534
249	2017-10-05	35	54	1477
224	1972-07-08	19	29	1516
286	1960-01-17	40	40	1269
231	2006-03-24	1	30	1712
226	1991-06-17	-13	30	1269
260	1966-08-24	-3	86	1118
225	1995-12-17	40	90	1039
257	1995-02-18	-1	99	1917
211	1992-09-01	28	63	1648
295	1965-06-13	28	88	165
297	1965-06-25	-8	21	596
274	1962-10-31	-10	65	682
235	1954-04-26	-7	77	1017
207	2019-12-30	35	69	1645
281	2007-11-29	38	49	1960
244	1982-01-12	-5	71	1695
268	2001-02-25	30	68	1638
255	1982-08-15	36	44	1745
260	1953-07-12	41	12	840
269	1985-12-23	0	76	1745
228	1970-08-09	-13	63	51
217	1974-03-24	-14	8	1090
209	1948-09-18	10	100	1401
263	1961-11-20	31	66	566
278	1950-04-05	4	70	1116
255	1989-07-14	10	49	1326
249	1949-10-02	-6	32	1674
239	2016-12-23	-15	92	726
277	2008-03-07	17	30	1492
241	1968-08-18	17	86	373
278	1964-10-06	19	94	1200
281	1968-12-05	31	49	1079
271	2000-03-28	25	84	1863
282	1944-05-22	7	50	1661
210	1963-01-29	38	36	336
292	1965-05-04	-14	88	1230
287	1980-09-25	34	66	166
248	1956-07-12	39	47	842
286	1964-05-23	27	67	1557
239	1980-01-18	6	50	1587
218	1942-06-20	38	94	477
263	1943-05-28	9	21	1952
285	1986-03-21	2	95	264
284	1977-01-09	10	38	204
271	1971-01-08	34	27	1882
237	2016-09-02	-15	3	1927
229	1948-12-21	6	96	1744
209	1940-01-06	16	47	375
267	1955-02-18	1	17	1992
230	1994-03-26	3	69	1640
243	1959-07-23	-1	34	643
243	2012-08-18	18	23	1660
249	2001-07-17	23	31	1994
294	1970-07-08	-11	52	1542
231	2018-07-25	31	12	814
285	1991-07-26	6	94	1433
245	2014-12-28	10	77	1508
293	1949-08-03	0	70	699
239	1945-07-04	29	41	1354
265	1985-04-27	17	55	1146
244	1949-02-19	38	42	1748
221	1981-03-04	9	99	1160
294	1987-05-04	34	39	1358
253	1998-06-28	5	1	725
258	1951-12-19	-15	68	906
265	1990-02-14	-10	59	429
258	2007-03-31	-6	70	1161
272	2017-11-06	21	85	1703
250	1954-04-28	23	97	1860
292	2013-11-24	18	46	838
214	1999-02-22	35	16	812
245	1994-04-06	27	47	21
