257	2013-08-29	5	25	1974
211	1997-02-25	-13	84	1280
281	1961-10-08	40	15	217
231	1961-04-14	27	87	582
254	1955-08-24	17	90	1709
234	2006-08-30	14	94	1414
296	1941-07-05	13	90	1210
276	1946-07-30	2	74	731
284	1993-12-29	24	56	492
238	1976-08-01	22	72	1591
234	2016-06-28	3	89	71
230	1980-02-11	2	15	56
210	1974-04-21	6	76	549
247	1980-02-07	-15	43	231
236	1995-03-10	13	37	1037
278	2004-09-26	16	16	125
230	1986-10-24	-15	11	1916
220	1998-01-03	39	14	569
207	1962-12-08	8	71	1191
206	1952-05-05	2	100	1827
234	1948-12-29	24	14	711
257	1964-02-01	35	37	1676
266	2018-09-05	29	0	1792
287	1955-05-25	-1	85	1774
273	2009-04-16	33	5	760
215	1963-04-29	-9	87	348
279	1948-03-04	42	0	1128
211	2000-11-27	3	29	648
246	1994-06-17	4	55	1651
292	1940-08-31	-1	5	1506
233	1982-02-23	25	98	1448
286	1988-06-06	-15	39	1634
300	1980-12-10	42	46	896
256	1971-09-30	7	63	1705
271	1995-11-05	3	30	1512
271	1952-02-19	-15	44	1809
262	1943-01-27	36	51	645
207	1987-07-24	-12	58	931
298	1946-06-28	38	53	1347
221	1983-12-18	5	4	1095
296	1965-08-16	-4	90	1631
219	1971-10-27	23	27	1283
258	1984-06-18	27	60	1386
251	2016-05-15	9	34	1435
255	2009-07-23	12	70	1551
218	1941-09-21	33	76	1078
227	2006-05-24	27	37	436
272	1988-04-05	13	39	1520
206	1995-06-25	-9	87	200
286	1969-08-03	25	17	1355
219	1995-03-14	37	51	1639
249	1976-10-17	35	80	1373
263	2001-02-18	25	54	313
296	1973-10-29	-3	100	30
243	2014-05-21	30	86	302
218	1967-02-08	25	22	1960
257	1976-10-14	4	0	980
215	2019-03-19	24	23	525
247	1975-01-20	14	33	1675
290	1996-05-30	-15	49	519
220	1988-06-06	15	16	170
293	1951-07-10	6	83	996
210	1964-09-24	0	74	118
213	1995-04-12	23	36	272
249	1971-03-27	-9	56	1861
227	1993-08-14	40	69	1051
288	1953-01-05	0	31	1836
287	1957-01-24	-15	40	523
279	1941-03-25	-10	9	1980
275	1952-01-16	22	70	339
300	1943-04-08	15	21	448
208	1970-02-14	16	97	504
226	2002-02-05	39	44	1549
207	1960-05-26	-13	68	449
251	2007-02-22	36	85	503
281	1993-07-02	37	88	407
219	1997-04-13	5	10	120
260	1980-08-01	10	93	74
270	1991-07-24	-13	51	750
293	1945-02-15	27	54	343
238	2010-09-02	-4	91	295
274	2017-11-13	24	80	738
275	1992-06-05	20	69	286
220	1992-02-25	25	82	1740
297	1962-07-12	4	2	1002
274	1983-06-02	0	94	491
227	1953-07-27	39	96	1538
219	1976-03-19	22	32	72
216	1976-09-30	-3	53	826
263	1981-03-16	-8	43	1846
271	1964-07-31	-3	15	50
232	1941-12-22	23	86	190
222	1981-02-23	30	36	95
265	1960-05-01	1	71	114
203	1978-03-25	23	0	1869
231	1959-11-20	-8	48	1942
266	2001-10-15	-6	92	1842
295	2016-05-02	39	95	70
232	1966-10-11	14	45	1095
251	1977-11-02	13	22	1024
278	1940-01-25	-6	33	1711
256	1999-11-18	-2	69	723
231	2004-08-02	-14	98	300
232	2013-09-17	-6	98	900
273	1980-07-16	21	21	303
201	1981-11-04	28	90	549
279	1988-01-20	26	76	1501
203	1972-04-08	-12	65	787
278	2016-08-05	10	97	1336
259	1972-01-03	27	4	1151
202	2002-03-26	32	50	12
275	1960-09-20	2	3	1875
288	1981-04-01	28	5	675
263	2003-09-18	14	63	598
236	1973-11-25	-14	69	1900
245	2018-04-07	41	3	579
237	1984-12-13	36	81	554
272	1951-07-17	40	78	467
263	2014-05-30	24	35	1685
283	1982-11-27	-10	11	1302
276	1961-11-27	-14	5	958
262	1989-08-18	29	69	994
219	1953-09-17	32	89	1347
221	1982-05-07	-15	94	1266
203	1967-03-26	-9	8	1196
287	1952-07-18	37	80	97
285	1957-07-12	32	31	1892
239	1981-09-12	4	31	1206
268	2020-05-02	25	74	160
209	2000-01-14	-10	61	599
273	1999-05-14	29	89	427
203	1957-01-27	11	35	1048
285	1940-03-02	-10	43	286
249	1982-08-25	-8	74	603
291	1953-04-14	6	20	1816
211	1956-05-03	13	43	1248
239	2013-07-04	16	81	1266
231	1998-09-08	36	84	1812
248	1964-01-30	34	5	960
281	1956-11-15	-14	4	1980
210	1977-03-07	15	33	716
236	1961-06-14	4	22	443
237	2002-05-06	40	6	1078
286	2009-09-18	15	21	552
269	1978-09-04	6	12	1889
297	2019-04-04	2	59	943
299	1999-06-30	-2	84	282
240	1946-01-05	17	77	1677
205	2014-11-22	42	95	12
265	2019-09-01	29	90	1110
228	2015-06-22	18	18	887
265	1991-06-30	-3	82	807
222	1963-02-21	-6	93	1977
279	2013-09-23	23	31	1273
219	1944-06-16	38	24	952
275	1989-12-15	28	25	875
217	1974-09-05	-5	31	221
202	2003-09-08	-11	3	1954
233	1955-03-17	21	62	585
205	2002-05-13	-15	82	76
266	1985-02-22	29	12	10
275	1982-07-05	17	90	1358
259	2004-05-30	17	87	1078
282	1993-10-26	24	72	11
298	1941-12-20	-12	27	1110
207	1940-12-29	20	44	991
288	1963-07-04	33	30	208
270	1972-07-27	6	80	110
282	1953-09-28	36	55	1057
253	1942-08-16	32	8	404
224	2020-08-15	-9	59	293
272	2014-06-16	-2	28	1380
222	2012-08-01	20	97	1984
275	1981-05-05	18	50	1749
232	2017-07-30	36	41	1383
259	2010-12-23	32	64	602
276	1958-06-11	31	62	1255
203	2010-11-29	-4	23	268
242	1976-04-27	42	18	660
250	1983-12-07	6	43	1830
288	2001-11-30	31	29	1032
235	1954-09-26	0	64	781
265	2019-01-21	25	89	1511
205	1954-04-14	37	13	1331
245	1961-01-04	17	5	1239
217	2011-11-17	16	62	438
291	1964-10-15	3	49	347
289	2010-12-16	-1	41	883
205	1987-01-30	5	83	178
293	1985-08-29	22	0	992
256	2020-01-22	21	49	241
277	1946-11-08	-7	2	1828
248	1951-08-20	-6	20	1102
248	2018-10-24	40	5	477
288	1951-03-20	20	60	841
210	1945-02-24	-7	17	1538
254	1942-10-03	33	13	768
279	1987-03-22	35	75	1604
203	1953-01-29	10	80	1734
255	2002-03-03	1	60	666
281	2006-02-16	-11	78	78
201	2017-08-12	27	38	454
233	2011-03-02	7	96	209
224	1954-11-03	32	90	1018
299	2019-08-30	8	89	1895
238	2002-01-15	0	57	1612
239	2008-01-27	31	100	832
286	2018-08-15	-10	27	367
207	1964-06-27	-6	43	1841
300	2016-11-25	-9	48	1921
262	1990-07-02	1	13	366
300	1991-10-23	-6	29	568
250	1987-05-22	0	12	448
241	1945-01-21	9	80	1499
249	1952-02-15	5	34	1562
218	1968-10-12	20	63	1677
266	1950-05-07	-6	22	690
250	1945-12-26	25	79	1135
285	1989-03-30	0	49	288
225	1940-01-24	-10	42	1588
