288	1983-06-10	25	50	518
204	1960-12-18	-6	31	166
256	1967-06-12	30	85	710
226	1972-07-06	15	85	879
296	1989-05-10	-13	88	1653
280	1957-01-01	25	52	844
216	1989-07-18	35	88	179
269	2011-11-07	2	70	1024
242	2013-05-27	4	18	1011
247	2015-10-30	9	90	1131
289	2007-02-27	9	30	182
274	1961-04-09	13	38	977
252	1941-08-22	32	61	1662
243	2008-11-18	0	84	536
300	1986-09-04	28	35	1998
261	1991-09-10	-5	60	1947
256	2015-12-29	4	61	145
223	1956-08-13	-10	66	915
243	1942-06-27	30	22	1523
268	1941-04-22	-12	80	497
226	2019-04-02	19	87	1311
298	1973-09-11	-13	53	1017
299	1981-05-07	0	97	1556
273	1966-10-11	1	22	317
241	1961-11-08	-6	27	1655
217	1968-09-13	-6	53	1260
249	1975-02-14	31	8	1980
202	2010-01-29	12	26	1380
220	1958-06-30	-13	5	1654
224	1963-08-18	7	39	1122
281	2015-05-26	36	21	1207
220	1945-01-27	9	79	1385
210	1993-10-28	17	64	870
239	1981-01-23	0	7	1270
248	1957-04-16	2	74	593
202	1944-04-20	12	44	1627
251	1951-04-07	-2	5	471
230	1977-12-20	17	63	1847
299	2007-05-28	24	12	1608
293	1948-02-29	26	86	1831
207	1962-11-07	33	65	500
216	2005-07-20	2	50	900
243	2008-07-01	0	44	1640
202	2013-07-28	20	44	1159
262	1993-10-26	31	37	298
219	2009-03-19	-14	9	1252
261	1996-02-29	-9	56	1590
285	1966-06-10	29	16	1096
238	1958-09-11	42	3	1237
248	2004-01-07	35	95	1993
283	1995-11-11	13	81	1009
212	1986-10-03	27	63	821
270	1977-08-16	-13	70	1238
267	1973-03-18	-12	54	1953
239	2005-12-30	30	97	1763
243	2019-03-12	39	63	1503
217	1952-04-09	2	46	1558
300	1993-04-10	32	96	115
205	1995-11-22	31	92	1824
250	1965-02-27	5	30	1441
279	1997-12-22	28	29	158
236	1943-05-21	31	86	1195
203	2010-11-17	11	85	709
224	2012-08-30	37	67	1282
236	1940-05-13	17	82	596
240	1990-09-29	-11	86	1393
246	1990-01-28	24	49	652
288	1977-06-18	38	100	914
238	1955-07-14	17	59	935
207	1940-07-18	41	38	305
205	1988-05-02	10	59	1358
252	1944-10-07	12	85	933
264	1968-10-02	31	28	1802
204	1945-02-11	35	68	1797
209	1940-09-15	15	8	1861
260	2004-05-20	-13	7	1178
216	2001-06-30	19	55	471
232	1941-01-22	17	23	1282
238	1982-12-09	42	45	212
228	1985-08-15	38	78	1979
300	1986-09-22	7	41	970
247	1945-02-10	30	66	94
257	2011-11-03	24	41	323
232	2009-11-25	27	96	793
224	1975-11-12	16	74	1968
212	2018-10-31	10	1	990
291	1950-11-27	-5	41	624
217	1998-03-03	13	6	1453
211	1950-12-29	40	38	59
216	2020-06-22	2	70	1727
286	1982-02-14	18	45	101
204	1940-03-29	25	61	1238
291	1956-02-10	5	3	1900
276	1956-12-12	31	56	1726
203	1981-08-05	30	23	1066
269	1997-10-05	9	87	927
240	2009-02-27	6	18	994
249	1944-09-27	14	34	471
245	1993-11-28	28	12	242
298	1978-04-13	18	52	663
235	2001-12-14	42	57	1312
234	1995-08-05	39	19	351
238	1970-07-26	-3	96	1283
273	1986-06-29	-3	75	1829
254	1955-06-25	13	13	895
211	1961-11-02	25	86	57
229	1977-12-22	28	83	239
282	2013-10-01	28	94	240
294	1976-08-10	20	22	1776
225	1985-07-24	-8	26	62
272	1984-12-25	7	35	1566
237	2006-09-12	19	3	710
234	1955-06-21	30	3	1329
225	1996-11-12	19	21	1347
266	1947-08-05	24	50	1100
211	1948-10-25	-5	53	1290
254	1964-09-27	4	22	1866
253	2010-08-11	5	69	1523
262	1947-03-20	-5	14	1313
270	1966-10-30	34	81	127
218	1978-04-03	13	42	651
287	2010-11-22	18	28	1503
243	2016-09-03	-1	86	709
216	1959-02-20	15	86	1327
207	2015-12-14	37	5	253
268	1944-10-08	32	98	228
206	1946-02-07	-13	26	1845
263	1949-03-04	13	83	676
203	1993-12-25	13	87	1048
290	1974-06-09	39	51	684
226	2013-07-02	27	35	46
268	2006-01-01	18	66	355
224	1944-12-26	-1	27	1125
221	2000-07-25	15	6	1367
261	1963-04-29	7	8	579
232	1959-08-15	-10	25	625
277	2014-01-11	4	79	29
264	1965-02-04	12	7	306
276	1979-07-05	-9	56	1687
298	1988-10-02	-1	24	226
250	2014-01-20	0	64	544
250	1955-12-14	18	79	1686
217	2013-03-04	1	95	1320
237	1993-04-27	13	83	771
207	1948-07-14	-13	13	971
286	2012-03-09	-1	67	807
282	1941-07-31	9	18	432
298	1976-11-18	-4	80	23
237	1983-01-18	-4	49	248
278	2003-04-29	29	47	230
300	1973-04-24	17	40	1289
293	2004-04-09	29	3	1309
210	1977-12-07	19	84	1230
254	1941-03-15	-7	42	419
299	1984-10-22	5	67	1628
213	1988-08-17	19	75	1
276	1965-11-22	32	11	792
258	1940-10-16	-4	20	1553
238	1972-03-10	42	8	1487
281	2020-03-27	-11	2	1890
227	1980-08-14	-10	25	331
244	2018-05-18	4	77	1846
241	1969-12-13	39	60	1518
224	1956-02-25	26	95	1005
299	2018-08-30	-11	57	566
215	2000-06-18	15	31	941
224	1988-08-08	32	27	666
291	1995-06-28	1	87	1442
203	2017-11-02	-3	16	660
280	1948-10-04	-6	23	1442
289	1944-03-06	35	83	327
271	1999-04-08	17	71	1731
288	1993-03-20	34	20	25
245	1993-07-13	5	78	1500
246	1953-05-06	-5	100	319
215	1973-02-12	-10	14	461
240	1954-09-02	23	78	69
285	1998-05-19	-1	38	719
296	2011-09-11	-4	31	1398
267	1960-03-29	23	43	706
253	1944-01-08	36	0	1575
240	1946-07-03	39	57	1781
203	1971-10-12	-9	78	409
287	1968-02-25	-2	94	358
230	2012-07-29	30	6	132
289	2007-01-27	13	77	1466
268	1982-11-19	28	89	805
228	2018-04-27	14	54	300
215	1979-09-04	-13	82	478
234	1981-06-06	8	68	749
258	1980-01-26	-2	9	1098
202	1951-03-31	-9	41	770
230	1978-12-27	28	34	1279
272	1961-10-13	-1	92	1736
229	1968-11-20	32	42	1844
241	2019-08-18	25	18	438
211	1973-11-16	22	42	1670
216	1954-09-22	14	61	1545
223	1972-01-01	-1	71	936
207	1964-07-14	-10	87	24
209	1952-08-25	37	69	1271
294	1983-05-16	40	7	1781
238	1959-05-22	13	48	1721
272	2011-01-15	11	10	129
232	2019-08-08	-10	88	622
271	1954-11-28	-4	64	214
224	1999-07-31	13	12	1196
268	1989-05-12	32	61	983
244	2016-02-17	6	85	561
237	1997-11-19	0	62	1024
224	2007-02-26	20	0	1665
287	2002-10-30	34	34	1796
258	1961-06-20	31	53	1710
289	1965-06-03	9	87	811
299	1963-05-18	3	64	1642
295	1968-03-11	9	99	1008
238	2002-04-28	3	49	867
231	2003-09-01	23	1	873
292	1989-02-27	-4	73	501
263	2016-09-24	26	49	939
233	1990-04-09	8	91	1325
281	1967-11-19	-10	33	567
234	1983-10-21	42	42	367
205	2010-10-17	32	61	1165
230	2014-12-21	41	14	1016
271	2002-10-31	5	32	1057
262	1945-09-20	27	49	688
221	2003-02-25	5	69	1977
274	1960-06-27	12	59	731
241	1971-01-10	24	83	1389
256	1964-12-01	3	75	1123
244	2009-12-23	26	95	712
209	1957-04-12	3	64	295
248	2018-09-05	1	56	1027
296	1964-11-12	30	51	820
251	1982-01-25	24	40	1366
245	1995-11-20	26	43	450
267	2003-08-15	2	88	301
231	1952-02-28	24	95	606
