204	1983-04-18	11	14	1290
245	1959-05-12	24	62	859
282	1977-02-17	18	36	1631
230	1957-10-11	29	98	1421
288	1988-12-20	24	22	564
299	1997-05-25	32	6	1678
247	2000-03-01	11	72	912
218	1941-01-14	42	90	1353
227	1983-08-29	16	22	278
224	2001-10-05	23	20	962
216	2017-05-18	-7	9	842
289	2004-02-27	37	62	1995
282	2009-08-23	26	41	1844
253	2017-07-15	19	42	1031
281	1990-12-23	36	0	251
245	1978-06-18	-14	57	659
215	1959-02-27	-8	56	875
255	2002-07-21	-1	20	604
238	1971-07-13	37	71	1865
286	1965-05-06	29	28	1015
239	1961-12-28	-2	29	1347
208	1999-05-14	2	59	379
228	1953-02-27	21	60	466
254	1970-10-19	-9	18	1549
250	2018-06-16	-3	2	275
210	1997-11-17	-4	52	1116
273	1975-05-20	-13	88	1511
268	1977-09-13	7	16	1914
255	1970-11-01	3	64	112
214	1949-08-11	20	48	676
286	2001-08-14	-10	25	915
210	1985-08-05	-8	21	1405
256	2013-05-23	-10	58	809
281	1949-02-15	40	99	139
300	1949-03-24	-10	0	893
213	1985-08-19	16	29	1995
291	1976-06-26	-10	16	1536
219	2002-07-08	34	58	258
258	1982-03-06	-12	49	910
290	1940-02-04	-6	68	501
283	2017-02-26	-8	92	1785
295	1961-08-11	-5	30	541
299	1957-02-18	21	90	1682
297	2013-03-23	17	1	38
211	1941-05-14	-7	53	909
261	1956-04-29	-13	63	1447
271	2018-12-31	12	80	374
207	1993-01-29	28	4	765
225	2016-12-05	-9	92	1680
269	1970-09-14	-12	75	1827
229	1959-03-20	13	69	1269
223	2006-05-20	33	29	1702
217	1966-02-25	32	56	1199
207	2002-09-21	16	25	2
291	1984-08-15	-6	43	1532
227	1996-11-19	-3	15	1716
210	2000-05-30	20	20	936
269	2008-10-20	27	77	1369
257	1950-07-13	6	54	1985
289	2006-03-21	-3	63	1708
263	2020-01-24	22	53	579
236	2016-06-17	0	13	1051
294	2013-01-21	-14	44	1454
221	1948-03-16	-4	24	942
223	2016-12-07	22	24	1830
261	1980-10-13	-10	63	1249
269	1967-12-20	30	44	1190
255	1950-10-10	35	55	314
271	2002-06-14	13	65	583
267	2009-10-29	41	61	233
248	1947-07-15	38	3	883
252	2017-02-04	36	99	1459
296	1990-03-23	-3	91	396
270	2002-10-03	15	35	1144
253	2004-05-27	-7	3	1561
274	2003-08-15	37	56	1545
289	1981-03-13	0	25	506
219	2001-12-15	12	90	1989
261	1982-02-19	-7	82	1625
260	2019-05-23	-7	80	1598
222	2011-02-21	26	36	532
255	1989-12-15	24	51	526
290	2012-08-01	21	75	1486
269	1951-05-04	-5	93	69
297	2012-08-15	34	42	1768
217	2016-11-29	24	36	1818
248	1968-02-09	38	11	1191
214	2015-12-20	-8	62	708
270	1990-02-20	-9	47	61
248	1961-10-11	4	25	19
278	1950-02-13	13	3	76
279	1983-03-01	42	19	68
234	1943-04-11	32	35	708
288	1951-12-24	7	36	1576
269	1967-01-24	3	35	390
259	1951-01-18	21	52	969
208	1994-08-24	7	51	1933
277	1972-06-10	3	83	797
217	1977-12-03	21	66	42
270	1981-09-06	4	49	492
264	1977-09-28	-5	15	584
283	1995-06-10	13	65	541
232	1969-09-16	4	14	895
202	1970-02-08	-7	92	866
292	1954-08-29	1	41	1983
232	2010-05-06	25	13	411
287	1940-12-01	-10	79	599
233	1956-05-18	-13	18	1384
277	1969-03-17	18	61	63
297	2009-05-05	13	61	652
224	1963-05-16	-1	95	1627
240	2014-09-30	30	31	558
269	1993-03-23	9	95	596
241	1941-09-21	-5	31	1666
259	1955-12-24	-11	61	1051
242	1960-01-04	-7	27	347
256	2004-06-09	-7	70	1624
235	2016-10-21	3	79	420
261	2014-07-17	38	49	1215
206	1969-02-17	20	48	505
275	1983-11-07	42	22	900
251	1985-11-11	16	0	199
246	1947-10-18	26	77	1274
231	1963-11-23	3	69	1486
247	1975-10-29	18	93	1236
270	1973-11-03	23	22	1020
237	2017-03-15	19	98	76
278	1975-08-12	42	36	374
288	1964-07-11	-14	86	1774
218	1948-11-14	38	77	1301
208	2001-07-04	23	87	1749
248	1962-04-20	39	90	1426
206	2010-06-19	1	28	685
210	1943-03-07	-9	39	1708
268	1961-06-27	-2	80	426
244	1979-12-18	-12	23	481
222	1978-12-09	-4	36	1595
249	1983-09-02	-10	47	725
289	1968-04-14	39	61	1633
208	2000-06-22	4	53	65
281	1989-05-02	20	89	940
291	1949-07-21	11	40	684
203	1948-09-09	34	22	550
287	2020-02-04	18	99	304
202	2020-09-10	17	6	560
246	1992-11-26	-12	61	1254
235	2003-04-16	-12	9	1922
239	1962-07-18	24	39	667
213	1966-05-05	-4	80	923
205	2003-03-29	3	82	1634
239	1946-03-19	1	89	1899
291	1987-01-31	28	37	1564
227	1952-02-20	8	72	303
299	1965-02-05	32	60	127
247	1958-07-24	-10	54	1682
245	1988-03-21	16	95	589
241	1958-01-03	24	31	1953
236	1997-07-08	8	89	183
299	2000-08-11	16	97	331
262	2015-01-11	8	77	900
237	1969-01-06	7	51	1564
293	2016-11-18	-13	20	72
271	1956-11-28	23	47	1729
226	2008-12-01	8	88	1914
295	2009-05-15	-12	30	1201
225	1941-06-20	35	37	1134
273	1993-01-23	-8	72	1389
289	1956-11-30	36	80	1042
209	1981-09-26	38	71	1309
292	1999-05-31	19	79	776
248	1942-06-19	41	90	1616
215	1974-10-31	5	82	715
223	2007-11-27	10	65	1589
296	1984-04-01	42	39	579
242	1955-08-13	11	32	206
263	1968-03-21	18	18	1106
293	1942-09-19	-2	68	62
239	1948-09-03	17	6	298
205	1947-11-05	-12	37	1529
252	1995-07-18	-7	25	736
237	1974-09-30	38	48	365
252	1974-10-27	24	11	117
229	1991-04-27	37	66	1740
266	1998-10-10	3	37	468
286	1940-12-07	5	65	237
262	1982-01-13	13	68	1689
258	2010-06-20	31	49	927
278	1983-02-24	5	88	395
207	1951-01-20	16	90	1874
300	1966-08-16	-4	18	321
205	1948-04-05	4	53	105
253	2006-03-16	35	14	509
265	1985-08-30	20	45	67
298	1951-01-11	-8	32	1162
235	2011-12-21	10	96	1438
261	2017-12-27	0	64	245
219	1986-07-01	22	68	867
265	1980-12-19	-6	7	796
250	1956-12-02	0	43	394
262	1995-03-29	36	28	1415
250	2013-08-23	28	79	1421
222	1963-12-31	34	41	903
289	1951-11-26	-2	99	1848
215	1982-01-13	-6	37	1533
223	2000-05-29	24	99	1495
242	1985-11-22	-8	20	1535
228	1979-06-04	27	72	535
293	1961-03-07	24	1	88
294	1977-03-11	-15	48	414
216	1966-05-19	-7	89	40
232	1955-09-20	10	96	991
204	1967-08-14	-10	96	1468
