258	2003-11-12	31	26	52
244	2016-01-14	47	19	143
292	1941-06-19	90	26	176
219	1953-03-02	13	28	123
294	1980-06-08	42	21	184
257	1961-03-12	83	1	40
235	2001-10-29	100	61	136
254	1986-02-13	84	96	60
266	1949-01-26	99	67	98
281	1951-03-11	9	76	72
215	1998-10-14	97	30	189
289	1978-11-17	47	53	147
231	1994-10-25	19	89	72
211	1991-11-18	55	76	89
282	1953-12-28	43	30	139
282	1940-03-18	19	60	67
261	1957-12-25	75	47	192
285	1998-09-07	12	89	68
272	1959-07-19	88	98	177
238	2006-04-09	5	6	184
205	1954-04-13	53	86	13
271	1992-03-17	95	23	140
212	1987-10-14	88	47	148
225	2011-04-18	58	69	159
267	1981-10-15	6	55	39
239	1987-11-25	96	89	86
259	1980-01-30	0	38	33
271	2007-04-10	10	51	24
296	1942-01-15	96	14	9
205	2014-03-15	25	67	59
201	1974-08-20	2	85	133
214	1951-09-30	65	53	56
209	2012-01-20	41	80	128
236	1998-09-30	45	30	91
217	1962-12-07	44	31	188
218	1996-04-19	42	56	80
240	1971-11-20	64	70	119
264	1983-03-13	83	33	137
285	1949-12-02	29	35	130
259	1966-06-20	30	26	189
217	1958-09-03	33	46	106
259	1965-03-27	23	54	71
237	1993-05-19	35	66	21
205	1956-05-20	81	53	66
228	2002-01-23	40	8	104
267	1942-08-17	96	91	71
279	1980-09-13	0	7	164
258	1982-05-20	80	75	157
279	1962-01-12	38	16	195
258	1950-02-25	23	42	18
230	1943-03-29	13	67	55
270	1948-01-13	68	58	174
229	2008-01-27	95	3	80
235	1985-04-03	25	7	67
211	2004-05-30	48	50	131
261	2008-02-22	49	46	181
255	1998-08-20	0	25	70
201	1978-09-17	13	87	88
203	1960-06-02	69	95	162
235	2020-01-12	82	61	173
210	2014-08-20	18	75	19
255	2000-12-21	79	34	93
299	2007-08-13	76	32	172
278	1999-10-02	26	69	37
288	1945-08-31	18	73	168
251	1977-09-25	51	25	111
265	1967-11-19	6	94	69
261	1951-04-05	14	90	56
208	1996-12-10	97	32	161
211	1969-03-16	50	5	53
249	2020-06-01	86	56	164
214	1961-11-21	77	19	73
257	2011-10-21	78	38	138
203	1957-01-02	48	76	21
209	1991-10-02	4	2	43
215	2000-07-10	31	53	68
217	1993-12-17	96	32	144
262	1961-07-23	30	79	133
252	1994-03-07	56	17	105
287	1983-01-06	48	50	143
269	1971-01-02	6	36	25
233	2001-12-07	99	8	170
297	1995-03-20	90	5	122
250	1969-09-16	11	28	25
277	1949-03-14	42	7	90
232	2004-02-05	25	30	177
245	1948-07-02	100	32	158
233	1979-08-06	14	11	41
249	2012-10-03	34	64	109
262	2015-12-03	54	7	48
207	2016-10-05	54	3	155
280	1986-04-16	85	21	33
268	1948-03-27	19	26	21
247	1995-12-23	72	19	160
242	1990-06-08	21	32	190
288	1971-07-22	94	99	153
273	1942-12-13	45	15	176
270	1993-07-31	88	98	15
238	1990-05-09	94	79	94
279	1947-03-14	20	18	107
272	1969-11-27	71	29	194
248	1962-04-30	13	54	201
242	1959-01-10	4	6	159
226	1976-08-26	45	100	98
249	2013-06-18	22	28	134
234	1967-04-07	7	70	131
255	2001-04-16	88	90	133
231	1991-10-31	88	27	4
229	1948-03-20	51	56	39
296	1940-09-27	64	44	36
276	1944-07-21	35	96	121
201	2006-02-05	94	66	91
208	1975-02-28	84	100	8
221	1947-07-16	61	7	134
220	1966-05-17	33	86	188
215	1990-10-23	76	48	4
235	1981-07-21	19	34	184
206	2006-03-09	43	69	81
275	1945-03-18	71	44	148
258	1956-09-25	16	26	90
262	1993-10-01	92	16	0
299	1994-05-04	79	27	145
294	1976-01-22	9	68	128
208	1979-04-09	12	93	179
256	1962-12-06	29	1	167
291	1988-05-06	24	13	158
294	1970-05-27	56	29	106
299	1983-07-01	87	90	173
275	1940-01-31	27	47	130
243	1960-06-20	0	82	168
236	2003-12-19	38	81	201
300	2014-12-28	12	49	7
270	1983-08-30	82	45	133
292	1990-04-13	74	84	199
273	1979-04-14	17	0	74
220	1992-01-13	75	68	61
277	2002-04-17	100	23	107
234	1996-06-04	98	25	51
210	1941-06-12	95	53	105
254	1985-01-01	4	39	32
295	2005-08-31	69	91	147
226	1941-02-14	77	10	43
240	1945-06-23	19	73	164
225	1967-02-24	28	3	59
231	1992-10-18	28	38	81
211	1961-03-09	73	16	155
246	1973-02-06	13	40	151
209	1960-09-07	39	36	196
298	2013-09-09	66	31	22
269	2013-08-22	16	7	104
218	2007-10-20	61	56	34
226	1983-05-19	84	32	144
291	1961-01-14	45	29	161
211	1976-04-10	91	79	186
219	1957-05-22	40	25	73
236	1966-07-03	66	57	171
260	1974-07-04	24	29	146
255	1961-07-03	74	17	70
275	1975-06-30	8	39	100
201	1958-03-23	35	51	90
289	2012-01-03	9	35	190
293	1991-08-21	99	49	124
216	1948-06-09	24	37	102
204	1947-09-03	40	73	40
276	1972-12-18	61	4	132
210	1982-02-28	33	96	3
274	2009-07-18	66	26	129
253	1998-04-15	100	18	105
292	1979-08-12	51	10	108
207	1983-06-19	53	11	141
215	1994-08-11	84	4	19
215	2000-02-19	83	26	18
235	2011-06-13	82	42	47
276	1956-08-01	59	81	199
261	2007-04-04	27	87	15
245	1956-06-28	32	46	47
228	1993-11-26	22	67	65
226	1970-07-23	43	19	112
294	1978-02-18	54	71	13
202	2008-05-09	56	19	87
275	1988-01-20	87	38	77
217	2000-05-06	42	7	2
201	1975-01-19	21	48	148
297	1960-10-12	84	50	140
219	1997-10-24	97	28	13
210	2004-04-12	70	94	119
278	1975-10-18	62	29	107
212	1988-10-21	62	62	67
225	2001-09-06	67	92	8
215	2008-12-18	47	65	54
232	1967-03-17	10	5	115
243	1953-09-03	27	13	95
218	2000-01-09	53	88	22
253	2002-12-15	95	40	130
296	2020-09-08	30	32	29
271	1959-11-30	43	35	177
273	1940-05-08	33	39	159
247	2010-11-27	27	43	95
278	1992-02-29	53	85	175
243	1989-07-04	32	74	18
244	1969-06-09	0	94	125
261	2012-11-17	9	28	88
282	1981-09-01	65	30	37
216	1964-05-30	77	25	28
214	1996-09-19	30	69	154
272	2013-11-02	9	36	66
233	1953-12-07	1	19	157
207	2010-10-13	84	90	169
265	2020-05-25	79	23	102
283	1941-02-04	63	79	12
295	1991-10-20	23	60	24
251	1941-05-16	21	73	176
202	1960-05-02	55	3	109
295	1964-10-31	21	22	88
209	2013-07-06	35	89	84
241	1979-06-11	91	18	122
229	1951-05-07	38	58	79
261	1958-05-28	6	12	58
280	2020-07-21	33	81	134
237	1988-10-31	76	18	7
213	1987-10-12	92	84	141
233	1951-05-31	25	39	68
237	1940-10-15	77	93	191
234	1964-02-02	59	14	170
205	1986-03-09	26	4	177
217	1983-06-11	97	93	22
222	1993-07-07	83	37	72
267	1964-03-13	84	32	149
300	2016-06-23	95	52	21
297	1988-07-21	38	40	74
238	2007-04-22	90	56	42
220	1952-07-05	9	91	66
222	1967-12-25	76	38	53
214	1982-04-03	25	69	56
290	1952-06-21	60	78	20
239	1987-07-09	0	37	177
270	2009-07-12	81	20	123
246	1981-07-28	88	57	191
248	1979-08-10	78	27	125
257	1975-08-21	80	9	26
216	1971-11-21	35	44	19
295	2018-03-03	34	47	102
202	1941-11-20	79	37	185
259	1962-11-26	63	83	132
243	1976-05-06	80	60	23
206	1982-01-14	74	61	44
297	1997-01-21	40	74	74
203	1945-11-23	3	51	64
215	1942-02-07	24	62	45
243	2019-10-26	83	82	170
268	1983-12-27	5	97	4
271	2013-07-18	54	53	3
202	1965-02-17	3	15	147
210	1967-03-11	87	21	40
226	1968-03-01	63	25	17
207	1947-06-02	80	62	178
246	1989-11-28	76	22	129
239	1996-08-24	25	25	169
270	1940-03-08	49	41	78
206	1964-11-19	0	70	59
272	1977-04-25	37	78	100
213	2000-01-09	52	37	163
285	1941-05-07	37	73	195
221	1977-09-21	69	46	77
201	1979-11-04	10	83	64
223	1945-07-08	51	56	108
294	1955-10-07	67	6	69
274	1962-05-03	66	75	89
229	1961-10-17	12	80	149
220	1951-05-04	31	13	140
292	1960-01-09	29	84	68
243	1994-07-30	28	73	115
232	1994-07-28	21	3	163
240	2016-12-29	91	9	86
215	1960-02-08	19	45	201
244	1985-01-18	6	59	184
242	1958-08-08	57	8	140
222	1970-07-27	43	48	104
259	1947-01-10	38	10	24
223	1950-07-29	20	19	66
237	1945-03-05	52	24	114
217	2015-08-07	42	68	200
209	1972-01-23	68	26	6
213	1997-12-14	2	40	2
219	2006-08-26	85	45	13
285	1942-02-14	1	8	162
246	1951-03-17	68	86	139
280	2017-07-06	19	12	27
