296	1950-10-24	30	47	154
289	1994-03-15	23	6	150
229	2016-12-15	8	84	19
225	1962-08-08	20	14	107
221	1985-08-27	74	98	107
237	1946-01-03	25	32	176
291	1940-03-03	12	24	174
230	1979-05-23	57	95	136
253	1973-09-06	0	71	111
299	1971-03-16	81	54	201
297	1972-10-09	97	21	16
233	1962-08-17	16	51	161
214	1946-09-09	56	79	181
230	2019-07-22	95	54	99
296	1963-11-12	11	0	113
221	1951-11-28	16	10	166
289	1984-02-15	39	98	81
263	1948-02-18	28	29	75
275	1961-12-12	89	22	2
208	2016-04-02	98	66	27
288	1969-12-25	29	19	112
233	1975-10-24	32	79	184
286	1945-05-09	97	51	200
233	1952-03-28	9	29	130
245	1971-11-01	6	60	90
208	1943-03-15	76	42	152
216	1942-03-04	69	57	185
287	1944-08-20	85	10	45
216	1968-06-04	38	68	159
248	1989-12-06	65	10	113
273	1973-04-04	24	74	151
283	2011-12-26	97	32	46
294	1988-03-09	23	24	156
235	1958-11-14	4	78	43
296	1968-06-26	68	15	183
262	1962-07-23	50	65	101
230	1993-04-13	56	84	100
217	1974-03-07	44	95	156
212	1966-04-14	60	58	51
245	2005-02-10	62	93	171
259	1945-11-01	24	29	78
252	1972-06-12	32	24	35
234	1988-06-11	86	44	140
208	1966-11-07	39	65	110
250	1958-06-02	81	31	176
204	2007-03-21	36	65	25
257	1999-12-07	41	57	147
264	1963-12-03	16	75	25
276	2020-07-26	65	73	105
229	1991-02-15	78	64	144
268	2018-09-07	39	44	16
266	1982-04-17	18	74	176
209	1951-09-21	28	5	185
202	1988-03-04	13	14	173
266	1968-02-10	85	86	74
257	1992-05-29	58	78	21
290	1989-02-06	58	8	80
292	1991-09-13	96	15	106
238	1948-04-18	57	26	48
229	1983-05-05	52	23	87
283	2009-09-07	71	99	14
227	1943-12-09	18	95	122
251	1955-08-09	38	37	65
235	1949-06-04	10	84	80
241	1976-10-02	83	76	136
212	1974-02-10	29	28	20
259	2011-11-04	65	35	88
250	1960-10-19	66	99	31
221	2008-09-13	39	23	136
244	1979-05-30	69	0	10
284	1944-01-14	47	4	154
211	1973-05-09	9	12	92
244	2019-03-17	79	77	40
266	2004-11-10	69	19	163
226	2014-12-15	79	53	148
281	2004-03-23	11	83	68
237	1941-01-04	53	31	9
228	1983-09-26	17	59	83
222	1960-07-15	62	54	130
246	1999-11-15	86	88	109
298	1987-04-19	94	61	146
262	2002-09-29	70	19	128
221	2019-06-04	92	6	151
247	1986-09-30	37	66	86
267	2020-08-18	42	95	57
266	1950-09-23	17	39	151
256	1942-05-03	81	28	11
252	2000-05-04	14	86	48
212	2004-04-06	23	96	159
204	1973-07-03	57	36	59
219	1944-08-31	25	27	173
272	2004-02-03	5	16	103
228	1945-02-01	14	90	65
207	2016-02-17	16	45	191
239	1972-03-09	2	60	174
252	2008-09-14	3	6	197
226	2013-05-10	77	84	8
216	1987-09-01	54	47	112
235	1979-09-03	9	28	49
247	1981-05-28	85	53	7
289	1971-04-12	90	76	125
257	1993-05-11	90	98	197
239	2019-04-02	74	63	30
263	1988-11-03	22	44	63
206	1998-11-26	99	25	90
274	2013-12-26	65	100	115
254	1948-01-09	23	55	29
277	1966-09-21	8	94	70
223	1987-11-20	48	93	79
274	1960-12-07	93	97	197
262	1981-05-24	82	18	165
219	1994-05-07	55	64	131
298	1973-06-14	46	49	10
218	2007-05-17	98	17	168
237	2010-10-23	35	36	82
242	2001-04-16	19	26	37
263	2013-08-11	36	91	30
203	1947-04-03	30	15	43
251	2012-11-30	33	72	127
206	1944-11-07	8	31	198
258	1996-09-17	61	37	0
297	2015-07-10	20	49	21
262	1950-07-28	0	73	58
220	2018-01-15	60	3	188
278	1974-05-12	39	84	179
253	1968-06-02	87	69	172
258	1946-05-09	47	14	113
298	2017-05-12	98	83	73
291	1968-02-28	26	5	44
230	1941-03-27	20	24	65
228	1992-05-29	4	75	62
229	1941-07-11	43	78	112
253	2014-09-06	17	23	62
203	1978-05-14	66	85	154
272	1959-05-07	73	46	173
261	2001-03-30	96	40	174
224	2000-11-18	54	52	21
242	1981-11-12	58	15	125
218	1978-10-30	32	41	161
247	2001-09-02	63	29	15
208	2007-03-21	5	18	35
272	1941-12-09	2	51	4
261	1989-06-28	82	56	185
235	1952-12-12	48	16	158
223	2020-06-25	75	93	24
230	1956-05-11	78	14	88
226	1946-07-29	76	50	52
228	1940-12-03	36	74	48
286	1961-03-01	99	37	175
269	1964-10-22	28	65	114
202	2011-12-12	85	58	96
250	1947-06-06	38	39	189
247	1990-08-27	49	76	54
271	1985-10-27	13	31	198
237	1980-01-11	38	19	2
269	2014-08-07	74	18	61
292	1963-12-13	64	18	106
214	1963-11-21	68	96	72
278	1961-02-24	56	14	15
244	1972-11-02	17	53	196
239	1966-09-20	100	12	146
232	2020-07-29	72	81	0
297	2004-10-09	100	44	70
216	2007-01-20	73	20	192
277	1994-05-21	74	13	159
215	1984-05-21	65	34	143
261	1966-03-15	4	51	77
289	1991-05-04	66	41	117
280	2000-05-02	93	30	44
267	1941-05-26	58	49	101
250	1954-04-03	68	59	145
217	1997-03-03	74	69	97
214	1963-08-14	27	8	135
202	1961-10-21	60	26	62
215	1985-07-01	42	35	24
217	1940-08-23	24	55	187
234	2009-03-13	38	59	43
210	1955-01-14	23	1	113
245	1994-11-02	76	68	144
295	2016-03-06	16	73	156
273	2015-01-17	43	80	154
298	1995-06-14	38	30	188
300	1967-04-03	44	9	115
219	1944-08-27	68	85	186
246	1955-10-05	16	74	2
289	1951-12-01	5	26	114
265	1941-05-26	47	44	56
284	1976-03-05	22	34	59
285	2013-09-26	41	72	168
260	1976-12-25	94	65	24
280	1965-11-07	81	22	199
276	2017-10-10	98	47	133
281	2007-07-30	0	43	46
230	1946-04-17	26	98	181
280	1984-06-22	93	53	7
269	1954-01-16	96	35	126
300	1998-01-24	64	22	159
290	1996-04-29	99	90	99
299	1952-04-05	24	36	178
231	1961-12-02	25	87	67
274	2005-06-07	51	26	32
233	1954-07-22	85	67	141
228	1941-04-07	41	63	151
236	1979-07-04	50	29	128
283	2003-01-30	53	60	96
289	2004-12-01	77	7	93
261	1990-06-17	66	34	64
219	1979-12-14	91	85	167
289	1996-05-11	10	96	151
242	1996-12-13	81	85	120
242	1996-06-24	82	57	33
245	1991-04-25	20	13	198
297	2003-02-20	4	58	101
267	1996-03-09	14	52	76
265	1973-11-04	15	78	14
214	1988-12-30	71	24	41
258	1967-05-29	64	60	74
213	1960-04-02	20	83	60
212	2020-09-16	49	84	163
201	2009-07-13	32	78	193
246	2009-08-12	50	50	1
282	1989-08-16	42	33	187
279	1963-03-05	14	99	16
251	1974-02-15	22	91	160
