248	1979-07-12	84	59	152
274	1997-04-12	10	34	68
235	1944-09-29	23	67	190
222	1943-02-06	53	50	84
265	2016-07-09	65	95	94
202	1978-12-26	51	100	124
249	1983-05-18	22	86	49
283	1989-05-04	78	52	39
221	1963-02-09	88	19	139
212	1943-11-11	50	15	143
205	1984-01-12	66	1	87
209	1951-04-30	1	79	47
297	1999-09-22	68	91	124
234	1942-03-12	46	96	65
247	1958-05-17	83	38	111
228	2012-12-06	67	98	21
226	1973-04-10	64	54	72
265	1997-03-16	65	86	126
219	1965-10-12	66	79	27
236	1972-08-29	33	39	135
205	1990-06-22	40	78	165
270	1982-07-13	60	63	125
205	1988-03-08	49	99	121
263	1964-04-23	26	91	63
233	1995-07-05	71	60	159
254	1959-11-14	3	67	153
278	1989-07-10	48	6	112
265	1980-05-11	64	41	85
263	1953-10-30	33	7	68
300	1988-03-13	38	43	119
264	1975-01-15	4	37	171
262	1954-11-16	88	59	181
284	1969-11-19	89	91	89
255	2011-11-04	71	86	52
207	2015-11-09	62	39	116
280	1986-06-15	1	16	23
201	1978-01-12	43	98	150
253	2014-05-11	3	74	183
233	1972-01-02	82	62	41
299	1972-01-19	23	77	105
273	2000-08-19	53	85	128
297	1967-12-25	24	40	154
284	1960-07-04	93	33	38
285	1965-09-20	94	1	59
216	1998-06-28	10	72	161
255	1967-11-14	27	84	150
300	1975-06-27	49	49	161
243	1951-07-17	84	41	7
234	2016-07-18	98	6	146
254	1984-02-10	89	61	116
249	1988-06-07	54	40	135
224	1990-05-12	85	61	144
294	1958-10-19	18	93	5
238	1979-01-06	80	13	108
254	1956-09-17	62	31	159
255	1982-11-23	51	40	138
294	1941-07-05	99	51	61
268	2019-09-19	5	92	88
249	1977-07-16	2	90	64
293	1966-02-03	74	6	174
209	1960-07-30	71	77	110
270	1946-03-13	7	18	98
262	2018-08-14	28	21	182
213	1975-04-15	98	54	189
293	1984-07-08	18	40	156
271	1978-07-16	6	11	171
214	1988-01-28	56	38	160
204	1980-11-15	31	65	145
254	2018-09-11	84	85	87
258	2015-04-12	83	79	12
233	1993-02-08	75	91	74
218	1969-07-06	80	57	78
283	1996-04-20	46	94	60
276	1979-03-17	37	93	43
272	1984-01-24	34	67	160
207	1983-05-17	70	87	158
237	1973-06-07	65	91	174
273	1940-11-25	82	61	162
244	1947-07-27	2	39	97
203	1944-08-02	39	78	10
263	1975-02-05	76	24	14
264	1973-09-30	10	27	50
293	1994-08-28	84	27	68
203	1996-03-20	29	89	67
224	1980-02-23	27	61	138
285	1968-07-18	40	69	187
279	2006-12-02	34	78	157
217	1971-11-13	33	50	70
254	1979-08-21	18	16	132
207	1974-03-08	18	14	127
201	1957-04-12	58	5	181
273	1953-04-14	11	7	105
286	1943-04-12	39	78	122
267	1942-10-26	85	33	198
226	1995-05-16	76	75	193
244	2009-01-02	48	71	191
236	1945-02-17	43	99	125
245	1982-01-09	19	14	176
284	2016-02-27	67	32	19
230	1988-06-29	79	35	37
234	1963-06-07	92	36	166
271	2009-10-24	18	62	49
272	1996-08-01	44	31	137
275	2018-05-21	19	81	132
217	2011-11-15	45	9	184
258	1988-12-24	64	42	21
299	1942-03-21	4	14	180
298	2006-05-23	34	67	102
206	1964-03-28	57	55	53
261	1959-05-29	55	97	21
256	1941-03-13	70	3	23
275	1967-06-19	28	11	47
295	1944-08-26	63	15	84
248	2005-09-07	71	2	85
286	2007-12-07	53	39	73
227	1972-04-02	69	76	64
213	1979-11-01	56	99	185
287	1990-01-26	65	80	7
232	1992-09-13	33	93	82
267	1968-01-16	54	93	160
206	1955-02-11	20	58	59
286	1967-06-05	8	17	126
261	1940-03-08	10	29	160
257	1947-02-14	26	33	65
270	2009-10-21	98	83	23
207	1998-04-05	24	53	116
218	1981-11-09	8	12	191
290	1977-11-23	9	88	120
202	1988-01-12	17	24	127
218	1954-06-24	60	38	65
256	1986-02-26	74	8	122
274	1964-05-27	71	5	197
285	1956-10-22	52	74	0
228	1979-08-18	18	65	59
209	2015-06-12	99	45	55
252	1970-12-31	33	92	94
213	2003-09-08	57	7	7
284	1965-08-31	1	29	113
266	2005-05-26	57	21	173
276	1972-09-02	20	94	191
258	2016-06-29	56	37	105
286	1982-10-05	81	95	100
210	1997-06-25	14	33	111
258	1959-09-14	21	79	127
239	1994-05-16	76	48	18
245	1964-08-20	76	50	192
246	2005-02-14	68	44	87
263	1971-09-04	85	25	129
275	1941-12-06	57	42	67
223	2003-10-09	72	63	166
275	1971-01-03	25	31	142
224	1991-12-31	65	87	119
205	1962-05-27	81	22	179
239	1975-04-24	24	21	182
277	1950-03-16	80	20	98
272	1969-03-08	74	52	116
292	1958-04-26	74	13	189
216	1954-03-01	78	85	199
243	2008-10-25	3	81	50
208	1970-08-26	14	7	130
292	1999-01-22	27	5	5
300	1951-09-23	19	55	189
252	1978-03-11	84	0	179
243	2012-09-12	81	59	2
211	1974-05-25	21	89	31
280	2012-04-26	19	52	178
284	1959-07-16	11	83	16
273	1998-05-15	59	47	36
256	1994-01-17	33	77	60
259	1979-11-09	59	54	46
238	2019-02-14	72	52	199
260	1940-11-12	70	75	41
243	1981-05-06	22	78	101
248	1981-07-09	91	94	27
219	2018-11-23	15	18	169
216	1982-03-17	33	29	178
275	2017-07-16	86	55	31
220	1950-08-22	52	4	139
208	1968-10-16	32	25	54
233	1942-03-18	69	66	29
223	1972-12-23	30	41	66
243	1993-03-14	71	42	128
249	1940-10-17	26	0	85
272	1958-01-15	39	64	103
248	1996-06-04	5	28	155
295	2015-03-05	42	97	125
261	2012-04-12	17	7	193
241	2007-04-03	72	100	7
203	1997-11-14	41	37	87
273	1960-04-15	79	33	58
227	1994-11-25	13	85	60
263	1964-04-12	9	77	45
294	1985-10-26	35	18	40
253	1959-09-22	94	30	125
251	2019-09-04	57	32	179
288	1944-04-06	95	66	127
249	1965-08-30	96	21	184
250	2011-03-17	42	67	138
201	2019-09-23	44	59	73
225	1965-02-25	3	40	116
259	1952-04-29	20	4	110
277	1940-09-08	85	54	90
239	1964-08-31	87	46	8
273	2007-11-02	20	56	93
248	1966-09-16	35	96	160
295	1970-07-21	84	71	81
277	1944-04-26	60	56	146
270	2011-08-05	77	9	115
246	1969-03-12	34	96	6
236	1967-09-20	29	42	180
214	1975-07-18	50	56	177
277	1952-09-01	5	43	35
229	1976-04-19	38	44	85
210	1988-09-17	93	88	82
247	1995-12-23	70	0	191
280	1971-11-25	34	26	60
291	1995-04-06	16	33	151
201	1946-02-21	0	14	171
228	1947-05-13	51	91	118
245	2001-10-06	63	58	152
235	1972-05-08	49	83	59
237	1941-01-01	4	14	159
225	1997-03-12	18	0	79
278	2001-11-28	16	93	74
251	1984-02-21	9	28	159
227	2008-10-20	72	19	81
263	1994-02-19	82	55	31
240	1960-05-15	1	59	39
210	1984-09-22	74	43	30
243	1999-11-03	72	80	12
258	1984-05-09	81	26	137
300	1977-03-22	48	25	48
227	1981-09-25	34	98	178
225	2002-01-15	20	69	137
246	1956-10-13	55	95	57
229	1941-01-31	31	32	190
249	1960-06-06	76	4	46
258	1964-07-19	91	36	159
278	1966-01-27	26	41	145
257	2013-04-17	1	15	187
245	2000-04-04	74	16	139
217	2020-08-01	47	17	78
266	1945-04-18	71	69	44
284	1969-04-03	3	74	112
216	2009-11-05	28	67	8
217	2018-05-02	89	97	19
274	1969-04-16	75	27	149
206	1992-09-27	54	68	24
