297	1960-09-23	99	84	102
212	1973-09-04	79	23	124
233	1977-02-07	92	86	147
205	2005-09-03	78	13	157
300	1968-05-09	40	57	105
254	2016-03-28	93	100	22
207	2020-04-10	100	27	11
240	1963-09-28	17	20	69
229	2005-01-22	62	46	187
289	1996-03-16	87	13	25
282	1949-01-15	97	73	200
208	2013-07-30	35	76	73
275	1955-02-18	82	29	89
254	2012-09-25	100	68	106
217	2006-07-19	90	40	64
209	2004-07-03	59	48	107
294	1990-01-28	34	100	201
283	1953-01-02	36	98	16
224	1994-12-25	10	80	171
280	1971-08-25	38	2	190
243	2001-01-15	48	37	166
284	1972-10-04	35	65	145
282	1942-05-29	86	58	167
283	1995-07-25	66	29	88
214	2006-10-10	59	62	152
231	2010-10-06	39	73	88
275	2020-02-27	29	5	115
218	1988-03-05	61	20	35
212	1971-12-16	74	78	46
241	2013-09-05	3	55	86
297	2018-02-08	62	72	168
278	1943-12-24	85	68	140
268	1989-08-10	43	71	2
222	1962-11-20	3	51	27
205	1951-04-18	57	3	100
268	1975-04-22	44	21	113
224	1998-12-05	67	31	106
227	1940-09-24	92	97	148
254	1989-02-12	57	10	22
258	2015-07-29	2	1	156
207	1997-01-28	6	53	75
283	1962-09-22	18	14	152
248	2003-05-24	34	52	132
263	1958-01-12	63	62	49
299	1991-12-02	83	3	95
209	2014-06-22	52	97	80
280	1976-04-21	64	64	147
219	2013-10-18	86	91	39
267	1988-08-02	50	41	130
276	1994-04-12	76	93	21
226	1977-12-24	49	37	71
201	1944-08-23	56	27	45
202	2008-10-12	47	0	58
205	1985-04-03	42	44	86
299	1972-11-20	90	78	35
224	1959-07-26	98	34	39
240	1945-11-23	80	18	159
247	1987-07-18	16	1	118
262	1942-05-29	55	25	23
208	2014-01-31	67	24	13
223	1954-06-08	0	76	37
223	1975-03-02	92	6	14
223	2013-06-28	44	87	171
283	1946-12-03	50	82	159
235	2013-04-28	75	37	123
228	1961-03-12	87	20	32
286	2006-06-15	23	54	158
232	2017-06-05	0	27	147
262	1978-01-08	12	71	96
255	1948-11-04	97	56	192
289	1955-12-08	76	84	22
237	2009-01-09	24	97	52
299	2016-06-19	18	89	147
212	2018-10-22	27	2	69
240	1979-06-27	19	69	174
264	2015-06-04	31	17	60
215	1978-11-19	75	13	141
231	1953-03-11	100	62	19
284	1962-04-16	51	14	160
227	1973-07-16	47	22	161
281	1957-09-15	21	66	131
236	1983-10-14	62	63	129
232	1983-12-31	36	30	127
234	1979-03-27	24	15	169
294	1954-02-09	61	10	125
263	1968-02-08	19	58	129
279	1983-11-11	100	49	90
292	1945-05-13	38	9	22
239	1964-02-28	61	34	141
245	2018-01-13	85	25	28
292	2013-08-18	15	96	189
269	2005-12-31	60	97	49
226	1968-01-15	53	28	36
220	2010-08-14	52	55	13
282	1982-12-11	7	44	46
234	1946-01-01	11	76	170
201	1969-04-17	18	96	76
263	1964-08-19	4	55	33
227	1942-11-15	22	35	37
291	2007-08-04	75	68	17
212	1997-07-03	100	28	127
258	1957-07-05	65	63	59
253	1955-05-31	35	85	157
202	1981-10-08	86	20	178
264	1999-03-28	52	35	54
276	2003-09-03	77	94	51
221	1975-08-13	20	39	154
287	1950-07-14	34	18	145
202	1959-01-06	75	16	0
285	1940-02-03	6	68	49
258	1971-05-17	22	41	86
235	2013-08-20	4	92	82
261	1949-08-16	42	29	92
228	1986-06-23	48	25	161
246	2002-02-07	18	44	160
283	1982-07-15	16	50	160
209	1965-01-01	82	44	32
211	1962-11-19	94	95	173
266	1957-09-03	95	81	84
268	2018-11-17	23	73	23
208	1967-10-31	87	51	129
233	1985-05-01	75	72	181
258	1965-07-13	77	47	27
250	2011-07-05	15	92	175
256	1988-11-23	78	68	160
272	2013-08-17	49	96	187
227	1951-05-31	22	51	62
288	1960-04-27	19	87	34
265	2020-04-02	98	35	162
264	1988-10-23	71	5	1
293	2003-10-31	99	3	67
210	1965-05-20	38	65	105
205	1958-10-16	10	81	57
279	2012-06-07	81	95	34
221	1993-11-29	23	72	134
296	1974-07-24	6	70	51
296	1961-12-05	96	27	166
299	2002-04-02	82	91	57
237	1995-07-02	30	39	164
252	1976-02-29	100	16	147
220	1942-10-07	82	58	48
240	1983-12-28	15	98	28
252	1978-02-05	27	24	132
289	2007-05-23	97	48	200
261	1949-04-10	76	12	110
211	2008-10-01	2	43	72
248	2020-05-08	73	76	187
280	1989-11-01	44	42	85
207	1970-02-04	32	60	153
235	2012-02-05	78	73	172
241	1960-04-16	60	44	177
236	1975-04-22	80	34	133
244	1989-10-05	15	57	29
240	1941-12-18	65	70	3
290	1973-10-08	59	24	94
294	2010-08-20	68	27	111
256	1993-12-08	16	58	51
269	1982-03-02	79	48	143
274	2008-05-08	39	89	170
238	2015-04-13	21	69	144
275	2018-12-09	8	65	147
284	1993-10-24	7	39	29
240	1956-12-29	20	67	32
278	2007-06-23	18	1	95
284	1997-12-06	75	75	131
221	1964-04-13	64	69	60
254	1978-10-04	7	6	109
231	2016-05-04	20	19	132
265	2004-09-08	30	47	130
247	2018-01-13	46	4	28
215	2015-07-01	100	88	152
265	2010-04-07	62	80	201
211	1986-02-15	25	63	48
201	1968-09-02	72	56	171
290	2005-05-21	13	48	132
293	1993-09-27	75	86	171
217	1973-03-16	73	93	179
231	1993-07-22	24	8	187
231	2015-12-18	88	70	196
210	2013-03-12	84	73	53
251	1997-07-19	15	96	33
289	1947-05-28	66	22	137
259	2009-04-18	87	21	58
272	1961-05-31	37	42	94
294	2003-07-02	83	45	31
299	1993-08-16	5	89	87
269	1997-01-14	16	35	128
251	1953-07-05	97	83	104
267	1951-12-02	50	90	153
242	1966-12-27	67	2	132
238	2011-02-08	82	12	156
244	1995-03-29	23	31	5
285	1986-12-04	59	9	36
282	1957-02-07	10	87	168
214	2011-08-15	18	11	171
203	2015-02-22	27	48	36
202	1984-10-14	92	30	159
279	1950-03-06	10	19	67
282	1971-02-20	36	37	133
247	1942-03-09	45	90	107
