233	1950-12-13	28	71	71
281	2020-01-05	44	4	3
276	1961-05-03	20	91	25
229	1993-02-16	56	36	102
216	1959-03-08	18	19	2
276	1986-04-30	45	49	157
224	1966-08-19	70	0	25
223	1998-03-09	46	23	50
263	1987-11-16	62	8	115
208	1960-09-25	70	0	167
217	1962-09-22	59	98	91
224	1989-12-28	55	79	57
234	1978-10-22	39	8	125
225	2003-04-18	50	66	106
272	1994-06-10	45	4	7
262	2009-06-09	88	90	105
247	1968-11-30	47	70	156
220	1970-08-03	70	40	148
297	1994-03-19	85	83	179
244	1984-03-27	0	20	75
289	1954-09-21	67	41	50
298	1996-10-24	63	16	185
247	1951-01-01	90	45	126
254	1963-02-01	42	25	39
218	1953-08-21	70	41	60
226	1959-07-31	74	99	163
239	2020-08-12	45	100	200
274	1954-07-30	85	70	112
245	1984-04-21	46	2	154
273	2005-08-29	8	53	161
231	2000-06-10	88	30	147
218	1983-05-05	38	19	82
255	1977-06-21	24	71	187
298	1944-01-12	86	12	131
266	1969-03-09	14	96	115
225	1954-03-24	31	22	69
263	1946-08-19	98	97	11
204	1959-12-06	23	77	64
242	1965-07-03	84	74	81
252	1968-02-21	15	43	134
283	1965-07-29	72	49	136
240	1994-05-12	39	36	3
241	1959-10-21	4	70	158
235	1954-11-29	31	37	178
282	2013-11-04	90	5	140
283	1970-11-23	31	85	23
300	1963-06-26	25	41	156
263	1994-01-16	68	0	15
230	1975-05-03	46	24	102
220	1976-02-08	72	27	7
234	2002-09-26	94	88	112
250	2017-02-20	97	88	29
238	1997-05-06	20	45	107
205	1999-11-29	55	51	181
240	1979-10-30	63	0	72
257	1944-06-06	14	14	45
258	1956-09-08	20	34	28
233	1963-04-12	31	66	192
245	1970-07-29	84	29	151
271	1965-07-02	75	35	182
261	1941-03-20	97	86	38
216	1988-08-28	69	67	49
240	1955-08-09	26	0	149
292	1999-12-21	70	8	116
294	1974-07-30	97	90	97
253	1981-08-23	72	45	3
266	1961-09-27	55	47	67
202	1960-04-29	12	50	91
252	1951-11-28	99	92	88
230	2003-03-30	38	63	40
229	2007-02-17	22	9	78
296	1971-06-04	59	37	81
202	1961-06-03	59	5	134
236	2005-03-21	55	79	127
263	1986-05-25	8	100	58
206	1959-08-01	84	25	143
242	2010-06-07	67	11	141
278	1973-04-12	39	11	81
261	1942-10-23	9	36	187
227	2005-12-31	49	35	103
256	2008-12-07	51	36	194
246	1966-02-25	35	63	133
213	1980-07-28	64	15	64
252	2019-01-11	27	2	57
207	1984-11-04	72	76	19
268	1979-08-06	73	91	184
220	1959-09-21	6	12	185
271	2018-04-26	91	20	37
231	1957-12-23	82	56	81
275	2010-05-20	92	73	157
207	1948-04-28	85	77	200
244	1953-07-29	9	61	156
229	2018-03-11	45	65	75
269	1965-05-31	22	44	160
224	1948-09-02	69	63	93
246	1986-06-01	42	57	131
227	2007-04-28	36	62	125
246	2011-12-22	11	53	43
274	1965-02-16	22	13	120
234	1978-02-08	55	66	52
275	2003-05-08	92	82	176
249	2018-09-05	39	5	69
205	2005-09-06	85	15	8
270	1941-06-15	3	20	181
224	1985-08-08	91	61	164
250	1941-08-28	39	73	191
242	1985-03-31	26	73	181
263	1967-07-16	31	41	92
278	1942-08-04	43	62	28
221	1984-07-01	64	76	63
229	1958-05-02	60	71	196
284	1988-07-13	1	7	38
261	2002-10-16	43	5	199
295	1972-08-26	22	28	201
259	1989-09-26	51	98	34
233	1983-08-31	22	16	38
249	1997-10-23	50	44	173
217	1948-01-18	7	62	122
