203	2003-01-20	57	70	185
248	1962-02-14	39	54	196
201	2012-09-28	86	59	81
275	1943-09-07	5	85	172
271	1993-04-24	57	25	64
245	1944-02-10	35	34	90
233	2020-02-19	81	38	34
219	1953-04-24	94	78	85
243	1952-02-29	38	50	88
265	2013-06-19	57	9	80
271	1978-09-19	30	14	181
228	1980-05-20	66	69	101
228	1991-12-10	23	73	190
250	1981-12-23	1	38	125
208	1945-07-06	63	32	24
201	2001-05-20	19	33	198
223	1942-06-09	94	71	96
276	1979-12-27	35	63	53
212	1968-06-09	53	0	129
232	1978-08-20	50	54	61
220	2014-01-26	23	65	27
237	1972-07-15	75	73	132
213	1985-06-08	29	20	141
203	1977-02-08	78	7	50
297	1968-04-30	39	35	178
271	1948-03-06	0	66	115
276	1980-07-11	48	35	181
272	2010-04-23	16	36	119
233	1952-06-27	24	88	148
221	1957-12-26	83	58	4
280	1960-07-03	24	85	97
201	1979-06-21	91	47	108
275	1946-11-25	3	21	102
263	1945-07-21	50	28	179
230	1955-03-08	8	62	16
231	1985-06-13	97	55	61
276	2005-11-14	61	6	154
205	1958-03-11	68	35	101
221	2010-10-13	31	11	133
247	2018-08-04	34	3	133
252	1966-01-17	76	12	137
213	2011-12-13	72	47	126
221	1950-03-13	56	5	88
271	1976-01-11	67	35	140
220	2019-08-25	4	10	91
276	2015-06-07	91	23	150
251	1942-11-08	43	31	192
227	2019-07-25	32	74	90
254	1973-12-31	17	38	32
202	1957-04-04	70	24	160
222	1965-09-19	7	1	153
268	1974-11-02	16	76	87
221	1974-03-25	79	41	66
266	1941-12-16	90	26	113
275	2005-04-20	82	97	93
241	1959-11-28	11	72	172
246	1973-02-19	47	90	87
291	2017-07-12	55	17	156
217	1977-08-03	39	40	76
247	1969-01-07	51	18	110
231	1973-01-31	0	68	56
292	1963-08-24	50	65	172
208	2020-05-23	9	42	12
202	2007-07-03	24	42	79
278	1996-12-18	100	9	33
279	1959-08-30	33	81	194
271	1981-07-13	50	96	43
300	2016-10-12	15	18	135
287	1945-09-09	25	32	14
291	1986-02-12	27	13	137
203	2007-11-10	41	62	56
275	2016-05-08	25	97	126
207	1943-10-23	95	62	92
220	1981-02-04	62	85	144
282	1979-02-02	60	1	92
246	1940-12-27	74	24	132
261	1961-10-18	28	65	15
222	1968-09-25	42	68	26
211	1996-01-24	61	28	92
204	2005-12-25	22	62	92
227	1977-01-17	52	72	107
284	2000-01-28	86	16	7
234	2019-06-01	90	22	201
299	2006-09-13	63	24	200
274	2014-11-13	35	81	117
299	1959-06-30	29	24	35
266	1969-10-12	47	50	75
224	1988-08-22	53	65	42
250	1951-09-18	32	21	197
219	1997-03-03	54	53	139
259	1949-03-13	39	6	54
244	1981-01-28	30	35	91
260	1964-06-08	96	19	68
216	1997-05-21	78	100	138
208	1992-09-11	14	27	20
209	2019-01-20	0	98	177
236	1997-08-05	20	65	126
292	1955-03-22	84	97	133
252	2014-04-03	23	45	91
203	1946-05-28	73	63	29
274	2003-07-29	92	32	176
201	1963-07-20	4	37	50
202	1955-12-23	62	50	24
227	1994-11-01	58	53	38
257	1957-01-29	37	1	121
260	1961-04-29	64	67	198
271	2019-09-23	83	28	24
229	2000-09-06	4	92	87
277	1940-08-10	44	29	129
219	1968-03-24	41	8	126
201	1945-07-09	63	42	147
293	1969-08-04	5	74	110
236	2013-11-19	10	42	54
270	1973-07-02	68	85	176
267	1996-05-28	94	91	26
259	1981-11-08	7	59	26
261	1992-07-07	5	24	182
265	1965-02-05	100	10	49
252	2002-11-19	95	8	83
201	1955-08-14	22	49	125
283	1987-08-25	49	79	124
246	1944-03-31	80	22	120
242	1971-11-28	24	3	134
257	2007-04-14	38	44	85
283	1992-10-21	11	81	5
300	2014-08-24	93	76	42
298	2008-02-29	48	8	117
256	1952-01-06	90	0	16
262	1998-05-27	91	41	60
259	1992-08-02	99	87	128
208	1951-05-22	37	88	69
257	1996-08-20	21	89	19
292	2005-10-01	75	69	13
243	1951-12-21	48	23	115
229	2002-08-24	23	15	48
285	2019-08-14	38	60	76
277	2014-03-05	80	3	67
245	2008-12-05	98	88	18
247	1955-05-09	88	12	138
267	1955-05-02	88	93	8
256	1948-08-21	70	1	98
274	1955-03-08	37	35	175
212	1968-02-02	67	69	179
280	1940-07-25	43	2	114
293	1963-10-29	32	30	154
218	1961-01-18	100	79	58
284	1968-10-06	98	41	178
242	1959-04-16	65	93	62
217	2019-07-06	57	1	159
205	1986-12-22	19	56	161
223	1986-09-07	6	3	192
289	1967-09-16	53	94	106
234	2011-02-25	18	14	53
234	1997-07-10	3	41	46
268	2016-11-07	71	38	18
295	1959-07-10	41	21	103
265	1960-04-30	22	100	7
244	1961-06-22	8	76	171
294	1950-11-25	68	40	126
250	1959-10-08	35	5	187
250	1972-08-31	82	37	91
296	1982-03-29	17	95	173
249	2009-12-11	60	54	195
285	1973-02-08	43	57	16
222	2016-04-02	81	85	24
276	1978-10-07	55	79	65
231	1982-12-16	98	46	181
287	1967-01-12	77	63	106
296	1999-09-25	19	7	138
202	1999-11-27	9	11	60
263	2002-05-28	97	60	47
249	2005-11-22	26	41	199
286	1950-10-09	90	87	21
246	1971-08-11	46	97	154
223	2004-10-16	33	17	200
214	1973-01-12	63	98	152
234	1966-04-16	100	39	147
291	1956-01-06	86	57	5
285	1949-05-30	47	53	105
296	1979-12-25	23	80	167
242	2007-01-09	16	16	47
242	1958-12-15	21	62	56
284	1970-10-13	7	46	174
280	1989-11-27	89	24	135
241	1941-01-16	23	70	137
296	2019-12-29	26	3	151
288	1996-07-15	60	42	68
237	1983-10-16	5	22	105
299	1969-10-14	7	83	122
269	1948-07-19	40	43	109
259	1947-06-15	14	22	162
259	1956-11-27	100	36	182
278	2018-01-25	55	8	162
288	1944-02-19	1	76	194
211	2020-07-16	91	29	171
215	1944-06-02	92	92	138
275	1967-04-30	37	14	7
201	1974-06-19	89	45	116
246	1957-03-25	12	8	174
268	1957-12-11	64	92	194
214	1999-09-03	13	63	147
286	1946-09-18	11	13	51
261	1965-04-23	22	81	125
226	2002-12-21	80	37	74
252	1978-06-21	43	20	63
259	1945-11-15	69	39	113
210	1993-09-05	23	85	185
294	2017-12-18	52	27	11
272	2009-02-28	15	96	34
211	1995-02-03	1	73	113
239	1970-07-24	2	74	56
263	1949-12-25	62	12	12
280	2003-04-05	40	49	189
272	1985-09-05	82	54	185
224	1956-02-16	48	100	139
213	1988-03-17	62	50	99
257	1943-02-04	69	75	200
289	1946-07-03	78	14	164
259	1950-06-17	30	56	64
279	1971-10-19	55	84	18
207	2000-07-17	95	99	111
245	1957-01-05	50	91	68
246	1984-11-27	3	7	52
249	2014-05-13	53	97	67
225	2019-09-14	5	23	127
215	1983-10-04	13	92	57
249	1986-08-06	86	57	5
268	1950-08-02	45	79	184
225	1988-05-17	88	96	81
232	1998-12-07	88	90	69
201	1982-05-05	49	14	79
242	1972-10-29	58	49	140
276	1948-05-21	50	21	122
263	1969-05-09	59	0	161
224	1961-11-21	60	14	153
246	2003-01-28	70	97	148
224	1951-02-05	12	38	101
232	1975-11-08	69	37	167
240	1985-05-04	88	30	32
296	1955-09-22	55	8	188
240	1973-09-29	9	88	23
289	1951-12-14	74	42	153
242	1953-07-16	81	80	72
284	1945-02-08	20	100	154
236	1991-02-13	48	46	60
269	2012-10-02	35	13	43
278	1985-03-23	13	25	119
262	2009-03-29	15	31	138
216	1983-08-01	51	28	187
271	2018-02-08	1	79	99
294	1999-08-09	66	48	45
238	1973-11-05	16	15	107
259	1987-05-06	74	49	53
228	2007-11-25	48	5	121
207	1984-11-02	7	25	100
206	1970-02-12	67	49	108
282	1999-08-16	76	74	39
226	1995-10-27	17	36	180
237	1996-08-12	76	34	104
234	1950-11-14	17	5	122
235	1947-11-21	11	21	63
