300	2015-02-02	90	94	36
223	1975-12-03	2	17	119
206	1964-09-23	13	68	94
254	2018-08-19	60	45	139
201	1950-06-13	21	80	172
232	1993-03-16	63	76	197
260	1960-04-24	84	56	175
226	1992-11-08	61	83	125
300	2020-01-25	26	84	170
252	1956-08-13	3	43	183
222	1995-01-25	61	34	32
257	1988-01-01	5	61	144
283	1960-03-01	7	41	66
242	1968-10-12	12	61	43
223	1972-05-29	73	22	79
265	1976-09-17	75	95	92
260	2017-08-17	38	90	27
227	1972-12-14	20	100	90
299	1975-10-14	5	85	19
203	1960-04-30	44	73	134
242	2010-03-28	61	83	169
251	1971-06-26	18	11	89
246	1993-12-06	45	93	109
212	1981-11-05	33	17	167
269	1941-08-23	80	95	76
262	1942-06-22	39	5	170
215	2016-11-23	57	80	194
295	1940-05-19	69	86	34
222	1977-04-09	70	79	134
273	1989-02-20	79	78	146
247	1951-04-26	88	37	22
223	1993-08-31	96	76	188
218	2006-02-12	3	29	89
217	1975-05-06	96	51	32
223	1969-06-11	82	94	68
209	1993-09-14	13	96	155
286	1988-11-10	48	11	88
286	1985-01-05	53	8	54
216	1964-05-16	27	25	71
288	1987-01-01	40	20	5
248	2004-05-11	88	30	151
226	1946-12-06	14	3	113
259	1982-09-30	62	34	116
236	1965-03-02	16	20	91
236	2008-02-18	66	98	56
300	1994-07-02	12	40	148
255	1992-07-10	27	31	173
246	1973-09-06	2	49	17
289	1954-04-21	52	3	185
255	1976-11-19	100	94	46
291	1941-10-30	50	79	15
254	1976-12-26	0	16	195
219	1940-01-06	29	91	5
263	1975-12-03	27	32	94
249	2007-08-23	88	29	76
239	1996-08-24	92	33	110
230	2017-12-29	46	89	124
212	1996-07-28	58	74	51
214	1987-03-23	6	67	63
272	1947-02-05	54	56	142
212	1988-10-17	80	95	4
296	1976-08-06	94	2	163
297	1966-03-04	57	61	47
230	1983-01-28	24	90	117
215	1963-01-27	36	83	68
265	1989-02-10	6	43	157
207	1961-12-11	67	42	109
300	1994-05-25	50	64	144
256	1972-01-21	28	13	122
250	2012-09-08	13	15	46
210	1943-03-21	51	28	95
287	1996-03-04	94	36	27
298	1946-10-11	84	8	157
214	1945-12-20	75	77	173
253	2008-05-17	52	15	10
212	2019-06-17	13	32	114
254	1948-05-19	47	62	52
296	1988-01-26	89	4	23
293	2012-07-04	43	1	90
293	2010-08-18	8	25	201
276	1966-04-28	7	65	11
224	1983-01-09	67	44	44
295	1989-06-30	89	43	21
210	1960-10-25	99	15	175
234	2018-12-01	72	7	171
225	1974-01-16	48	90	51
244	1968-05-25	63	34	176
290	2000-09-07	32	16	48
238	1948-12-10	15	19	45
254	1957-12-18	83	66	124
236	1981-01-11	66	86	142
264	2009-04-22	29	53	188
226	2018-01-13	33	31	56
216	1977-02-02	10	20	13
210	1989-09-13	62	94	144
226	1979-04-18	92	75	48
269	1976-02-09	32	33	5
220	1989-09-16	6	45	109
266	1966-03-20	73	51	128
203	1981-02-17	23	52	49
272	1997-12-22	49	46	156
229	1971-11-07	9	1	39
204	1971-07-30	88	37	194
294	1967-11-06	54	63	194
210	1951-03-21	65	42	33
287	1973-03-23	71	39	188
250	2011-09-18	8	51	169
235	1951-06-04	37	54	150
277	1992-06-26	2	23	77
298	1960-09-09	90	85	46
296	2000-04-16	63	15	3
263	1963-01-09	65	35	99
288	2007-12-19	29	97	94
266	1970-10-01	19	55	92
230	1991-08-11	18	98	27
250	1995-08-07	42	60	65
291	1946-11-19	38	23	133
279	1950-04-02	60	52	87
274	1954-07-27	28	72	139
288	1986-07-04	28	7	47
278	1997-08-19	10	27	183
241	1953-04-08	58	55	180
218	1943-03-27	46	50	124
237	2000-09-28	92	85	101
205	1977-02-04	9	69	126
291	1989-07-15	7	20	59
203	1946-01-04	87	34	63
222	1942-09-19	68	49	98
233	2002-12-11	68	95	15
236	1966-03-04	84	61	59
256	1962-10-24	6	17	36
212	1964-04-13	69	9	46
212	1959-06-25	17	33	71
214	1945-02-11	6	58	75
243	2001-01-12	15	71	51
261	1973-10-04	2	2	134
223	1946-03-06	39	82	76
296	1958-02-03	17	62	10
272	1962-11-18	85	13	194
254	1946-06-28	67	34	22
204	2001-03-12	9	88	6
294	1945-04-16	100	62	87
281	2009-07-21	74	42	76
295	1955-10-26	77	12	57
289	1947-09-30	13	15	126
241	1977-05-30	26	1	109
247	1954-11-24	61	59	60
234	1972-04-29	45	26	34
295	1940-12-12	73	4	134
272	1965-09-17	24	83	138
218	1973-09-08	73	56	56
251	1970-08-07	44	49	193
220	1954-11-26	16	23	148
215	1987-07-14	53	93	19
258	2009-03-26	68	67	43
246	1996-11-12	5	7	54
283	1969-08-08	28	41	1
219	1957-09-03	15	100	198
246	1976-07-18	78	46	104
253	1941-07-29	30	55	18
252	1973-05-30	73	8	60
245	1982-01-04	75	17	60
271	1968-12-10	34	36	10
291	1967-12-29	84	18	179
267	1968-02-26	8	32	146
237	1949-04-20	18	27	156
285	2003-09-21	83	46	34
206	1982-05-22	10	11	122
234	1991-11-05	54	73	125
204	2000-07-13	97	81	147
208	2012-05-02	72	6	169
290	1959-01-20	0	67	53
201	1994-12-09	38	44	61
207	1959-07-09	94	11	18
272	1962-06-16	71	63	125
258	2002-06-15	68	55	6
209	1948-02-07	21	16	138
246	2007-08-03	100	38	192
213	1978-10-26	51	30	59
206	1974-11-07	34	33	77
270	1971-12-22	74	18	102
212	1985-04-06	90	34	118
240	1943-08-11	75	27	115
280	1957-09-08	37	30	24
251	2016-12-31	2	53	77
230	2006-10-27	18	93	31
210	1975-06-14	85	3	191
213	1973-12-31	71	32	149
227	1987-03-20	45	59	75
252	1988-05-10	7	77	123
230	1953-05-09	96	76	133
292	1947-08-02	33	97	120
251	2016-01-05	51	30	130
286	1942-03-19	52	88	8
266	2016-09-03	58	77	61
283	2017-04-06	0	92	36
264	1988-01-04	55	5	159
287	1999-10-26	0	0	79
222	1998-06-23	72	28	187
218	1991-03-11	55	97	170
212	1992-04-27	76	91	21
290	1949-07-03	83	17	165
295	1949-01-08	40	76	185
232	1946-07-11	44	79	63
278	1943-11-04	96	88	92
283	2005-11-30	70	24	70
247	1986-08-25	0	76	143
289	1956-08-05	40	96	92
233	1946-01-17	69	94	201
224	1947-02-27	45	60	124
284	1988-05-28	90	31	156
229	1949-12-23	45	65	85
286	1952-04-25	61	36	155
264	1993-05-25	49	92	88
262	1950-01-19	38	67	87
276	1942-02-02	26	79	157
244	1997-06-13	34	72	45
224	1962-05-22	40	91	160
222	1952-06-25	45	7	95
249	1983-11-28	50	67	74
288	2010-10-27	27	96	53
241	1969-12-25	55	19	71
213	1984-09-15	70	93	200
264	2015-06-15	84	97	150
261	1985-06-20	75	71	190
220	2004-04-17	100	2	188
236	1950-12-27	72	16	35
295	1979-01-04	2	41	115
241	1958-02-25	83	42	76
285	1997-05-26	44	51	128
292	1958-06-11	25	91	179
240	1946-01-31	56	84	34
239	1948-06-29	13	64	105
