299	1976-07-28	6	96	101
234	1941-12-11	35	66	74
265	1994-11-15	35	69	40
273	1989-12-20	41	83	113
215	1944-02-22	66	26	23
277	1959-06-11	79	70	144
262	1981-03-03	53	93	128
277	2019-11-29	21	52	186
220	1979-02-20	35	100	200
242	2001-08-05	33	18	189
292	1961-11-27	79	99	123
213	1968-02-09	30	3	111
272	1982-09-21	43	35	52
252	1997-06-27	76	73	87
281	1963-02-14	5	21	81
250	1983-10-27	61	57	23
273	1957-07-06	65	31	97
292	2010-08-23	17	86	75
262	1948-06-22	23	48	135
232	2001-04-15	33	45	183
215	1980-05-31	35	26	33
298	1984-10-13	22	23	64
270	2002-03-20	43	86	98
275	2003-03-15	22	19	118
243	1943-11-01	31	6	53
284	1973-04-06	27	57	19
253	1997-12-06	74	88	145
265	1988-05-10	86	56	151
237	1964-03-11	56	23	77
271	1950-07-26	14	13	93
221	2018-01-11	68	65	139
218	1950-07-01	55	98	197
286	1973-08-31	53	73	196
249	1940-11-16	25	46	101
247	1967-06-05	67	92	138
266	1946-07-09	74	88	31
216	2012-01-08	8	96	138
225	2013-03-03	84	83	185
268	1982-05-09	65	100	38
250	1993-04-27	48	44	151
213	1993-05-28	62	71	76
238	1990-07-12	9	83	164
226	2017-02-27	72	92	102
290	1986-05-28	54	3	153
247	1992-08-18	85	43	10
283	1992-06-27	93	93	80
283	1987-05-25	44	4	83
275	1951-09-01	57	70	170
260	1966-04-14	64	62	82
253	1981-09-19	31	94	195
265	2016-03-26	34	85	5
262	1962-06-18	52	78	51
296	2015-11-16	31	100	38
297	2001-06-21	99	48	87
221	1949-05-11	60	47	50
249	1987-01-06	58	64	1
274	2015-04-17	70	65	67
296	1949-04-07	44	78	126
281	1941-09-10	45	100	72
247	2002-02-23	86	0	78
213	1952-12-23	48	14	102
247	2015-03-22	87	7	7
281	1970-01-26	99	76	57
294	1999-11-20	92	2	18
211	2000-03-24	46	75	64
288	1966-12-05	85	90	120
270	1998-03-29	85	65	27
241	1970-05-19	62	57	111
292	1962-11-29	6	25	70
263	1940-11-29	44	21	18
285	2015-04-10	7	56	52
210	1967-11-23	61	36	52
277	1991-01-17	18	21	126
247	1986-09-06	24	34	195
217	1963-03-17	35	57	168
273	2003-01-23	85	27	2
265	1942-01-28	42	28	133
272	1956-05-12	4	70	171
201	1991-10-08	34	46	84
207	1986-06-26	17	16	125
231	1964-07-31	17	94	151
201	1991-01-22	16	7	138
209	2002-04-16	48	70	60
257	1957-08-19	25	10	109
204	1950-04-06	15	24	169
271	1979-08-07	88	82	183
251	1971-02-06	35	1	166
261	1986-03-19	48	40	151
254	2001-03-04	61	52	187
254	1955-08-08	1	26	138
240	1955-11-03	31	40	138
211	1962-05-18	85	77	44
209	1943-02-08	35	85	180
287	1941-01-02	91	13	120
232	1963-05-16	44	43	44
236	2010-01-12	93	75	138
243	2012-01-17	98	37	9
235	1944-07-18	45	45	41
215	1960-07-06	90	69	131
261	2015-04-16	6	12	190
227	1986-04-02	47	74	68
293	2016-03-11	13	16	183
242	1952-09-15	86	83	105
221	1970-03-27	92	6	56
293	1952-03-19	10	32	136
252	2015-11-27	20	31	96
277	1941-06-27	62	30	82
275	1940-04-27	81	29	1
289	1959-11-01	69	99	62
284	2017-03-05	92	15	201
207	1986-06-13	23	84	62
286	1990-11-17	83	25	143
265	2017-09-19	11	38	16
204	1998-10-19	60	52	166
286	1951-02-18	26	12	130
241	1959-06-06	7	33	1
271	1962-07-13	1	34	191
220	1946-04-04	36	68	51
211	2013-09-20	41	6	77
284	1970-11-12	93	13	193
240	2019-10-26	60	94	168
280	1979-05-11	98	41	8
256	1946-12-19	50	63	58
222	1994-06-30	93	17	54
295	1943-01-07	33	72	103
298	1958-04-07	50	11	173
298	1995-01-06	10	96	179
237	1979-06-17	43	54	175
232	1971-02-03	16	46	45
238	2007-09-10	73	54	145
257	1958-08-18	48	70	168
209	2010-04-07	85	0	110
269	1953-07-19	89	64	162
222	1991-02-18	17	42	128
296	1973-07-29	93	80	167
269	2004-01-04	37	2	105
284	1981-03-02	16	86	136
259	1999-01-22	97	79	185
245	1960-01-03	73	65	152
237	2000-12-05	29	52	170
261	2004-02-22	12	49	158
257	1990-07-24	37	66	145
201	1958-05-11	24	98	20
286	1967-08-02	78	94	59
221	1984-04-07	25	85	64
276	1968-06-15	49	22	201
210	2017-11-26	49	61	74
282	2004-08-14	10	30	158
269	1971-07-25	29	65	152
239	1986-09-20	5	5	74
212	2015-04-14	43	91	145
294	1977-01-26	11	12	132
205	1974-12-09	23	46	162
232	1965-04-25	74	34	153
275	1965-02-25	79	7	52
249	1958-09-13	38	18	53
246	1990-01-28	40	84	178
248	1979-11-01	8	51	40
212	2004-06-12	87	86	52
236	2018-05-12	38	7	187
213	2009-10-16	76	93	69
248	1998-08-30	68	97	81
273	2008-08-15	93	76	118
277	1986-02-19	53	70	19
243	1962-05-10	93	30	72
287	1954-03-06	54	68	135
201	2001-05-15	13	6	40
