242	1946-08-10	5	27	161
262	2019-01-05	54	42	140
257	1958-11-01	65	26	137
269	1959-05-06	61	35	167
230	1956-02-28	67	26	3
265	1991-06-29	0	49	8
280	1994-01-10	61	65	156
283	2015-07-25	57	2	1
264	1965-02-15	75	100	181
298	2008-03-03	0	25	137
275	1994-09-16	55	73	139
256	1963-11-04	52	68	15
262	1979-12-30	44	58	9
267	1958-07-02	58	63	164
269	1965-07-03	93	52	15
258	1947-06-12	24	22	92
217	2012-07-03	13	46	61
211	2009-05-05	48	5	197
267	1942-05-05	2	41	138
298	1984-04-29	41	14	86
201	1969-04-06	99	44	110
286	1995-08-20	27	34	19
204	1981-08-04	87	94	27
249	2002-05-14	33	35	140
272	1940-04-11	32	86	136
260	1982-09-01	61	19	141
221	1975-07-13	26	26	26
243	2016-09-01	61	95	105
234	2009-08-15	98	70	145
266	2007-06-04	10	67	175
259	2018-08-18	93	80	92
274	1949-07-12	51	36	198
259	2018-12-09	70	68	46
274	1970-01-05	63	77	66
229	1970-11-04	79	28	82
207	1990-07-15	25	66	28
248	1964-05-17	6	34	177
230	1971-10-25	74	48	22
236	1989-07-13	2	0	160
270	1947-04-19	78	20	97
272	1991-06-29	37	73	43
204	2011-10-04	41	26	67
215	1991-08-04	98	39	91
231	1961-03-08	44	93	103
220	2015-11-27	81	54	198
289	2016-06-07	41	43	57
283	1956-10-21	78	39	150
225	1950-09-30	22	70	121
297	1983-03-16	76	18	68
211	1985-08-22	53	48	179
284	1972-12-30	61	28	83
256	1972-09-13	23	30	133
226	1943-07-05	100	2	12
203	1973-10-02	24	42	143
266	1978-12-30	38	92	71
226	2019-01-02	17	91	176
227	2010-07-08	4	88	168
239	1990-03-29	61	17	62
299	1984-05-03	3	12	175
213	1983-09-27	17	56	171
252	1967-07-09	13	7	123
262	1991-07-05	66	96	130
281	1985-10-17	96	11	45
275	1941-12-03	84	71	41
206	1975-09-02	80	96	171
248	2000-09-09	21	78	95
259	1983-03-30	61	3	111
223	1954-07-10	98	75	156
293	1994-11-30	90	44	2
261	1941-07-13	0	8	109
225	1995-06-05	15	91	90
241	1956-01-02	63	88	100
201	1985-05-21	13	57	138
210	1957-09-27	98	94	44
211	1946-09-05	42	17	156
278	1972-10-26	42	84	196
215	2018-10-14	61	18	21
212	2006-05-24	62	31	85
227	1989-07-25	58	3	117
239	1973-08-30	87	62	136
239	2018-08-20	88	41	98
290	2018-08-18	79	57	32
210	2006-03-25	74	42	114
295	1978-05-29	24	22	50
220	1984-12-11	15	50	76
221	1975-03-26	39	39	120
285	1982-06-12	17	18	129
255	1986-03-25	1	56	133
276	2014-10-30	33	69	190
232	1944-11-27	85	16	112
209	1945-08-02	15	83	5
238	1968-10-11	5	16	39
288	1983-04-13	76	81	103
284	2013-06-25	12	9	141
242	1993-07-04	16	27	122
211	1973-12-08	79	0	53
290	1944-01-05	68	61	66
227	1942-09-18	46	9	51
227	2019-01-08	2	73	143
227	1957-07-05	37	86	11
291	1979-01-21	8	68	147
206	1942-05-29	80	20	130
233	1940-06-08	74	57	176
233	1978-06-22	8	84	180
218	1980-09-04	21	31	35
231	2001-08-15	29	10	92
202	1998-07-20	18	77	32
292	1988-05-27	87	42	194
220	2019-12-20	29	67	22
270	2020-08-08	91	73	4
238	1963-05-11	34	70	201
274	1973-02-07	86	84	87
235	1960-10-14	0	23	146
207	1947-03-01	23	65	201
287	1983-03-05	84	7	172
230	1960-12-28	28	45	169
216	2015-12-30	58	99	75
206	1945-12-16	50	19	101
277	1940-07-04	80	36	102
219	1989-08-26	41	44	158
264	2017-11-02	38	56	57
256	1997-10-06	27	31	161
208	2009-05-02	33	7	73
258	1994-09-14	20	74	129
264	1999-08-16	32	45	76
246	1958-09-13	36	19	185
231	1944-03-27	16	2	61
290	1994-08-28	73	56	70
299	1968-01-31	73	34	150
241	1994-04-29	2	56	43
249	1952-10-21	96	28	95
272	2009-06-14	7	7	145
268	1957-10-10	62	82	115
271	2017-12-15	49	55	176
212	1945-08-16	88	86	6
207	2012-02-17	57	71	66
261	1948-06-01	10	21	175
235	2016-09-23	59	13	44
232	2005-08-01	92	52	160
237	1943-01-15	57	53	27
227	1943-07-12	0	92	3
286	1941-09-28	33	45	96
276	1991-07-06	74	14	138
259	1944-12-19	10	11	157
243	2007-03-15	91	58	62
290	1991-12-25	26	89	5
259	2013-06-22	29	23	106
291	1972-05-21	0	30	150
292	1942-03-16	92	98	173
206	1989-11-20	98	57	65
218	1952-03-18	100	13	26
261	1999-09-11	0	48	179
235	1969-11-29	81	96	135
294	1979-06-18	97	91	187
283	1966-02-27	50	99	185
289	1996-03-17	88	60	10
214	1976-08-26	49	89	76
220	1993-01-29	11	18	129
284	1996-12-13	81	21	170
239	1967-03-09	63	39	12
289	1941-02-25	66	21	69
244	1941-09-25	71	100	156
252	2007-05-29	67	44	65
225	1946-06-19	15	4	113
227	2004-11-27	69	60	35
250	2015-02-14	19	21	136
235	1974-01-16	81	47	43
258	1985-09-30	83	5	58
298	2014-05-08	7	55	166
224	1966-01-08	86	100	9
