269	1957-08-17	19	75	127
220	2012-02-03	31	65	135
207	1950-01-04	80	13	6
292	1948-10-22	51	19	23
293	1984-11-02	2	100	95
243	1960-10-22	22	37	102
235	1946-11-14	50	78	180
209	1949-06-05	25	93	137
270	1997-08-15	75	85	8
213	2014-05-25	0	81	138
274	1953-04-10	22	40	85
278	1971-07-31	67	95	35
234	1980-11-07	44	48	120
224	1960-06-10	30	28	16
231	1979-11-15	29	46	95
232	1942-07-17	14	20	92
298	1959-01-24	30	92	60
269	1985-04-16	60	33	95
211	1999-10-28	58	8	8
205	2017-02-26	85	68	18
206	1970-09-27	18	50	0
259	1962-11-23	50	8	144
270	1994-10-08	86	37	79
215	1947-08-28	17	0	170
289	1963-10-06	49	30	187
225	1971-11-24	56	13	109
288	1978-07-04	49	35	39
202	1974-07-22	88	89	82
228	2007-04-05	7	94	42
238	1988-07-28	56	49	119
297	1981-12-30	40	53	78
295	1997-08-02	23	81	74
251	1969-01-05	52	95	161
255	2007-06-18	100	11	91
295	1949-02-07	25	28	177
231	1960-06-08	58	43	29
280	1986-02-12	41	68	88
257	2016-10-04	82	84	190
261	1983-09-06	20	24	50
208	1992-09-14	7	72	193
241	1947-04-23	38	42	107
244	1994-04-27	99	72	99
242	1998-05-05	76	3	119
233	1988-02-22	1	59	100
223	1950-09-10	85	79	44
212	2010-11-26	7	8	18
294	1962-06-19	18	79	131
207	1966-03-21	4	89	86
209	1983-03-02	65	59	114
294	1944-04-28	59	42	50
251	1984-11-08	46	70	9
235	1958-09-05	23	49	13
299	2004-12-01	5	99	57
269	1994-08-11	49	12	95
291	1972-10-22	53	66	126
284	2012-05-12	2	37	141
257	1968-07-24	78	12	91
257	1952-09-03	95	28	172
211	1983-05-04	31	46	93
215	1998-12-10	11	65	134
231	1980-04-21	40	24	25
229	1987-12-28	57	37	179
262	2007-03-30	59	51	52
290	2007-12-16	89	8	91
252	1941-03-02	88	67	141
230	1983-09-04	1	62	116
237	2013-09-12	54	31	143
299	2014-02-23	75	14	80
252	1952-12-28	61	11	148
217	1945-07-14	93	57	178
223	1940-02-23	54	10	196
271	1946-05-19	32	87	111
240	1948-02-03	79	80	152
280	2011-08-29	50	62	12
236	1991-02-21	8	13	195
206	2018-02-08	26	37	171
220	1960-10-24	3	81	88
221	1971-01-19	83	23	41
246	1997-09-16	4	95	63
297	1948-12-08	9	92	107
252	1982-02-20	63	21	65
283	1995-01-20	76	80	47
273	2014-06-18	65	65	30
232	1948-04-16	70	78	22
247	1999-05-17	77	12	166
251	1954-03-13	73	51	40
232	1959-06-17	81	77	175
288	2015-01-01	48	77	24
290	1981-05-06	14	49	195
280	1973-08-09	13	73	118
260	2006-08-23	4	25	133
297	2020-04-15	15	22	4
241	2002-12-18	43	30	35
275	1972-12-28	18	12	149
220	1986-08-29	46	80	172
226	1947-08-04	68	37	130
220	1988-03-01	82	62	33
253	1959-08-05	82	48	157
288	1943-05-06	44	96	191
299	2001-09-05	39	82	12
205	1963-06-28	16	22	76
297	1957-04-15	88	75	89
262	1966-08-24	35	88	152
264	1958-10-20	74	85	26
243	1980-07-13	89	78	143
282	1958-09-13	14	5	21
203	1957-03-04	49	100	140
242	1979-05-01	47	21	45
237	1950-01-15	93	87	146
256	1966-02-13	32	57	99
218	2010-08-31	86	77	188
251	1954-10-30	0	53	70
202	2007-06-29	67	10	19
235	1983-01-18	15	40	17
292	1976-11-28	26	75	104
236	1976-09-07	78	79	110
280	1952-02-05	51	74	102
278	1991-07-19	74	95	71
278	1965-08-22	23	62	151
210	1994-01-25	28	57	114
275	2012-02-15	96	95	82
272	1946-12-23	80	10	124
252	1982-09-09	30	13	113
254	1945-10-17	44	72	98
207	1943-03-30	9	1	166
237	2001-05-08	52	9	60
257	1947-03-25	37	96	88
277	1994-12-21	48	61	54
237	1943-10-15	58	12	83
251	1957-04-30	81	87	3
298	1944-12-29	46	24	140
209	2001-07-22	76	23	179
216	1979-11-08	47	70	200
297	1970-01-01	10	90	193
282	1963-04-27	90	62	182
281	1967-05-29	32	62	151
299	2016-05-15	22	54	101
236	2013-05-02	20	15	197
287	2004-10-22	70	31	50
288	1944-09-25	87	17	129
275	2020-08-18	85	11	119
276	2002-11-14	33	19	121
219	1984-09-10	12	27	57
264	1976-02-14	39	56	98
274	1948-07-21	57	58	2
269	1972-08-07	64	10	111
287	1959-05-08	15	32	126
273	2001-06-14	33	21	73
222	1995-03-17	47	44	124
298	2017-01-31	58	76	0
235	1989-10-14	17	59	116
279	2013-07-16	62	33	72
219	1971-04-04	6	76	79
280	1967-11-09	40	25	30
300	2016-10-01	7	94	8
210	1969-01-12	4	0	73
263	2018-03-23	93	30	57
286	1981-11-26	64	75	76
266	2007-11-23	26	95	23
246	1975-04-12	88	92	152
235	1943-10-14	27	5	15
265	1966-07-20	85	28	92
262	2010-12-04	34	36	73
203	1989-06-16	97	48	196
261	1987-05-09	89	71	78
279	1965-11-13	4	38	123
216	1963-02-27	27	11	0
269	2017-07-11	39	91	138
285	1959-01-15	56	14	147
218	2007-05-18	69	31	197
224	2014-03-25	56	31	68
248	1999-11-02	64	65	79
242	1966-09-27	23	51	120
215	2020-07-20	79	68	0
266	2009-01-30	1	45	57
292	2016-09-27	79	68	107
219	1977-07-01	49	22	201
242	2013-02-14	49	93	139
207	1942-02-02	83	50	82
289	1984-01-16	14	6	73
232	1957-05-21	68	14	31
264	2007-08-12	20	47	86
203	2019-02-20	49	73	71
297	1980-03-20	42	43	53
285	1970-08-18	98	81	76
288	1984-05-07	51	14	136
208	1977-12-25	56	28	168
250	1962-11-12	84	56	43
241	1951-06-05	88	57	9
218	2013-12-22	76	94	93
236	1974-10-31	85	42	58
210	1947-03-31	43	81	7
299	1967-10-02	25	39	40
290	1999-04-07	76	91	148
236	1981-12-21	43	58	113
273	2009-03-06	0	5	150
211	1987-09-11	65	9	22
204	1942-09-04	48	36	67
219	1969-11-21	67	43	111
277	1940-03-26	19	43	181
269	1994-01-28	32	55	140
243	2013-09-22	68	13	48
