286	1970-03-16	36	37	80
215	1959-10-10	37	96	80
229	2011-02-08	74	41	119
230	1964-12-14	69	62	59
234	2020-06-26	66	93	1
298	1942-01-03	49	63	57
228	1969-05-07	43	95	24
297	1963-11-10	31	50	92
263	1971-09-01	44	32	126
296	1992-01-13	91	0	161
269	1947-04-17	96	27	181
205	2010-09-15	43	2	133
253	1957-07-12	19	92	170
205	1974-11-19	66	6	11
229	1967-09-26	96	83	134
213	1941-06-22	54	11	105
263	1944-01-01	82	22	99
218	2015-05-22	89	17	78
282	1979-05-11	13	12	115
240	1956-12-26	42	96	100
233	1955-04-29	22	2	95
212	1966-02-18	63	42	47
285	2020-08-16	94	91	98
293	1954-12-16	67	69	152
299	1940-01-09	51	48	119
247	1941-10-11	52	11	155
280	2007-03-06	55	45	78
229	1962-03-04	20	73	91
264	2017-09-19	36	11	67
252	1947-02-06	61	6	82
207	1995-01-22	88	1	87
256	1979-09-22	77	83	51
230	1988-10-23	66	2	88
273	1970-10-30	42	51	136
221	1966-12-11	81	50	153
295	1955-03-27	26	57	150
227	1995-06-07	62	52	82
267	1987-10-02	36	83	25
299	1947-09-15	74	8	98
211	2012-01-03	77	85	93
281	1984-02-19	23	72	119
282	1959-07-28	93	18	118
236	2002-10-06	14	63	107
261	1959-05-24	82	65	180
275	1999-02-25	91	43	152
238	1944-06-05	49	88	35
272	2014-01-09	36	85	134
292	2009-01-29	66	48	0
260	1983-04-19	14	62	90
235	1981-03-18	76	22	22
237	2020-04-23	67	39	76
289	1947-10-27	99	70	144
258	1989-04-06	100	0	115
231	2012-05-18	29	13	33
264	1955-12-29	29	53	185
215	1977-08-14	50	85	73
282	1972-03-24	46	46	75
299	2002-12-18	40	13	120
297	2016-12-31	64	41	57
208	1969-06-08	94	55	162
205	1962-02-13	21	70	35
274	1997-06-15	96	89	150
234	1972-03-23	45	47	35
299	1996-09-20	28	38	10
224	1946-09-27	28	29	153
226	1965-05-17	89	89	23
249	2011-03-01	48	80	121
281	2020-09-21	59	34	91
234	1941-12-13	12	52	9
211	1968-02-05	28	62	21
282	1998-10-23	79	22	152
229	2014-09-08	70	39	134
298	1957-05-02	57	68	72
237	2004-12-29	10	82	105
238	2000-07-08	39	2	110
281	1983-07-19	29	62	82
296	1951-10-08	8	52	50
205	1961-02-03	74	9	36
211	1974-12-24	76	70	117
220	1964-09-29	17	19	13
219	1946-12-05	25	9	59
224	1982-09-23	40	25	12
245	2008-09-12	94	49	38
245	1951-06-24	47	72	176
207	1982-02-24	57	80	171
235	1984-06-23	99	78	160
206	1994-04-24	47	62	51
260	1967-03-11	97	94	153
282	1997-06-24	4	85	177
206	1984-09-04	10	1	92
237	1986-07-29	2	10	121
291	1954-07-20	56	97	76
262	1995-09-19	49	84	2
283	1997-12-31	72	77	99
232	1989-06-01	26	89	158
261	1943-07-21	98	38	100
259	1940-09-19	56	11	176
275	1944-12-10	90	52	39
241	1949-07-15	67	49	71
281	2003-07-30	5	58	172
234	1950-10-23	98	97	153
250	1940-01-12	74	39	142
253	1954-07-15	50	82	185
253	2015-06-13	81	76	138
249	2020-09-18	45	77	87
216	2004-03-15	66	96	13
240	1952-02-29	26	44	169
232	1997-07-16	22	6	139
225	2010-08-28	12	44	13
242	2015-11-05	13	82	175
299	2014-09-14	82	0	44
256	2018-10-16	28	45	188
274	1996-05-20	55	15	55
271	1997-06-10	83	73	37
290	1994-10-14	52	66	86
288	1950-03-20	89	16	26
250	1958-04-26	59	56	87
278	1945-05-16	26	11	147
225	2001-06-14	39	5	43
205	1940-07-13	20	9	165
256	1972-01-28	32	49	63
212	1946-01-16	34	14	123
201	1949-02-17	94	36	21
218	1994-04-23	38	73	115
297	1941-08-25	24	80	186
228	1967-07-14	24	54	141
287	2000-05-17	68	58	124
204	1951-11-24	80	8	149
235	1997-08-05	25	60	154
232	2002-10-06	66	100	187
214	1994-01-03	13	6	58
244	1952-02-20	53	97	96
226	1969-12-06	88	13	123
215	1972-11-23	69	80	75
215	2002-06-04	61	53	42
266	1984-09-30	74	22	159
281	1993-07-10	61	53	52
254	1957-03-16	33	75	151
236	1978-06-24	69	51	131
284	1951-06-04	71	21	82
219	1978-11-18	34	6	109
225	2010-04-27	74	34	64
281	1977-12-26	46	39	24
216	2019-07-31	69	60	167
300	2014-06-18	88	70	1
242	1953-12-16	76	38	20
280	1973-10-04	29	39	145
210	2004-06-21	90	68	112
228	2013-12-09	96	92	187
278	1944-08-22	87	18	80
261	1981-03-23	41	18	142
254	2012-04-20	64	28	104
