211	2011-11-01	26	1	176
248	2019-04-26	11	5	147
219	2012-03-22	68	34	199
258	1993-05-28	55	63	102
222	1963-09-28	91	24	13
276	1952-03-01	44	98	37
279	1988-09-14	8	40	85
255	1974-11-15	68	7	186
235	1973-08-20	26	19	56
266	1947-11-14	96	97	26
269	1954-06-12	81	27	26
290	1968-02-09	87	17	16
208	1943-07-26	29	85	105
241	1970-11-27	94	71	118
247	2013-02-19	88	4	108
215	1970-07-12	9	41	159
293	1986-10-14	36	20	79
234	1942-07-25	12	71	193
264	1993-05-12	45	96	40
201	1980-03-15	86	50	64
298	1970-11-08	4	66	19
271	1964-12-06	54	90	4
268	2008-02-11	45	63	96
263	1955-02-19	65	91	96
253	1977-10-08	87	41	119
300	1983-09-22	87	11	94
260	1974-10-01	14	87	105
276	1999-07-19	24	18	12
241	2013-06-18	64	11	163
244	2001-05-13	78	41	153
208	1956-02-14	25	98	76
260	1940-06-24	5	21	153
236	1955-12-02	49	46	193
232	1946-02-15	97	33	197
233	1977-05-11	71	30	30
294	1954-11-16	94	16	77
255	1988-03-17	26	46	117
275	2010-01-06	23	59	128
268	1982-06-02	4	35	131
291	1963-08-18	46	82	76
291	2007-01-28	34	65	12
201	1996-12-01	61	11	141
260	1971-01-14	99	62	101
225	2012-12-25	34	10	57
205	2003-06-25	39	23	67
288	2003-07-01	81	10	58
219	1981-09-23	21	28	186
222	1996-02-16	61	2	134
260	1952-01-21	90	67	40
216	2020-05-25	55	90	90
280	2004-11-24	2	16	169
250	2008-12-07	73	8	54
277	1981-03-14	35	46	57
285	1965-12-30	99	11	133
280	1980-02-13	50	85	116
299	1993-05-04	33	75	86
291	1977-06-18	44	14	89
235	1986-03-09	2	36	104
275	1966-11-17	65	52	54
267	2011-09-26	48	38	105
258	1980-10-31	81	58	71
236	1961-04-14	34	49	194
230	1999-08-19	80	41	52
295	1961-08-18	50	35	175
220	1952-05-10	35	7	189
276	1955-06-18	33	45	64
240	1980-09-12	81	74	157
210	2017-07-19	37	37	172
292	1958-01-24	91	15	190
267	1964-02-16	65	71	123
282	1965-06-14	99	63	77
242	1951-06-12	90	77	77
282	2000-06-05	79	90	99
235	1972-05-03	14	59	90
226	1976-07-13	90	70	187
260	1989-01-27	31	66	155
254	1974-07-25	38	26	6
242	1964-10-19	69	38	54
256	1942-12-29	91	81	186
206	2013-07-21	62	7	8
275	2014-07-30	14	64	175
219	1966-03-31	95	63	183
223	2019-04-22	82	23	125
262	2008-11-02	53	50	161
224	1946-11-29	82	90	81
241	1998-10-08	54	15	21
228	2006-09-03	68	32	186
270	2003-06-13	74	22	133
283	1991-09-20	26	63	83
209	1966-04-06	1	15	15
271	1962-12-14	96	91	112
276	1946-11-04	38	65	135
251	2019-07-03	46	17	3
220	1948-03-26	34	76	136
264	2010-06-17	39	65	175
274	1978-05-10	13	55	142
268	1965-04-22	32	57	48
211	1988-08-30	34	86	84
234	1940-05-04	17	56	23
234	1981-11-29	32	44	11
256	2001-05-10	57	4	62
231	1986-06-03	75	38	77
262	1981-01-26	56	14	101
276	1969-03-19	53	71	158
