260	1992-10-24	70	84	24
234	1987-09-03	98	6	112
254	1971-04-06	63	58	14
210	1942-10-13	22	74	161
296	1975-01-30	100	78	84
215	1955-12-14	86	3	167
262	2005-02-20	66	69	196
208	1986-05-01	82	4	22
286	1983-05-02	91	53	109
262	1960-12-11	61	40	46
201	2010-11-07	40	64	59
275	1995-10-15	20	43	66
216	1948-12-10	22	52	141
228	1987-07-14	80	57	95
218	2001-09-06	77	1	91
290	1986-02-03	7	54	82
284	1978-12-16	26	24	158
236	1997-05-31	74	44	190
213	1988-05-25	32	93	78
210	1993-05-26	91	87	40
205	1965-08-21	27	99	184
253	2003-03-08	51	79	31
213	1950-02-01	31	78	103
256	1968-01-15	82	64	92
285	2004-02-08	7	88	171
262	1969-09-02	23	62	116
288	1946-10-20	63	41	149
255	1985-02-07	16	90	142
215	1964-01-02	43	49	10
225	1992-03-02	93	95	66
274	1990-05-03	61	4	42
239	1997-12-03	16	78	90
248	1940-04-19	64	52	91
260	1959-05-23	99	14	125
261	1978-11-06	96	18	108
225	1991-05-05	38	79	16
288	1954-01-10	68	95	18
211	1980-01-26	29	20	82
258	1955-03-28	32	23	104
283	1953-06-29	18	84	42
245	1996-05-04	55	40	187
254	2012-01-25	90	71	193
244	1954-12-21	1	91	110
294	1975-03-28	20	4	186
267	1950-06-14	37	38	5
279	1986-03-21	52	90	186
246	1944-10-05	41	33	88
280	1967-10-18	35	26	66
285	1974-03-19	58	56	12
281	1999-08-14	62	57	85
254	2008-09-01	18	51	51
281	1972-01-19	79	25	86
232	2014-01-20	41	86	178
250	1960-05-24	1	68	35
278	1978-04-03	66	44	133
292	2004-08-12	51	59	4
249	1957-08-11	1	97	24
300	1997-02-17	83	49	157
273	1953-04-23	32	66	132
248	2002-09-16	19	65	200
267	1942-09-27	83	100	154
252	2015-03-04	81	53	17
231	2013-02-08	59	29	33
256	1967-12-08	30	40	162
207	1949-05-03	96	76	179
218	1981-04-20	60	10	134
225	1984-08-11	57	76	15
275	1942-01-02	59	39	42
254	1950-07-23	43	44	71
215	1944-06-10	49	77	192
225	1996-09-09	58	56	99
236	2011-12-25	8	43	118
212	1962-05-04	67	83	163
211	2020-09-18	4	98	52
226	1942-07-23	57	26	193
258	1980-09-30	83	39	11
263	1965-07-06	51	35	115
288	1968-01-06	37	82	62
292	1947-05-14	67	15	110
202	1965-01-18	89	73	56
262	1990-04-11	15	4	149
269	2009-07-12	32	5	41
269	2002-03-27	46	40	192
217	1944-01-11	24	98	198
262	1974-11-05	46	87	152
206	1990-04-23	7	69	140
226	1978-11-11	74	82	31
223	1989-07-13	13	92	88
289	2012-12-15	78	40	44
291	1962-07-19	60	16	17
237	1949-04-11	16	13	178
262	1954-09-12	47	40	185
271	2005-04-17	26	72	95
208	1955-10-07	98	95	126
245	1948-08-13	57	61	145
278	1986-11-19	21	96	88
288	1941-10-01	28	48	19
241	1954-12-19	56	8	128
224	1974-06-16	17	44	26
220	1955-07-15	92	74	174
225	1978-02-19	55	94	32
263	2015-10-10	99	47	44
250	1954-04-13	79	0	141
258	1940-02-25	45	65	97
245	1972-07-16	31	80	138
249	1986-11-07	15	83	43
272	2011-11-09	44	39	91
247	1940-01-04	44	99	36
230	1968-01-16	70	36	35
239	2011-01-02	52	36	85
218	2019-09-06	37	13	1
202	2015-09-01	95	34	9
260	1968-09-18	92	63	3
253	1968-11-27	50	19	191
264	2002-07-04	70	26	185
222	2007-08-27	51	5	87
255	2001-12-27	37	11	52
237	2001-04-18	66	38	104
275	1969-04-21	98	38	181
210	1963-02-06	97	63	3
230	1976-09-02	29	64	54
267	1972-06-03	71	43	111
246	1970-01-31	72	14	114
239	1972-01-26	64	23	79
214	1999-11-15	53	32	90
273	2016-02-23	47	97	77
286	1958-05-27	60	73	118
231	1969-06-09	61	69	4
217	1988-10-25	40	82	187
206	1977-09-14	26	59	184
244	1974-06-24	58	33	106
202	1994-04-18	52	96	24
226	1993-03-19	77	93	92
241	1947-05-24	37	55	9
278	1984-08-13	32	40	117
227	1960-01-05	45	87	107
251	1954-03-05	21	22	134
250	1997-05-10	75	22	129
213	1994-10-06	90	69	189
226	1951-01-15	15	79	193
223	1945-05-23	18	51	114
234	1996-09-10	87	60	105
203	1983-06-07	36	38	122
249	1952-06-17	77	7	69
293	2020-04-04	9	35	190
218	1941-08-11	96	56	78
254	1986-12-06	80	9	175
269	1978-05-30	10	46	114
263	1957-06-27	69	87	187
219	1997-10-25	94	27	107
260	1998-10-12	2	86	25
290	1975-04-02	22	88	14
256	1989-03-02	18	82	171
272	1979-11-16	25	69	151
221	1948-11-02	94	22	121
237	1994-08-08	68	48	193
284	2000-06-17	14	37	81
291	1941-07-06	7	15	130
276	1978-10-17	55	84	124
239	1957-08-12	69	39	8
202	2013-08-31	10	64	11
274	1951-01-24	37	45	57
253	2006-12-31	13	27	58
291	1994-02-06	90	70	43
263	2001-06-14	93	69	130
285	2014-05-02	63	48	4
277	1978-02-25	42	35	179
264	1992-04-18	75	67	170
245	1957-01-29	21	14	120
215	1999-01-07	73	17	57
219	1953-03-03	82	91	40
242	2016-05-09	39	73	19
226	2001-11-24	10	49	112
233	1969-03-04	57	36	184
248	1942-07-17	76	91	126
232	1971-04-23	66	99	153
201	1942-12-06	27	25	16
268	1985-10-17	32	92	170
258	1995-06-25	97	48	100
287	1978-09-26	90	95	134
238	2018-08-26	61	29	41
279	1941-12-05	33	54	200
248	1949-07-21	40	47	8
256	1942-01-27	60	94	156
262	2014-09-12	66	80	195
240	2005-08-22	42	34	107
294	1988-09-02	2	2	197
250	1982-11-25	15	53	36
209	1964-12-10	43	25	164
233	1943-04-18	21	16	27
269	1969-05-07	91	89	118
290	1957-12-04	77	25	48
229	1989-10-19	10	40	102
236	1969-03-04	20	37	57
237	1984-12-05	46	76	36
243	2008-07-06	4	85	111
280	1963-04-10	60	14	118
297	1996-01-14	3	8	141
286	1966-06-27	90	29	166
287	2019-10-14	49	69	63
252	1952-04-20	38	23	155
241	2000-06-25	69	98	78
277	1991-04-15	43	11	180
201	1998-03-23	0	82	97
201	1972-09-30	87	4	94
210	1945-10-23	2	8	35
201	2001-01-28	19	11	17
204	1953-05-16	18	32	80
294	2013-03-21	93	41	180
259	1987-09-15	42	38	196
264	2016-07-05	69	5	163
229	1977-02-12	11	21	184
275	1988-09-05	75	3	16
235	1979-01-17	100	66	123
279	1959-06-13	63	77	49
286	1975-08-06	61	23	95
239	1979-06-24	79	19	179
291	2018-04-08	22	1	59
280	1972-03-08	90	78	23
284	1981-07-24	36	16	148
225	1945-09-12	84	95	201
205	1972-07-23	62	10	127
243	2000-09-14	82	65	97
271	1960-12-26	86	19	111
281	1989-06-18	71	68	193
246	1942-07-27	62	84	43
242	1949-06-05	64	16	87
242	2018-08-26	80	97	38
222	2008-08-13	2	87	144
208	2014-06-17	23	99	17
243	2002-08-17	24	7	33
246	1977-07-17	32	11	133
207	1954-09-04	16	49	78
225	1955-11-01	62	99	37
300	1981-04-20	4	24	196
278	1955-04-02	7	61	152
282	1972-11-10	33	82	53
229	1968-01-24	52	59	168
248	1977-11-21	3	60	4
294	1958-09-06	23	1	34
260	1949-06-26	73	15	133
270	1993-11-08	49	61	52
261	1970-12-06	0	37	156
281	1976-08-26	74	32	10
233	1980-02-12	42	70	151
232	1951-02-07	90	64	89
263	1989-07-30	11	90	118
275	2017-12-16	36	20	191
235	1999-10-01	36	48	37
269	1942-04-14	65	53	184
282	2011-01-13	76	60	43
261	1986-01-16	0	35	193
294	2017-04-15	76	11	54
214	1963-09-04	75	49	20
244	1976-09-08	35	69	119
215	1953-04-17	67	13	137
268	1991-01-18	2	40	9
