283	1951-09-08	41	72	7
250	1993-06-07	52	58	60
273	1992-02-12	86	18	112
300	1995-05-03	29	79	31
268	2012-09-29	52	46	76
277	1992-05-29	76	10	99
261	1953-04-21	69	92	195
296	1944-11-07	99	11	40
288	2008-08-02	88	32	41
219	1949-06-12	84	5	48
259	2001-10-04	26	59	199
299	2015-11-26	26	22	157
255	1989-10-08	76	88	147
285	2005-07-23	32	93	24
201	1943-08-24	34	93	123
226	1983-07-27	40	97	186
290	1952-10-30	41	0	166
289	1972-06-26	14	24	135
201	1990-09-15	84	93	39
269	2009-04-04	20	61	89
285	1973-07-09	51	76	120
204	2004-07-19	47	69	23
230	1996-01-12	78	29	11
223	2009-09-08	31	43	138
280	1978-06-03	66	41	100
288	1965-12-02	48	77	44
218	1962-02-04	11	96	13
213	1980-05-12	25	58	146
237	2005-12-14	17	54	130
229	1953-05-10	46	73	151
210	1981-03-26	74	14	138
252	1984-06-10	1	72	125
275	1974-08-06	82	37	201
274	2000-07-01	80	44	134
278	1989-03-20	84	81	127
267	2018-01-10	45	35	54
245	1940-04-15	21	92	55
214	1967-05-15	78	19	146
211	1998-06-18	46	71	182
263	2007-08-01	7	21	57
241	1951-06-30	25	67	114
270	1942-01-29	64	31	180
277	1997-04-24	66	56	199
230	1981-10-15	5	89	13
213	1997-10-27	72	35	173
206	1999-11-29	13	7	199
253	2016-12-14	14	14	150
259	2016-01-05	51	20	128
214	1944-10-30	12	4	10
236	1967-01-12	88	66	33
245	1987-01-01	21	19	198
258	1942-01-29	50	18	108
254	1968-12-05	96	12	81
291	1943-04-04	74	7	143
229	1941-06-10	80	68	186
288	1977-07-25	14	53	174
216	1977-12-14	39	48	99
246	1958-01-23	65	85	167
295	2011-09-16	8	65	150
269	1990-09-20	28	88	154
252	1976-07-06	78	38	180
254	2013-10-20	76	2	45
263	1997-08-19	1	78	14
282	1949-08-19	26	8	35
236	1999-07-12	17	96	35
251	1998-12-28	99	45	186
261	1953-09-23	23	24	100
268	1965-09-30	69	90	53
283	1977-01-23	58	98	90
277	1998-02-13	60	62	168
267	1996-09-26	39	79	24
250	2013-03-16	19	2	164
284	1997-05-28	90	57	5
220	1951-12-05	46	46	14
270	1941-04-07	7	60	88
268	1955-06-24	3	12	114
270	1966-04-11	63	16	155
214	1945-05-22	12	3	6
245	1996-04-19	58	21	152
212	2013-03-30	12	21	32
203	1969-05-25	13	82	12
286	1965-12-26	7	98	111
217	1942-08-09	82	47	23
211	1956-02-15	68	94	2
286	1977-06-24	26	53	63
289	1954-03-28	69	30	9
293	2001-11-30	10	36	43
290	2009-05-02	46	75	35
239	1964-03-29	89	41	181
251	1995-05-01	69	85	85
290	1953-06-18	13	89	151
210	1963-01-03	22	39	85
243	1962-06-01	32	47	8
237	1974-02-10	75	86	41
202	1958-07-27	20	82	50
242	2015-03-25	12	29	56
230	2005-02-27	88	42	115
270	1970-09-10	45	88	71
243	2019-12-07	64	38	46
247	1951-09-08	18	35	48
214	1941-08-07	78	92	26
281	2007-07-12	88	41	193
206	1982-10-01	91	46	132
243	2017-10-05	35	14	103
203	2016-05-14	81	81	132
208	1951-08-30	73	21	116
274	1988-02-07	66	40	45
256	1979-09-08	77	81	92
270	1984-01-24	59	66	51
273	1956-05-25	48	7	141
275	1943-05-06	23	19	73
255	1986-09-21	21	50	63
234	1948-11-21	15	50	28
295	2001-06-01	70	89	15
242	2016-01-08	7	12	93
236	1961-09-26	84	9	102
271	1964-09-20	3	61	120
255	1962-03-21	6	32	171
270	1954-11-20	39	97	52
299	2006-01-16	0	81	20
267	1994-04-11	66	88	76
233	1959-11-08	55	41	58
295	1993-11-01	87	13	63
234	1948-03-27	80	97	109
247	1995-03-15	59	52	8
231	1941-06-27	90	97	87
241	1971-05-04	66	66	161
254	1948-07-01	49	1	108
229	1942-07-25	2	64	70
216	2001-09-06	0	50	89
214	2005-05-31	100	34	162
203	1948-05-31	28	63	164
