247	1940-12-11	34	44	31
299	2006-04-02	66	85	120
234	1957-07-16	11	86	166
253	1944-06-30	34	8	176
232	1940-11-28	11	11	66
238	1954-06-06	60	83	51
227	2018-07-30	58	46	71
216	1986-03-16	89	29	129
275	1965-04-09	66	56	43
211	1974-12-08	36	46	185
223	1958-12-07	62	51	149
255	1991-05-01	59	48	99
289	1988-01-06	24	59	121
242	1993-04-03	62	48	160
211	1967-04-04	40	17	25
281	1943-02-21	9	36	104
296	2003-08-17	42	9	198
265	1996-03-21	57	44	188
216	1959-05-04	87	92	98
243	1991-05-31	56	98	65
231	2007-09-20	19	20	139
225	1964-10-01	36	87	46
260	1948-07-10	84	21	17
288	1978-07-14	31	78	18
272	1952-02-03	94	28	195
205	1993-12-08	2	56	12
278	1940-10-28	60	60	93
263	2012-02-09	24	52	187
254	2010-09-03	45	64	132
283	2013-04-04	22	19	172
292	2004-02-03	67	41	24
256	1943-12-09	10	63	161
216	1968-04-01	79	21	65
238	1983-04-02	53	90	80
271	2002-10-21	35	81	173
247	1944-01-13	94	34	146
228	1983-11-28	17	100	27
259	2009-09-09	64	87	4
215	1972-03-23	8	75	162
255	1988-09-08	41	68	87
219	1984-07-29	69	64	107
278	1949-12-16	22	46	167
219	1955-11-19	82	88	38
280	1948-07-23	19	57	34
219	1968-12-21	16	40	92
277	1977-07-05	56	25	64
215	1998-12-12	43	49	75
268	1964-07-31	48	93	118
256	2003-12-06	62	69	4
280	1955-07-30	15	6	48
286	1968-03-06	20	41	153
287	1941-10-24	89	44	56
255	1953-05-09	5	49	105
205	1988-07-26	1	31	104
224	1994-03-05	3	1	70
238	1959-10-24	85	77	183
276	1956-12-06	74	69	162
286	1980-01-12	85	82	170
272	1992-06-18	77	82	101
216	2006-07-14	69	7	39
283	1993-08-29	41	54	101
299	2008-09-06	4	72	107
243	1979-04-25	19	68	198
240	1974-07-16	38	8	33
243	1991-11-23	8	76	61
212	1947-08-02	85	30	21
212	1973-12-01	27	95	128
299	2006-11-24	37	73	122
277	1992-06-04	75	50	68
273	2003-06-29	30	3	111
213	1991-08-30	86	57	30
270	1980-09-01	10	64	149
237	2019-09-22	75	20	74
293	1983-08-27	79	3	139
280	2003-04-11	36	10	183
209	1971-10-26	29	59	127
215	2016-06-08	73	25	77
244	1995-01-19	76	56	184
247	1963-09-16	62	41	1
288	1997-04-23	81	61	127
296	2010-08-03	42	0	14
254	1952-04-16	15	55	66
284	2016-08-21	62	6	105
254	2003-02-28	34	50	127
208	2005-04-18	93	91	8
229	1966-12-08	77	7	146
216	2012-02-09	13	75	67
282	1951-08-08	3	57	38
266	2017-02-14	7	24	183
204	2011-11-13	65	49	155
271	1940-06-19	56	76	190
207	1993-11-09	69	35	51
277	1960-01-03	97	58	16
266	1953-06-14	19	15	32
266	1967-03-14	96	92	18
220	1990-08-11	30	9	69
254	2014-09-11	41	57	149
243	1999-04-02	78	99	175
252	1980-11-27	67	3	162
233	1994-01-08	9	68	70
208	1984-05-21	22	27	48
277	2002-05-08	82	42	84
265	1954-09-12	61	16	176
289	2019-06-22	100	84	66
206	1989-05-10	96	47	58
224	1944-01-15	56	81	103
225	1977-06-24	78	34	93
239	1985-12-28	4	71	155
294	2015-01-27	30	8	138
272	1994-08-23	76	47	66
219	1947-05-07	10	20	57
228	1985-08-15	4	68	37
235	2016-03-31	41	73	190
239	1959-08-25	37	56	125
211	2005-08-22	64	70	167
274	1951-05-24	32	88	135
201	1978-06-10	99	20	154
237	1942-05-27	75	17	181
201	1949-04-16	15	11	141
225	1991-05-30	50	38	12
237	1967-04-28	61	33	23
262	1978-04-28	88	74	198
297	1957-05-12	88	87	171
237	2014-05-01	21	46	173
266	1990-02-23	54	14	79
279	1984-02-18	6	75	74
291	2001-09-11	93	41	98
248	1988-06-22	67	88	81
202	1964-02-22	98	69	87
208	2007-01-13	54	86	59
218	1967-08-19	38	58	146
222	2018-02-17	31	49	23
268	2019-01-18	41	95	187
208	1987-05-31	30	100	188
274	2018-11-19	39	21	127
273	1993-10-03	100	17	153
234	1984-03-02	17	62	155
240	2006-06-22	12	47	184
298	1968-06-29	94	20	56
277	1995-07-15	50	24	17
242	1960-06-26	48	72	115
236	2011-07-05	62	27	119
221	1956-11-28	89	10	81
235	1952-10-14	61	49	180
258	1965-04-13	75	5	99
264	1971-02-12	10	28	29
242	1970-07-06	91	5	107
215	1997-04-15	19	37	150
240	1961-11-12	16	58	90
216	2019-09-01	34	63	48
288	1988-12-13	41	88	135
227	1992-05-13	34	77	90
202	1954-09-18	60	72	52
280	1969-01-16	40	58	162
208	1950-02-25	55	95	199
240	2008-04-02	27	6	164
223	1960-04-04	13	65	56
290	2008-07-20	84	46	173
207	1952-10-17	64	37	93
224	1970-09-14	93	6	105
230	1948-02-03	81	84	190
248	1984-05-23	50	49	112
239	1985-05-25	81	30	117
289	1954-01-26	91	10	194
279	1980-04-15	49	9	52
233	1963-02-04	14	94	147
289	1983-11-20	2	48	98
281	1958-06-29	24	91	115
245	1961-05-27	9	53	180
247	1977-01-15	33	17	150
225	2004-11-23	49	75	152
203	1993-03-28	50	99	16
238	1956-12-08	91	37	160
202	1977-04-23	72	46	94
207	1967-01-31	42	2	194
252	1995-11-17	73	48	195
248	1990-08-12	2	5	68
244	2013-06-29	100	44	62
220	1950-02-03	51	55	193
219	1984-10-28	68	29	57
299	1954-04-20	65	66	8
229	1940-10-07	95	62	104
226	1996-04-25	40	82	194
209	1974-08-18	5	45	152
262	1955-04-11	75	98	110
247	1996-06-11	92	0	48
294	1949-06-30	92	29	117
236	1965-06-16	39	66	47
257	1962-12-26	46	80	103
272	2016-12-01	68	49	32
242	1971-05-13	25	58	142
290	1981-12-11	8	53	14
205	1985-04-24	25	40	95
233	1958-09-28	0	98	138
283	1976-03-15	38	93	63
271	1964-09-11	39	38	128
243	2007-03-05	30	25	33
299	2008-09-05	36	70	179
255	1949-08-11	91	0	133
