289	1960-08-11	79	55	178
215	1994-11-23	83	19	75
280	1997-03-24	35	35	200
275	1988-11-19	21	50	39
269	2009-09-11	49	55	116
211	2016-11-16	3	79	21
222	1964-07-10	3	50	107
291	1942-04-11	81	15	188
219	1970-11-25	23	79	61
217	2008-01-01	21	4	143
282	1989-05-17	28	65	130
237	1945-12-03	74	51	59
280	1969-04-09	96	89	198
252	1977-05-18	53	47	140
299	1974-12-27	74	49	181
274	1973-07-20	22	97	84
234	2010-12-17	47	74	174
273	1984-01-24	95	79	169
261	1969-01-15	5	2	12
287	1944-10-20	74	82	60
251	1991-05-19	78	44	104
270	1950-04-14	52	67	159
264	1990-04-01	5	67	56
286	1949-04-01	17	37	199
274	1988-12-17	80	49	166
292	1944-09-24	29	23	71
239	1943-10-11	0	65	90
297	1947-09-01	25	88	105
276	2000-02-17	8	21	167
213	1998-05-07	4	96	114
289	1978-05-16	50	80	147
296	1942-01-22	26	88	135
218	1995-09-17	1	31	62
284	1948-02-10	6	61	185
215	1985-04-12	29	27	52
296	1961-05-07	74	15	175
285	1958-03-14	37	27	175
217	1980-04-04	32	63	180
242	1997-01-16	40	22	178
242	1988-12-01	29	85	18
295	2010-05-06	46	74	154
230	1979-01-14	13	50	126
264	1970-01-02	3	97	89
300	1982-05-11	23	12	175
265	1993-11-11	75	24	191
298	1985-12-06	28	35	57
211	2020-08-27	10	69	183
291	1954-05-03	15	2	10
236	1975-07-02	62	93	180
213	1992-08-28	54	35	144
218	1976-03-26	75	17	110
298	1963-06-23	11	22	165
255	2002-01-22	49	35	99
208	1980-03-30	86	69	74
283	1953-09-16	27	21	123
227	2000-04-07	40	3	2
244	2017-07-23	70	73	138
210	2019-03-24	13	22	25
260	1989-04-02	94	13	55
256	1976-07-29	72	86	134
247	1958-12-27	24	90	25
245	1961-08-27	87	10	25
253	2001-08-01	34	85	99
283	1940-09-07	48	8	76
213	1940-11-12	87	56	71
272	1986-01-12	43	68	140
235	1961-02-28	83	96	25
239	1949-04-07	87	82	195
219	2005-04-09	84	60	132
221	1995-07-10	96	74	79
233	1955-06-29	25	71	59
206	2000-12-25	100	100	171
276	1962-07-10	9	72	102
267	1945-05-14	82	2	88
238	1951-03-26	77	21	187
211	1962-08-30	19	32	42
270	1976-12-06	80	54	46
248	1953-07-27	72	78	46
273	1975-12-02	83	66	197
207	2003-04-08	49	55	95
274	1973-08-22	21	19	115
260	1940-04-09	52	31	78
251	1964-04-15	13	45	173
280	1972-10-29	97	67	200
262	2013-08-05	71	80	103
225	1977-08-09	64	59	111
248	1976-07-09	4	32	121
297	1975-02-02	75	62	127
234	1996-01-08	10	97	161
251	2019-10-29	69	72	33
282	1955-10-02	40	0	116
259	1968-01-14	77	4	101
286	2017-05-21	11	99	75
249	1961-07-07	64	5	55
272	1948-04-03	10	74	189
269	2007-01-15	98	36	148
295	2001-05-28	26	94	141
222	1988-12-09	1	80	190
229	2017-12-16	78	74	150
223	1979-02-03	77	51	103
291	1941-11-11	47	0	91
217	1981-08-02	10	29	135
203	2016-03-24	2	18	33
203	1946-11-16	54	47	90
210	1980-12-14	79	13	164
297	2005-12-04	58	66	24
220	1947-06-20	61	81	179
285	2011-07-07	21	96	126
205	1989-07-10	68	71	48
282	1949-06-23	14	45	88
243	1959-04-10	19	62	97
271	2007-07-29	41	70	151
287	1983-12-30	7	75	104
238	1950-05-08	92	4	141
244	1984-11-05	54	46	172
300	1986-07-03	64	45	81
242	1954-10-17	35	92	70
250	1946-07-29	90	81	159
280	1946-05-21	83	13	64
209	1951-05-03	20	62	149
269	1945-08-11	74	55	16
264	2016-11-20	42	14	19
277	1947-04-14	21	29	118
205	1996-12-03	98	14	57
247	1963-03-13	31	90	11
253	1985-02-15	60	81	135
201	1940-05-21	81	75	95
278	1997-09-26	55	84	134
281	1947-07-27	49	50	92
220	1995-05-26	14	13	90
290	1984-02-11	3	83	133
255	2011-08-18	72	53	198
273	2015-05-19	58	61	102
251	1998-02-12	30	87	128
258	2020-06-09	59	87	156
227	1973-05-05	61	59	96
216	1964-12-27	78	93	65
294	1980-02-06	4	14	48
203	1959-02-07	56	44	27
207	1986-07-11	44	89	180
214	1975-08-29	19	85	161
208	2017-08-14	80	66	44
227	1975-11-06	72	4	120
287	1986-08-18	81	43	99
261	2007-12-22	95	65	168
240	1980-11-12	40	28	54
292	2009-10-09	50	59	82
240	1942-05-29	63	10	53
254	1984-05-01	99	80	64
280	1965-04-18	58	7	95
230	1967-09-19	99	20	21
226	1983-03-13	64	25	153
241	1982-12-11	27	42	188
207	1982-10-19	79	49	164
296	2009-05-20	27	30	111
236	1966-07-30	40	71	32
206	1958-09-09	11	51	4
293	1969-03-26	21	60	94
205	1977-06-14	2	43	25
223	1971-02-07	10	23	133
283	1979-12-23	9	17	169
235	1996-02-07	88	22	26
274	1963-05-30	96	24	7
281	1962-03-01	88	51	165
214	1948-04-01	31	8	191
230	1988-11-09	45	61	71
216	1978-12-09	99	70	176
226	2011-10-04	92	34	94
219	1979-10-03	39	84	84
222	1965-08-03	1	32	71
267	2005-06-30	28	98	29
241	1999-02-08	97	1	75
227	2015-11-23	20	8	154
265	1978-09-02	34	33	47
257	1949-10-17	32	48	182
252	1995-09-25	43	58	49
231	1986-07-03	10	74	92
273	1966-10-18	46	11	11
241	1967-09-10	90	56	189
246	1950-12-05	55	95	41
291	2002-03-26	73	25	92
239	2020-04-27	98	63	11
258	2016-08-15	86	73	82
202	1952-05-01	82	26	37
