264	1998-04-18	11	26	137
219	1999-07-18	55	31	135
285	2002-05-01	73	56	90
299	1947-03-25	64	30	24
291	1997-01-02	81	24	187
248	2007-02-10	65	28	91
202	2012-03-09	57	21	182
217	1956-09-02	38	91	110
245	1953-10-18	12	36	7
253	2007-08-23	86	76	69
281	2020-05-24	54	81	67
250	1956-02-28	11	26	20
293	1971-01-18	7	0	180
254	2002-09-20	67	10	62
245	1991-04-08	3	72	182
237	2012-03-02	25	20	83
258	1940-01-31	24	93	146
299	2018-10-10	33	86	165
210	1997-03-01	60	59	180
267	1968-11-27	77	78	57
258	2006-04-24	69	72	42
272	1988-09-20	67	60	7
204	2012-03-03	0	63	196
242	1998-11-14	40	36	45
220	1944-09-04	39	77	82
300	1976-02-20	5	20	200
276	1949-07-28	38	69	115
219	2015-03-14	48	12	63
225	1976-11-05	11	62	130
213	1999-09-13	45	5	73
253	2001-05-05	89	61	165
237	2012-08-24	45	47	104
233	1953-11-23	58	79	129
251	2008-03-17	54	5	148
288	1996-04-15	16	41	71
285	1982-04-10	12	32	135
227	2012-01-19	60	65	191
297	2007-06-16	73	85	166
285	1984-12-29	29	52	32
277	1987-02-27	49	82	76
253	1994-12-06	72	21	56
205	2008-06-14	35	81	23
268	1975-04-02	69	1	196
238	1993-08-03	46	63	96
202	1946-08-11	77	10	26
235	1966-12-22	35	46	84
278	1980-03-29	55	87	169
267	1991-02-23	28	30	117
222	1999-04-03	95	100	182
233	1966-06-21	20	89	4
221	1953-02-02	76	44	94
222	1996-03-26	5	100	11
204	1940-04-08	85	61	166
251	1989-01-29	70	74	94
275	1994-11-27	82	63	92
230	1994-12-23	50	84	56
234	2010-02-23	54	82	72
256	1967-04-06	74	84	104
297	1998-06-05	2	94	43
238	1950-11-25	49	6	1
278	1961-11-06	64	86	41
287	1980-01-15	28	25	113
285	2011-10-05	44	7	62
294	2014-10-28	29	92	13
228	2017-11-23	8	97	65
287	1983-11-14	15	37	18
289	1980-01-07	2	26	66
220	1945-04-24	39	72	116
258	1968-04-28	31	20	152
293	2006-12-18	37	70	157
256	1991-04-06	37	73	49
271	1959-04-23	34	41	95
283	2016-05-08	49	38	114
230	2014-12-20	5	41	165
237	1943-04-30	74	98	42
263	1961-07-27	92	50	118
242	1996-06-23	44	14	13
226	1941-11-25	22	39	132
283	2014-08-12	13	67	17
297	2013-10-10	91	100	77
244	1942-12-17	44	57	185
290	1940-04-07	30	47	81
289	1981-08-25	27	32	56
203	1964-02-14	77	75	72
204	1965-04-12	23	100	78
236	1940-07-18	90	4	134
245	1958-08-17	34	40	31
272	2005-09-08	23	11	26
226	1993-04-17	77	27	131
253	1960-11-10	5	15	26
226	1967-03-23	95	10	138
292	1946-12-02	63	96	23
290	1955-03-22	32	61	137
296	2008-01-01	42	20	132
266	2020-09-05	53	86	61
256	1944-10-07	97	55	180
231	1954-05-14	70	99	188
274	1957-01-09	10	64	99
289	1966-10-15	86	77	73
234	1996-10-12	63	91	200
230	1970-12-19	43	61	193
202	1954-09-24	42	64	90
243	1965-07-17	45	38	90
241	1997-10-04	89	42	20
231	1990-10-08	77	15	92
273	1996-08-12	64	46	183
207	1976-08-27	46	70	169
201	1959-11-20	26	16	25
277	1961-03-28	35	3	131
217	1990-12-10	4	96	155
226	1982-06-10	23	56	170
294	1964-06-25	53	46	92
254	2017-01-03	18	63	144
243	1941-05-22	9	47	192
230	1996-02-25	83	91	107
271	2019-07-11	87	35	127
217	1961-06-16	73	97	15
290	1985-07-03	65	10	170
284	1966-07-27	100	47	144
205	1943-04-19	65	65	112
267	1972-05-12	5	48	115
274	1963-05-14	71	33	10
289	1980-05-01	74	47	34
280	1967-12-11	13	24	49
292	1969-06-01	63	82	157
286	1964-09-30	4	82	69
271	1978-05-31	91	57	186
294	1986-01-04	3	37	120
205	1966-08-07	54	14	51
269	1969-03-12	59	75	152
254	1942-04-13	91	74	2
280	1989-03-22	12	9	164
294	1962-03-12	27	17	35
234	1995-07-02	89	5	68
282	2014-07-07	65	40	29
260	1979-12-17	81	30	112
227	1945-12-06	66	21	51
286	1984-10-21	59	100	184
256	1982-02-16	44	50	56
288	1994-11-13	61	50	106
239	1947-06-10	46	58	32
271	2012-05-29	90	90	2
251	2006-12-23	27	58	165
258	1977-10-02	17	72	49
206	2009-07-06	4	78	18
295	1968-09-24	75	1	197
279	1979-02-20	35	24	22
251	1945-03-26	49	0	107
218	1984-11-17	74	31	92
206	2013-12-11	50	17	166
246	1999-12-08	1	64	141
263	1941-02-18	10	35	93
236	2003-09-22	61	21	10
218	1946-08-11	31	15	1
289	1984-04-24	32	90	33
292	1940-01-26	68	79	192
257	1999-11-19	8	79	169
254	1960-01-09	95	55	62
286	1991-12-20	35	27	5
290	1999-07-27	45	98	100
230	1996-06-05	100	40	162
277	1970-09-08	34	80	196
245	1978-01-21	67	6	43
247	1984-04-26	74	0	16
228	1940-08-02	14	58	174
224	2016-02-29	34	20	110
294	1955-11-02	53	57	127
264	2013-05-05	54	89	5
238	1971-01-24	13	15	61
290	1942-09-15	56	33	25
235	1998-07-29	65	53	150
245	1990-08-02	39	14	140
206	1966-09-26	39	46	161
205	1963-07-19	58	32	14
258	2005-07-28	16	88	146
286	2013-10-29	23	9	100
289	1980-09-28	83	45	192
227	1950-04-11	0	41	174
231	2017-04-15	15	8	180
246	1973-03-06	100	69	163
220	2018-03-30	34	65	151
237	2011-06-11	2	54	172
250	1980-11-23	71	95	149
243	1942-09-24	69	94	54
244	2010-02-23	59	22	193
232	1987-05-01	59	41	86
288	2003-08-16	54	91	98
203	2012-01-24	63	56	136
295	1977-03-12	32	48	184
229	1956-01-05	27	32	167
263	1947-07-21	43	43	180
297	1953-11-21	61	13	137
203	1968-11-09	79	6	110
231	1968-05-21	59	82	152
258	1986-01-30	16	25	104
204	1953-02-07	0	73	137
207	1952-12-17	36	29	168
203	1988-05-18	79	18	75
236	1974-08-10	41	19	174
211	1956-08-05	88	40	61
263	1983-08-20	50	21	43
228	1952-05-29	17	31	50
298	1962-08-12	11	6	131
297	1974-08-09	92	70	29
220	2003-05-26	64	7	173
222	1995-09-11	30	80	188
290	1994-07-01	70	21	103
248	2015-01-21	87	79	73
246	1985-01-16	65	5	67
221	2018-09-25	60	95	134
264	1962-05-29	85	9	101
258	2015-04-06	20	57	70
291	2018-09-12	51	20	49
263	1945-07-30	81	74	176
299	2013-03-30	2	85	123
246	1955-07-23	78	26	201
241	1951-10-15	80	5	25
208	1956-04-28	2	30	154
220	1965-05-24	55	93	177
