209	1952-08-04	51	69	37
277	2009-01-04	85	82	20
296	1969-09-19	36	39	91
234	2008-06-05	98	88	72
239	1985-10-29	24	17	65
220	2012-10-29	47	24	67
232	2014-03-24	61	65	145
277	1946-09-28	43	0	158
298	1958-01-02	44	63	143
220	1984-04-11	47	62	174
261	1943-02-03	86	69	155
293	1976-11-23	6	18	154
290	2007-12-18	20	67	176
229	1966-01-05	91	99	58
246	1955-02-13	75	84	23
254	1963-01-29	24	52	25
237	1946-02-23	1	45	81
238	1945-03-03	57	100	4
248	1966-08-01	7	27	30
201	2006-11-14	45	5	8
281	1996-05-01	8	77	89
274	1948-02-20	22	8	193
229	1947-10-29	52	57	58
281	1996-02-08	33	32	185
201	2015-03-16	30	97	78
257	1978-11-18	85	38	157
275	1949-10-08	56	73	56
213	1976-12-22	6	51	81
278	2005-05-17	75	13	198
213	1968-02-09	11	95	193
232	1949-06-12	33	20	90
221	1983-08-15	61	20	100
298	2009-11-16	55	38	0
299	2009-01-14	89	2	2
252	2015-04-10	69	92	89
261	2018-06-02	77	57	105
215	1974-10-08	41	53	154
274	2016-06-27	84	81	64
252	1955-11-02	13	38	57
296	1958-12-11	52	47	44
229	1967-02-13	65	58	20
240	1962-12-30	27	97	154
216	1965-02-06	9	96	3
206	1986-10-29	7	85	44
248	1988-12-14	61	29	175
262	2000-09-10	20	42	136
228	1953-07-25	13	31	39
238	1956-07-01	38	63	65
244	1949-04-13	82	14	111
202	1978-12-08	69	22	170
217	2001-01-28	24	4	69
230	1952-06-27	85	66	48
213	2001-04-12	16	75	90
203	1999-12-12	14	18	139
299	1964-10-17	31	54	40
207	1967-12-31	73	9	33
283	1978-08-20	54	33	201
201	1978-12-18	36	94	30
297	1946-01-29	20	80	163
222	1991-06-24	98	39	59
265	1974-02-21	94	85	90
298	1963-02-17	50	55	142
242	2005-05-27	95	60	126
269	1957-12-25	16	80	5
209	2020-03-22	100	3	5
224	2019-01-16	83	78	145
209	2013-06-10	41	100	140
283	1958-11-14	64	53	164
250	1973-11-14	32	20	83
278	2002-08-14	32	88	172
245	1964-12-07	40	86	136
201	1996-08-17	14	12	120
245	1968-10-26	75	62	154
271	1967-05-23	67	92	100
236	1972-02-24	52	40	18
257	1956-02-03	94	67	127
266	1952-05-11	54	90	140
270	1968-10-11	46	0	67
279	2013-04-03	52	8	187
296	1996-03-26	21	85	154
268	2019-09-21	49	97	164
251	2001-01-20	33	31	21
219	1996-07-16	31	94	27
208	2016-01-20	13	99	96
251	1983-11-26	50	54	59
295	1947-06-01	93	72	124
239	1993-04-17	84	73	71
206	1989-01-06	12	4	73
278	1974-11-05	51	39	139
217	1965-11-29	0	52	29
223	2009-01-30	97	88	135
282	1943-04-10	68	27	166
206	1978-11-22	5	68	177
227	2010-10-02	79	89	10
209	1963-11-04	93	80	162
256	2018-12-09	28	64	97
205	1959-07-20	34	87	34
219	1986-02-26	60	90	4
216	1996-02-27	10	15	25
269	1968-09-03	78	11	198
225	1969-08-08	90	21	149
243	1977-01-31	10	69	193
209	2007-03-03	88	43	189
210	2001-08-21	57	98	81
246	2009-12-28	36	12	51
249	1962-10-28	4	4	117
267	1994-01-07	4	72	74
294	1963-06-23	73	2	172
249	1986-12-25	94	59	144
271	1979-07-27	84	82	8
272	1998-02-03	61	37	84
215	1946-11-18	99	66	152
226	1978-09-11	84	94	148
208	1980-09-18	74	83	18
248	1971-12-11	98	50	176
221	1958-03-28	51	79	146
284	2007-03-05	28	64	177
279	1946-08-22	83	96	82
226	1998-06-18	78	84	57
298	1959-01-22	36	62	114
272	2015-01-22	77	36	39
276	1984-01-11	66	92	76
227	1992-09-23	25	16	10
300	1975-03-24	45	10	85
247	1972-06-03	33	39	99
237	1973-01-04	0	28	64
233	2016-10-31	22	66	93
277	1993-03-07	87	24	61
245	1993-10-09	89	25	188
227	2006-01-17	14	36	198
216	2001-10-10	98	36	49
275	1993-11-29	81	81	101
217	1977-10-17	67	80	88
270	2019-06-11	15	98	125
231	1992-06-10	25	77	94
231	1949-12-03	80	23	91
202	1982-08-25	33	34	98
298	1999-09-12	12	4	118
269	1991-05-22	89	82	183
271	1948-08-20	94	81	181
276	1972-09-21	97	5	195
231	2015-08-22	20	35	35
208	1962-03-10	17	7	24
272	1974-08-17	82	68	7
293	1972-05-21	38	77	146
259	1955-09-24	87	96	100
276	1984-08-03	82	27	117
234	1948-07-21	59	36	98
227	2013-05-07	64	27	139
251	1976-01-13	62	18	171
247	2005-09-03	14	27	22
214	1957-10-04	38	7	201
284	1960-07-14	41	9	25
228	2000-10-09	83	15	144
293	1948-01-29	31	11	24
264	2013-05-01	48	26	26
238	1972-12-30	14	0	11
273	1986-11-24	96	70	60
