257	1958-12-03	49	43	73
255	1989-04-30	86	48	201
207	1950-06-22	13	33	178
220	1961-03-08	12	53	153
231	2004-08-09	26	74	8
205	1991-01-31	25	56	165
224	1986-12-11	35	68	86
291	1998-08-04	79	40	84
209	2014-12-31	52	69	162
239	1992-08-07	45	17	190
271	1949-03-06	86	34	193
213	1950-02-17	97	49	51
224	1971-05-22	98	51	144
289	1945-05-12	49	9	92
256	1989-03-18	1	16	44
260	1997-02-25	11	9	85
217	1940-11-10	39	35	146
261	1995-10-07	57	88	127
203	1988-07-28	4	88	45
223	1986-09-07	33	26	156
298	2009-04-21	15	82	33
226	1967-10-24	98	64	5
284	2007-01-13	100	53	24
214	1998-10-20	47	21	54
244	1998-05-31	80	9	176
279	2009-05-06	18	72	50
294	1953-07-25	40	69	198
234	1979-04-06	75	98	159
214	1985-10-23	92	6	6
274	1962-04-29	98	92	191
202	1977-10-07	52	9	5
204	1958-09-24	28	44	8
289	1944-06-12	93	49	3
211	1941-02-01	46	84	71
258	2020-01-09	95	37	124
248	1958-07-15	59	17	92
284	1942-01-12	27	1	18
298	1949-01-09	19	69	116
240	1943-01-09	47	42	189
269	2004-05-14	96	49	102
285	1979-08-23	75	79	59
298	1996-12-11	96	4	56
254	1953-11-27	30	98	74
260	1972-06-21	31	92	4
263	1973-08-12	38	46	131
225	1988-11-05	93	92	146
276	2011-05-02	0	82	109
252	1996-02-09	2	18	133
280	2018-03-02	97	15	32
271	1979-03-02	19	89	137
249	1994-07-30	92	19	125
261	1941-12-05	75	30	45
243	1959-03-10	31	33	158
274	1940-02-15	73	14	66
281	1942-09-23	96	51	177
278	1961-04-27	72	49	193
218	1941-06-19	38	64	34
235	1958-06-11	86	86	176
289	1958-08-20	64	21	93
274	1949-04-03	97	38	2
251	1967-03-21	98	13	86
240	1944-09-24	35	25	184
241	1950-07-16	86	43	108
281	1956-06-16	87	87	76
285	1979-01-21	12	82	184
211	1955-12-20	43	0	76
286	2006-08-21	20	93	130
291	1990-03-07	4	80	106
220	2016-05-15	98	22	57
232	1986-04-09	98	22	74
221	1944-04-22	69	90	129
257	2020-07-19	96	37	10
241	1997-09-17	2	67	178
261	1947-01-01	2	2	188
240	1986-01-30	99	2	103
205	1963-07-12	14	10	72
221	1941-08-11	86	87	35
239	1967-09-14	100	51	107
298	1976-02-19	89	23	85
269	2000-10-23	97	29	93
299	1980-07-08	12	23	109
271	1978-10-20	62	69	10
279	2011-02-11	49	5	64
279	1945-04-14	65	56	85
206	1999-10-27	40	100	172
222	1950-10-15	76	65	14
207	1961-10-01	14	100	100
245	1971-03-29	28	1	10
292	1995-03-11	37	77	77
289	2011-07-28	23	54	5
242	1951-12-10	84	20	184
275	2015-02-01	52	96	190
213	2008-10-14	61	88	139
251	1943-07-09	67	91	42
285	1964-03-22	75	83	17
249	1981-03-06	87	31	74
294	2019-08-09	44	69	163
227	1956-01-06	87	70	16
202	1993-11-04	20	55	75
203	2006-02-11	62	19	129
273	1978-06-09	17	88	82
261	1959-08-29	65	9	125
282	1957-01-16	55	91	148
244	2007-09-03	87	49	131
201	1949-03-09	47	63	170
280	1992-02-05	36	38	75
273	2020-01-09	36	84	36
258	1993-07-22	36	58	150
275	2007-06-16	58	15	69
259	1972-03-17	68	2	14
246	1966-12-25	39	27	128
228	1961-10-10	1	37	86
207	1973-08-12	50	18	27
284	1994-03-01	67	80	180
264	1998-06-20	74	90	72
257	1984-05-11	36	67	114
203	1989-06-14	14	90	192
216	1992-08-21	29	31	123
248	1943-10-30	24	86	66
253	1948-12-25	25	49	96
201	2017-02-17	83	68	99
283	1956-04-03	72	50	54
224	2019-11-23	72	71	158
276	2001-12-01	27	5	181
216	1982-07-15	60	3	129
237	1993-10-03	94	60	163
262	1943-07-19	90	28	57
225	1953-10-31	59	66	112
215	1946-06-02	59	94	130
296	2005-08-07	5	52	167
218	1991-05-01	13	10	52
225	2012-03-12	22	25	157
201	1985-05-31	39	27	6
212	1999-12-06	75	69	38
266	1950-03-11	88	68	2
298	1980-06-23	77	0	147
256	1976-06-17	34	66	158
237	1976-07-08	11	60	99
221	1978-02-14	51	68	25
289	1979-12-11	63	10	70
274	1958-09-03	65	65	62
247	2008-09-20	54	84	175
291	1977-09-15	49	13	9
278	1972-05-18	100	36	147
235	1966-04-17	38	27	112
283	1956-08-05	2	93	71
267	1967-01-06	66	10	50
210	1971-01-27	60	17	95
250	1993-02-21	89	19	104
220	2010-11-04	39	93	150
248	2004-03-27	40	53	138
223	1952-06-04	45	5	46
203	1986-08-04	5	22	156
215	1959-09-19	6	81	141
246	1996-03-11	37	24	18
213	1990-03-18	90	57	150
283	1971-07-05	46	2	85
258	1989-09-06	20	65	32
235	1952-04-19	34	2	132
234	1952-06-19	24	74	51
268	1941-06-10	95	55	201
268	2014-05-18	25	46	186
298	1979-09-18	32	64	97
237	1968-09-24	92	2	67
288	1972-05-31	0	11	81
261	2007-11-02	44	94	16
270	1973-04-25	86	19	70
238	1941-02-26	56	87	152
290	2004-06-13	84	21	196
239	1958-06-03	46	27	186
243	1975-10-28	12	73	3
221	2018-03-26	41	99	8
298	2005-12-26	62	14	173
221	1952-04-05	98	60	184
275	1969-05-20	15	97	155
208	1996-05-18	51	26	195
225	1959-04-19	86	19	162
230	1975-05-13	34	44	45
238	1966-06-15	1	78	166
286	1981-09-25	17	26	139
290	1984-10-20	67	75	178
217	1978-01-21	32	17	147
227	2011-08-10	91	83	45
246	1973-12-12	16	30	24
218	2006-08-09	9	49	143
259	1945-07-10	96	18	107
235	1989-01-15	100	13	198
273	2013-12-27	8	36	0
218	1984-10-31	12	53	32
240	2011-09-02	16	89	101
224	1984-04-03	68	54	36
270	2001-08-20	17	12	100
271	1954-05-30	37	96	43
208	1988-12-01	64	26	114
204	1970-06-15	45	61	99
202	1977-07-18	24	95	44
277	1955-02-09	9	19	173
260	1947-09-05	85	88	11
251	2000-10-04	8	72	50
258	1940-06-16	14	40	168
