236	2008-04-20	79	38	151
253	2005-09-23	83	54	122
295	1948-01-30	62	28	138
280	1987-03-10	14	87	26
203	1974-01-10	15	78	4
260	1958-04-05	99	79	57
231	2015-07-16	29	97	148
257	1947-11-04	19	65	76
295	1964-03-02	38	90	160
233	1986-07-23	10	78	164
280	1960-12-24	69	10	146
247	2011-07-27	100	78	81
258	1940-08-06	98	8	188
205	1976-11-06	14	50	92
233	1994-07-18	49	48	51
220	1945-09-12	28	13	66
280	1981-11-16	16	63	166
218	2016-07-31	65	35	63
239	1951-05-10	79	9	16
253	2019-08-05	77	15	153
233	1982-05-14	28	60	32
205	1952-04-23	4	42	112
272	1943-02-13	14	31	1
243	1952-08-30	51	21	82
280	1969-01-15	50	41	20
255	1950-10-08	73	72	96
257	2009-04-24	51	78	36
222	1992-03-28	72	41	107
295	1972-06-17	10	57	44
263	2006-10-14	44	2	141
245	1957-12-13	63	57	56
259	2015-06-15	67	53	167
273	1972-10-21	71	55	92
230	1954-07-29	93	98	155
263	1998-12-11	52	42	63
284	1963-02-14	22	14	194
231	1961-01-31	45	54	149
268	2008-08-04	56	86	133
296	1966-04-30	17	42	40
299	1989-01-20	56	45	13
204	2019-10-22	18	25	35
220	1985-08-18	49	64	56
243	2001-07-14	81	60	26
284	2015-03-30	66	46	23
241	1982-12-22	70	88	156
208	1984-02-26	87	27	100
298	1977-07-15	77	56	45
239	1986-08-19	33	47	107
211	1985-09-12	95	44	148
289	1961-01-01	81	65	196
266	1965-03-24	95	60	128
298	1994-07-21	1	41	150
208	1989-11-02	89	92	4
203	1997-06-14	60	57	116
294	1968-06-12	23	31	32
297	1981-12-29	17	36	176
286	2009-10-18	73	26	156
241	2014-04-25	34	48	74
212	1998-10-26	35	35	169
231	1982-11-10	0	38	173
235	2000-07-28	52	46	41
209	1974-08-02	81	84	126
205	1944-02-27	34	6	101
252	1943-08-26	7	31	80
255	1968-01-15	18	65	118
228	1950-08-02	88	81	100
270	1966-05-29	46	2	0
269	2013-01-10	87	43	3
212	1960-10-12	27	69	172
241	1957-01-13	68	81	127
224	1959-07-07	90	19	15
233	1952-06-25	98	81	81
270	2013-09-11	12	85	84
264	1963-12-02	32	59	1
210	1951-12-04	99	9	44
207	2008-11-21	66	44	86
241	1959-05-13	37	68	21
240	1978-10-07	20	25	201
257	2010-10-13	26	43	144
283	1943-10-04	35	2	197
286	1987-02-17	8	59	147
247	1966-09-25	46	33	172
260	1969-06-06	18	89	28
281	1963-03-18	58	34	8
246	2007-04-02	67	68	98
229	1956-05-19	95	54	72
272	1982-04-26	51	25	135
270	1975-09-28	22	74	178
300	1948-04-23	2	23	186
270	1975-07-21	68	2	174
275	1966-01-07	94	62	189
259	1948-09-05	64	8	13
247	2013-04-15	19	68	139
230	1986-05-08	73	28	2
242	2013-05-27	27	81	11
249	1948-01-08	5	2	10
236	1953-02-06	1	97	111
265	2017-06-21	64	65	173
283	1988-03-19	0	49	39
211	1952-12-03	9	28	48
