216	2017-11-18	35	18	176
290	1972-07-18	21	26	75
287	1992-11-01	13	2	189
278	1959-01-12	42	54	118
216	2018-08-15	38	72	6
203	1956-06-03	60	74	113
267	1964-07-17	18	92	4
295	1971-01-14	68	79	95
287	1959-01-23	37	67	98
295	1982-05-05	25	37	34
250	2013-05-03	83	0	197
206	1975-10-25	0	14	69
242	1969-01-22	20	82	59
264	1955-04-24	73	72	138
201	2010-07-26	1	73	8
224	2002-05-17	35	15	189
238	2009-04-26	4	32	58
210	1983-05-28	94	0	66
273	1961-05-07	17	49	80
264	2009-08-04	51	88	56
204	2007-02-06	77	33	193
255	2014-11-26	16	99	59
278	1951-10-09	70	15	40
237	1970-09-16	25	56	118
267	2009-11-09	89	38	193
294	1968-05-21	18	53	95
288	2004-02-23	72	24	69
269	1978-11-08	84	0	60
237	1963-09-27	76	4	179
277	1990-04-23	29	91	37
286	2007-06-15	98	66	191
263	1954-06-21	81	49	18
236	1989-01-19	52	83	24
276	1973-07-23	55	56	78
258	1985-10-24	84	36	79
264	1996-05-15	26	76	192
214	1950-09-18	92	65	67
201	1979-11-17	35	46	15
263	1952-08-17	87	87	104
226	1948-02-01	37	91	98
266	2009-11-05	38	59	133
292	1971-01-10	83	23	57
224	1964-03-12	19	86	53
227	2006-06-07	82	18	129
259	2014-05-03	10	87	48
257	1983-11-07	13	9	85
287	1946-05-25	85	43	93
201	2013-06-01	89	11	19
220	2019-05-25	94	10	27
244	1988-07-01	14	2	27
274	1980-10-22	34	11	149
250	1972-10-21	48	79	137
244	1984-07-06	59	46	187
298	1976-11-19	91	92	173
289	2016-11-19	64	88	172
287	1972-09-09	84	12	192
282	2005-06-11	77	15	29
205	2012-12-03	19	38	118
249	1974-04-27	84	62	159
268	1993-04-23	92	27	27
234	1977-03-18	93	23	24
281	1980-11-02	10	93	137
203	1974-05-25	6	12	196
219	1964-02-14	57	58	26
263	1969-02-03	84	77	113
220	1960-12-04	47	64	115
274	1997-04-28	4	68	52
234	1951-02-10	25	75	46
294	2002-07-15	45	60	38
267	1980-05-08	81	3	145
266	2000-05-11	43	28	116
269	1954-01-14	24	96	189
252	1942-04-03	86	90	57
211	1969-08-25	48	45	106
210	1991-09-08	8	21	101
250	2016-07-05	66	72	84
255	1947-05-27	88	78	161
286	2016-12-08	94	56	40
273	1988-11-03	9	92	86
282	2011-08-15	40	97	90
266	1945-06-02	67	11	44
287	1945-02-28	57	56	112
239	2013-04-07	89	4	89
218	1960-12-20	78	5	90
300	1948-07-05	64	40	10
250	1990-06-02	85	90	48
233	1949-03-18	24	63	155
203	1969-01-31	58	0	16
202	1985-02-11	69	42	151
251	1998-08-12	73	35	65
237	1999-01-08	21	83	150
248	1958-05-17	87	35	183
262	2011-10-09	47	67	129
270	2009-04-12	44	86	60
201	1974-07-21	91	91	162
274	1966-12-26	65	87	129
238	1965-06-01	83	55	179
207	1985-03-02	93	72	6
238	1984-05-31	38	53	142
299	1980-02-04	31	81	7
300	1996-01-28	83	88	36
288	1962-12-01	59	94	161
262	2014-03-17	41	96	200
279	2010-01-08	11	37	151
276	1969-08-18	1	16	109
268	1987-06-29	71	20	78
257	2020-07-02	52	15	117
275	1982-08-22	95	15	153
292	1952-02-20	76	39	122
276	1974-12-26	55	51	16
267	1992-10-17	77	41	46
222	1999-12-27	16	76	148
244	2006-02-11	6	12	163
261	1957-08-13	86	75	40
202	2007-07-31	12	47	30
274	2007-09-25	51	52	118
268	2010-07-09	18	45	120
254	1984-10-31	50	32	71
300	1959-01-31	62	15	63
235	1967-08-30	60	49	18
271	1961-05-28	74	14	167
239	1999-08-02	39	23	47
253	1985-11-04	26	75	12
272	1983-10-29	66	45	189
207	1966-12-16	27	36	51
210	1942-10-20	13	62	192
212	1968-08-29	41	44	88
252	1953-07-19	43	23	148
229	1993-05-15	58	96	49
221	1962-06-21	66	4	117
293	1997-03-05	88	88	133
289	2015-03-11	91	17	133
280	1950-07-23	26	93	107
240	1942-05-03	84	4	173
213	1999-10-28	100	35	82
279	1964-01-06	85	29	61
211	1966-11-23	68	40	133
278	1945-08-14	9	24	11
290	1962-07-14	81	83	161
278	1972-08-25	84	8	110
274	1944-11-07	78	1	89
234	2010-08-10	0	90	139
206	1973-09-07	7	94	58
251	1941-05-17	53	87	190
299	1963-12-14	16	3	23
227	1983-04-10	6	64	156
252	2011-06-25	93	68	133
213	1971-09-18	57	34	163
201	1992-02-05	44	28	179
239	1946-11-06	44	6	90
238	1997-10-24	50	31	11
263	2017-01-23	3	84	139
220	1945-04-18	78	38	13
261	2015-10-29	34	46	137
233	1950-05-02	11	11	102
234	1998-07-19	26	30	69
225	1956-08-21	49	16	120
234	2009-08-08	77	3	55
250	1992-01-25	27	4	16
296	2019-06-26	96	96	70
265	1992-01-29	32	74	167
