206	1982-12-30	29	38	163
234	1991-10-16	37	32	171
269	1940-09-13	44	18	79
221	2009-04-25	21	50	87
202	1944-09-12	31	51	19
253	1972-05-20	47	72	178
209	1973-11-01	63	71	122
235	1955-02-16	29	40	25
215	1954-11-19	89	50	75
250	2000-03-20	34	47	149
215	1949-05-24	31	33	79
236	1990-09-02	64	80	47
300	2006-04-11	57	75	38
292	1972-01-23	85	11	1
272	2016-11-15	41	69	167
286	1973-11-01	34	76	172
295	1964-10-12	74	8	116
237	2005-07-28	98	31	102
252	1945-11-16	62	95	118
214	2010-10-14	24	38	116
265	2007-02-13	43	38	197
287	1952-02-25	64	20	178
212	1963-05-02	9	94	66
236	1961-10-27	85	81	24
243	1979-09-22	53	52	16
270	1977-12-19	47	24	100
268	1940-01-06	65	68	111
290	1946-09-21	63	12	2
235	1995-09-08	41	32	116
278	2013-01-24	17	52	179
203	1943-03-27	32	87	158
281	2008-08-26	80	19	13
236	2003-07-08	39	26	52
269	1984-02-19	26	26	145
257	1982-12-09	26	29	4
283	1961-04-04	84	47	196
272	2018-10-20	40	46	128
278	2006-04-26	52	18	111
259	1954-05-20	33	52	17
250	1972-05-05	88	75	170
209	1999-04-17	76	98	31
208	1944-05-28	10	40	61
209	1979-08-22	89	87	76
246	2019-09-29	29	29	180
208	1966-09-20	55	37	166
221	2001-05-09	80	100	78
300	2019-12-28	42	93	39
287	1960-06-24	63	4	156
277	1954-11-23	53	42	107
213	2018-05-14	82	12	132
300	1989-06-28	43	81	132
241	2012-10-03	17	7	117
272	1999-04-06	23	38	94
258	1984-01-25	76	83	9
213	1981-09-18	93	56	67
238	2020-04-22	79	15	192
291	1984-03-28	5	51	152
224	2011-05-11	70	37	130
208	2018-04-09	93	31	158
218	2016-12-15	27	97	157
240	2003-02-07	18	51	15
201	1976-05-27	89	63	136
263	1996-08-18	29	99	197
224	1993-08-14	36	87	194
293	2002-02-23	63	33	181
246	1974-04-14	93	40	58
232	1941-10-17	42	49	19
280	1959-01-27	94	72	131
259	2016-08-19	72	19	201
237	1950-09-10	47	97	64
226	1954-01-05	68	72	101
229	1954-11-12	69	18	105
271	1956-08-03	80	69	122
284	1982-08-18	62	66	66
228	1954-10-22	39	82	182
223	2017-08-29	94	87	136
296	1985-03-21	90	86	93
249	1992-12-10	61	16	132
253	2004-02-16	64	85	63
239	1942-03-09	26	0	180
266	1951-09-13	42	79	76
233	2014-11-12	51	4	124
280	1994-03-03	93	38	63
272	2008-04-21	36	100	44
265	1989-01-01	39	19	20
201	1988-01-09	84	43	176
299	1957-11-28	21	93	147
277	2007-12-18	27	32	193
294	2007-05-10	33	16	82
248	2003-11-19	0	74	177
242	2018-03-29	19	85	88
268	2013-10-21	58	52	147
228	1993-06-06	14	0	131
207	1963-03-12	56	43	154
211	1955-05-05	48	29	148
299	2015-06-06	55	9	180
227	1945-04-27	99	42	54
296	2010-10-21	27	2	24
249	1954-09-23	92	99	159
237	1996-08-20	5	27	104
220	1974-06-21	79	19	24
278	2014-10-11	92	87	144
292	1978-11-08	97	51	71
209	1964-11-17	89	73	182
261	1960-08-30	68	66	142
299	1971-01-29	11	7	92
284	1943-11-18	6	48	47
292	2017-07-23	33	90	178
220	2000-05-12	41	76	48
283	2001-06-15	5	8	197
224	2006-01-24	66	31	109
278	2016-09-09	51	19	131
249	1977-12-23	62	73	85
230	1970-05-18	83	63	173
288	1963-02-27	72	61	108
244	1998-01-06	76	83	63
257	1985-09-11	57	13	122
210	1988-07-30	48	70	192
233	1994-05-20	50	34	155
286	1998-01-27	95	54	106
255	2014-10-20	49	6	60
216	1965-05-16	72	11	193
203	1998-10-02	71	73	12
223	1972-02-22	0	67	29
207	1968-11-30	41	29	168
262	2006-04-18	64	94	29
261	1949-09-24	33	89	170
220	1956-03-11	99	81	31
266	1976-06-11	62	75	123
244	1990-04-19	46	16	118
247	1950-07-12	45	66	146
247	1981-01-05	2	62	127
202	2005-04-23	46	79	198
238	1979-09-29	7	10	148
205	1978-04-15	44	26	40
280	2014-02-19	73	26	82
201	2017-09-12	71	60	1
235	1980-01-29	80	100	80
241	1985-08-29	54	13	115
255	1973-09-15	93	66	130
224	1969-11-20	17	90	67
288	2003-08-23	86	53	0
293	1989-03-01	38	17	93
284	1959-01-05	52	56	84
284	1968-02-04	21	13	47
268	1991-05-14	12	12	139
289	1993-03-21	90	89	171
220	1972-04-16	47	29	72
223	1965-09-06	23	7	143
248	1957-05-18	74	66	143
211	1995-09-28	72	94	189
246	1966-02-05	10	44	41
235	1991-09-18	3	0	131
259	1974-12-02	77	46	92
274	1958-08-12	91	99	103
239	1958-06-01	54	44	74
278	2010-10-04	17	76	15
269	2011-11-15	68	12	139
286	1992-03-22	34	28	89
267	1996-10-03	65	52	8
300	2020-06-09	72	94	113
248	2007-12-02	3	15	142
211	2016-06-05	39	18	85
260	1967-01-13	3	69	7
237	2001-01-14	18	70	28
271	1958-05-06	24	33	126
255	1972-01-29	3	29	120
282	1945-07-27	12	49	89
216	1970-08-25	80	53	185
225	1969-04-01	84	50	71
300	1977-02-14	24	90	66
247	1968-05-28	4	50	118
274	1950-04-12	99	54	150
287	1996-09-10	77	78	196
258	2020-01-03	82	3	184
249	1967-04-13	42	7	41
286	1955-02-20	95	78	2
293	1982-09-25	11	6	142
258	1986-01-14	33	74	186
210	1962-03-22	81	48	91
263	2020-02-12	7	32	126
222	1992-02-02	32	88	76
228	1954-05-18	23	82	107
246	2010-02-02	54	91	23
205	1968-06-21	99	73	101
225	2013-04-24	42	92	155
241	1995-03-21	80	57	79
218	1971-10-18	95	75	136
274	1951-04-17	82	19	58
245	1992-07-30	8	46	6
296	2007-06-27	99	46	50
279	1995-06-25	63	3	60
217	2017-05-05	25	53	117
250	1994-08-10	60	81	17
294	1987-11-27	55	10	152
268	1942-03-26	40	93	165
262	1951-08-05	52	90	142
232	1971-05-05	46	90	36
289	2003-12-11	40	32	124
286	1960-01-30	97	64	18
275	1993-04-11	17	0	83
271	1975-11-29	20	25	42
214	1996-02-13	16	34	44
283	1955-09-01	78	32	69
275	1989-11-10	68	39	144
279	1975-08-16	73	78	130
300	1943-10-13	49	54	117
232	1952-11-10	17	14	186
212	2019-05-03	41	12	91
231	2017-03-04	30	14	19
242	1950-10-27	65	4	51
208	1985-10-23	80	33	123
230	1951-07-29	56	59	119
292	1982-04-11	44	48	2
202	1963-09-13	93	12	95
294	1987-06-19	20	16	102
263	2000-11-26	5	20	173
255	1959-06-27	70	12	128
209	1981-03-03	7	27	73
203	1975-07-31	10	71	144
237	2010-07-17	53	62	192
209	1965-08-22	85	21	47
247	1981-05-29	16	89	111
249	1976-02-10	91	45	89
254	1986-12-23	76	0	112
289	2017-08-02	16	74	36
224	2013-11-21	33	43	40
299	1953-01-07	68	4	35
287	1961-05-03	82	25	142
251	2008-05-13	59	18	64
272	2000-10-15	56	75	39
216	1997-11-10	83	97	42
292	1999-06-04	69	25	83
267	1950-09-02	10	95	81
298	1985-11-19	5	10	62
252	1970-01-22	42	84	137
289	1962-02-27	8	72	5
250	1964-10-29	91	34	10
277	1940-02-20	12	25	173
263	1950-04-04	4	100	49
230	1997-06-11	44	25	179
285	1975-07-25	17	14	123
203	2007-12-18	54	32	152
202	1984-09-02	49	23	92
232	1946-05-07	77	36	66
275	2017-10-22	61	13	93
299	2018-09-23	58	68	152
240	1956-12-15	23	39	72
221	2011-04-19	69	68	51
248	1949-01-19	40	98	82
243	1974-03-07	28	86	147
241	2011-12-20	23	78	104
258	1947-06-15	48	94	60
230	2016-05-04	7	66	200
224	1952-01-23	87	6	185
203	1989-01-04	96	4	49
234	1951-10-22	7	13	191
249	1999-09-28	37	81	66
223	1945-06-27	65	32	142
203	2004-02-04	30	67	70
291	1958-05-22	67	31	34
202	2001-07-17	72	10	132
280	2014-04-25	98	73	137
283	1966-05-08	47	72	36
207	2010-09-22	4	29	113
276	1965-09-09	88	6	61
269	1957-11-25	11	89	186
251	1978-02-20	42	98	110
205	1977-03-30	52	44	152
264	2007-12-07	97	68	191
227	1993-11-02	41	28	192
300	1981-09-29	58	87	68
235	1980-10-01	29	2	32
279	1949-04-05	74	100	108
280	1940-02-24	0	95	126
219	1974-11-30	70	67	11
298	1976-12-08	12	46	195
265	1943-06-26	22	64	50
253	1983-10-21	85	12	68
256	1947-05-28	26	72	17
245	1990-02-13	57	29	135
255	1978-09-21	46	89	194
280	1982-05-01	58	93	26
233	1977-06-23	41	45	76
233	1948-01-16	78	31	191
226	1961-12-22	96	52	19
221	1972-09-05	82	34	175
270	2017-04-05	13	92	26
203	1940-10-08	77	83	3
221	1963-07-27	28	68	74
295	2001-12-27	46	35	102
277	1953-05-10	85	24	23
236	1973-07-03	81	67	88
