213	1999-06-09	100	54	120
290	1968-09-25	50	25	115
283	2016-03-28	86	48	17
250	1990-05-08	16	98	69
213	1988-02-03	100	74	91
260	1977-12-21	47	32	198
251	2011-03-19	52	31	53
226	2020-06-21	1	2	145
238	1979-06-19	12	74	168
221	2018-08-30	11	54	5
231	2007-01-27	69	37	121
229	1983-02-20	88	27	115
246	2014-05-20	6	28	77
215	2015-07-17	10	5	29
246	1973-01-07	32	32	138
213	2009-03-24	91	27	66
271	1972-01-16	49	1	49
255	1990-09-02	37	4	37
249	1998-04-28	92	56	25
260	1963-11-27	12	12	47
267	2000-08-06	76	1	195
240	1965-05-21	86	7	152
282	2004-01-10	12	1	159
284	1991-04-26	87	16	86
250	1966-01-16	89	85	145
271	1972-12-31	18	36	149
222	1954-09-20	59	71	107
274	1980-08-28	18	42	105
216	1970-08-02	21	68	186
295	2017-10-24	1	69	131
228	2016-11-22	87	100	183
262	1961-11-12	14	65	106
299	1958-11-20	92	69	0
250	1973-07-06	58	16	146
283	1994-05-30	5	100	57
239	2018-07-28	11	36	162
232	1964-04-25	96	35	73
227	1989-04-26	52	14	7
211	1971-12-23	53	96	189
224	1985-10-01	91	91	77
206	1983-03-31	2	57	175
233	1944-11-10	89	76	175
284	2003-10-17	47	9	157
235	1955-10-08	1	28	73
271	1979-01-20	68	59	16
284	2011-01-07	0	75	71
282	1977-12-26	21	1	117
245	1970-10-08	97	25	62
279	1979-03-02	76	51	31
221	1988-02-11	43	9	68
245	1983-12-14	99	13	98
247	1978-08-16	33	96	173
263	1960-04-21	5	53	10
296	1967-08-06	53	67	2
229	2003-05-24	11	79	161
235	2002-01-22	54	60	176
265	1940-05-25	90	59	79
202	1998-11-03	51	14	190
281	1983-02-24	36	67	102
246	1946-03-31	18	84	84
274	1957-06-12	1	45	79
220	1973-11-16	62	91	169
263	1963-06-18	84	36	56
234	1968-08-27	61	57	168
289	2001-08-15	80	28	161
208	1963-11-11	21	58	170
218	1941-03-18	16	57	182
286	1996-12-21	98	35	118
285	1999-05-11	23	31	168
202	1999-08-22	26	48	23
278	1968-08-18	4	19	146
220	1983-02-04	98	99	21
295	2019-08-04	41	67	190
271	1981-09-17	2	64	121
223	2012-01-16	33	33	161
255	2008-02-07	50	4	7
275	1979-11-09	42	48	73
269	1969-08-28	28	16	34
290	1957-07-29	53	44	124
266	1976-08-12	2	53	41
247	1978-11-06	36	59	162
242	1953-07-30	58	27	52
268	2005-03-26	15	59	43
206	2020-03-18	68	93	133
284	1949-10-15	9	76	106
263	2003-12-06	14	61	15
219	1960-07-21	33	30	63
289	2015-10-11	4	90	149
225	1948-09-14	22	13	117
206	1958-01-07	32	45	184
238	1983-10-27	30	39	101
282	2017-06-29	34	78	118
290	1999-05-09	74	77	194
213	1983-04-13	19	64	114
249	1948-05-01	25	18	189
273	2017-02-21	95	50	143
245	2019-07-17	80	23	130
278	1973-01-13	33	74	126
233	1987-10-23	58	92	130
255	1947-07-18	41	90	36
204	2009-10-04	69	28	139
288	1971-08-28	16	21	77
222	1975-01-08	53	41	174
208	1986-01-22	50	98	73
252	1968-03-15	97	65	127
231	1941-04-12	66	93	77
288	1984-06-08	43	94	101
246	1999-12-17	9	83	74
242	1945-02-17	36	66	51
279	1971-11-04	50	72	84
265	1940-10-05	74	98	16
241	1979-01-02	24	33	44
219	1999-03-18	56	20	104
290	1960-10-10	72	8	191
203	1963-08-06	52	38	137
209	1993-10-29	67	0	108
207	2016-01-01	63	51	17
281	2004-03-25	98	82	139
241	1977-03-18	4	44	136
236	2005-04-30	51	57	44
226	2014-05-31	39	94	80
279	1994-03-24	64	40	22
286	1961-11-07	4	4	3
250	1969-01-30	27	49	59
223	1956-01-17	49	0	2
253	1985-03-15	46	58	143
241	2011-08-04	8	50	43
288	2013-10-10	73	77	102
218	1955-08-11	4	6	72
227	1962-07-27	23	46	6
279	1990-04-23	17	7	28
270	1961-03-07	68	96	161
280	1994-06-11	68	55	73
283	1942-01-21	35	35	129
246	2004-04-05	2	62	1
212	1989-06-04	93	70	117
233	1952-11-22	9	32	21
208	1974-11-08	13	2	69
291	2008-03-09	53	87	156
206	1991-01-22	65	81	180
233	1978-07-27	17	4	71
248	1975-01-19	76	90	198
260	2009-04-24	84	44	160
230	1987-05-14	22	63	87
263	1942-05-12	5	36	148
280	1966-06-07	37	68	60
274	1961-01-06	9	64	99
204	2006-06-08	8	50	50
281	2014-08-04	26	47	108
251	1961-01-03	73	62	185
292	2006-12-16	1	79	107
239	1943-09-18	96	70	145
283	1951-07-31	61	8	96
280	2018-05-02	72	4	62
220	2000-10-20	91	53	158
215	1967-10-05	77	15	109
257	1955-10-20	37	42	61
275	2000-01-23	39	35	134
300	1963-04-05	48	86	186
262	1949-09-24	91	82	4
282	1986-01-08	75	48	166
233	1955-03-27	78	89	150
300	1941-07-03	52	7	16
234	1953-12-23	27	38	169
293	2002-10-20	36	3	50
281	1994-03-31	75	82	168
224	1969-02-20	44	75	60
250	1999-11-07	78	55	11
282	1990-03-25	55	17	126
299	2014-09-09	81	6	119
236	2008-09-13	47	10	98
204	1990-11-03	58	18	5
212	1959-08-28	49	99	138
219	1982-12-04	14	8	139
269	1944-10-02	65	95	68
252	1996-08-03	34	91	80
274	1983-11-07	66	3	176
287	2003-01-27	30	62	180
255	1952-04-10	98	72	95
230	1950-01-21	77	98	170
263	1982-07-01	10	35	3
203	1957-12-30	36	80	43
209	1972-07-27	25	92	154
283	1941-02-01	17	68	21
281	2010-09-26	28	24	88
280	1950-09-26	18	55	188
233	1994-03-15	42	65	74
262	1964-08-30	14	24	172
255	1959-06-13	78	99	161
217	1958-10-17	65	13	129
247	2000-01-17	90	1	78
223	1987-06-24	60	0	133
290	2002-07-04	50	53	111
270	2018-05-08	59	75	195
218	2009-04-07	13	45	130
223	1967-02-21	5	1	114
223	1947-12-08	75	18	194
222	1966-06-28	15	73	127
284	1975-02-08	32	40	153
232	1946-06-15	71	18	128
296	1944-06-30	91	4	86
268	1957-03-03	2	37	14
261	1955-10-05	8	14	182
270	1972-08-12	5	28	102
215	2003-02-17	17	20	188
239	1966-06-26	47	4	59
271	1947-05-18	24	33	174
292	1999-02-03	20	85	124
293	2017-09-07	15	55	88
300	1943-08-02	94	5	44
236	1958-11-12	81	78	181
245	1989-03-21	17	56	36
249	1991-01-31	11	75	112
255	1946-05-28	36	2	197
269	1991-11-23	35	7	24
219	2011-07-07	76	13	165
249	1969-07-25	16	53	49
249	1986-05-10	9	20	17
259	1966-06-07	42	11	26
256	1953-02-23	81	71	158
295	1994-01-07	83	33	105
211	1973-12-08	62	81	18
269	1972-04-20	47	31	13
226	1968-08-19	73	62	138
287	1953-01-02	87	21	152
300	1987-06-29	61	73	189
236	1989-10-16	19	14	95
237	1950-10-27	85	6	76
281	2018-03-30	15	19	164
219	1988-07-24	22	30	130
263	1997-09-07	39	23	134
203	1943-08-30	69	58	31
253	1953-10-28	49	84	41
243	1964-05-20	8	55	28
284	1974-09-13	23	77	82
274	2018-04-20	43	2	100
202	1969-05-28	50	67	27
289	2014-05-11	39	100	190
250	1951-09-21	12	44	59
241	2011-03-12	78	34	199
228	1983-10-08	80	21	66
276	2001-02-05	46	5	68
298	1962-06-29	66	70	180
293	1959-08-02	67	87	20
259	1974-10-17	68	40	141
294	1988-04-03	65	48	190
284	1998-06-15	62	48	125
285	2015-06-06	16	89	18
289	1978-05-01	24	78	59
288	2009-03-29	66	34	56
276	1972-08-25	89	89	194
296	1972-12-13	10	25	154
271	1981-06-27	10	52	119
295	1999-02-10	57	57	38
259	1948-09-02	17	45	0
259	1960-03-23	14	100	157
261	1941-10-25	27	85	132
289	1990-06-08	53	13	78
284	2003-01-11	21	82	108
207	1952-04-01	49	32	162
274	1966-07-08	3	69	63
227	2011-07-07	54	23	12
212	1943-01-05	81	22	79
221	1993-09-20	67	98	79
231	2017-11-01	32	2	163
210	1998-11-14	49	13	104
293	1973-10-03	84	70	186
211	1969-05-22	34	52	120
291	2001-04-12	79	29	159
202	1970-01-24	55	33	143
254	2017-05-08	34	8	94
227	1960-03-13	33	25	152
221	1966-10-11	69	15	27
213	1961-12-27	33	4	112
203	2012-02-08	14	100	115
268	1984-12-22	90	6	138
212	1991-08-26	3	24	170
281	1963-06-01	14	2	189
221	2003-04-14	66	85	12
234	1955-08-03	2	69	46
221	2016-02-22	49	77	200
266	1966-01-15	67	87	108
254	1959-07-11	24	52	92
280	1948-06-01	32	33	157
260	1941-09-25	22	78	144
202	1971-02-03	22	16	135
234	1946-12-03	3	72	194
243	1969-08-31	17	57	67
300	1940-06-29	9	21	62
247	1955-10-18	68	58	115
294	1984-01-21	5	66	114
231	1952-12-19	72	44	169
282	2007-12-09	29	12	47
287	1945-12-17	58	90	149
279	1974-12-06	24	39	189
235	1976-10-01	26	9	152
276	2005-03-03	72	37	130
242	1942-02-22	74	18	146
227	1989-01-10	71	93	114
