300	2004-10-10	97	9	163
258	2015-06-22	55	72	48
221	1952-09-14	11	9	35
245	1968-01-03	98	25	185
286	2018-08-30	47	93	150
281	1942-02-16	90	40	110
224	2008-01-08	28	87	178
272	1954-10-14	53	92	122
269	1973-04-28	30	43	148
223	2011-10-22	53	6	111
295	1986-02-24	34	94	115
211	1984-10-17	72	90	56
211	1996-07-04	61	44	188
241	1960-06-06	44	7	37
212	1998-01-21	88	62	69
249	1982-11-20	82	54	102
300	1958-11-11	37	76	68
214	1971-11-13	84	80	135
248	1982-06-07	62	7	47
208	1982-12-15	88	34	119
272	1954-02-17	98	54	150
296	2014-07-04	90	69	130
274	1941-02-18	5	4	75
216	1946-11-13	50	41	51
205	1943-08-23	25	55	101
300	2001-08-13	26	100	36
284	1986-02-25	28	28	134
213	1999-02-05	42	59	91
251	2011-10-18	21	92	96
247	1986-07-05	51	90	180
209	2008-06-25	50	45	155
276	1967-10-08	51	56	115
218	1945-10-27	81	30	126
266	1943-12-12	74	14	123
284	1979-07-21	0	48	0
244	2020-01-13	92	60	192
202	1980-05-25	31	38	56
256	1992-10-05	23	56	3
221	1999-09-19	47	43	35
260	1942-01-03	76	77	150
245	1979-07-01	69	13	106
211	1993-11-17	55	95	41
244	1973-05-06	21	39	110
207	1955-07-08	87	91	159
290	1954-06-05	85	65	104
262	1991-05-18	95	10	10
209	2016-04-06	64	100	46
210	1993-09-08	67	37	47
277	2000-09-16	37	18	117
277	2006-04-28	50	62	24
210	2005-02-12	95	37	50
219	1960-05-13	46	69	190
227	1943-07-25	20	99	143
276	1980-04-14	89	29	121
205	1981-11-23	15	45	165
239	1967-11-27	84	37	61
214	1986-01-02	45	77	179
283	1993-09-07	77	12	59
296	2010-07-07	66	65	22
260	1965-07-18	17	82	186
213	2011-09-02	40	24	120
275	1956-01-05	16	6	123
223	1973-12-22	69	94	96
293	1999-06-10	77	40	130
285	1983-02-05	56	25	113
264	1997-07-12	2	41	87
225	1954-06-15	80	40	88
296	2019-10-03	19	94	198
280	1985-01-27	20	30	134
217	1963-07-30	76	1	181
233	2009-12-10	34	32	11
214	1998-09-06	96	46	89
278	2017-08-26	24	43	8
288	1949-04-26	59	69	40
297	1999-08-30	46	100	91
224	1998-04-28	99	74	42
284	2016-05-05	12	66	17
244	2000-10-25	29	65	111
204	1997-02-04	22	4	62
297	2014-11-28	16	75	179
238	1995-08-17	91	83	171
209	2011-11-17	12	1	190
208	1978-08-30	56	23	122
290	1998-11-24	13	88	54
201	1997-11-20	19	0	25
289	1980-04-12	40	45	171
292	1998-02-18	15	25	164
246	1987-07-25	38	39	191
202	1982-11-28	26	85	177
248	1949-02-28	14	18	99
228	2017-12-02	14	34	172
247	1995-03-11	19	2	101
211	1952-07-15	31	22	130
288	1985-11-16	11	36	62
241	1945-05-13	66	26	176
219	2002-12-17	34	25	56
209	1956-07-18	29	73	195
274	2011-06-30	54	41	72
233	2019-09-02	90	66	90
290	1955-10-25	29	68	106
232	2019-01-15	5	23	21
235	1986-02-13	14	100	131
238	1965-07-28	69	63	38
255	1987-06-12	74	33	91
221	1967-03-08	17	28	54
276	2020-04-11	70	65	153
221	1944-06-12	70	28	127
236	1983-02-23	35	52	123
225	2015-12-11	9	84	40
204	1967-07-19	55	69	170
294	1992-03-18	0	78	103
205	1953-09-02	79	62	81
248	1989-06-06	19	42	22
222	1973-11-07	4	16	162
285	2008-08-04	99	50	46
217	1959-05-30	57	73	49
273	2006-09-06	12	90	149
223	1985-10-24	44	4	1
201	2000-04-09	62	73	99
212	1989-01-17	25	57	131
270	1943-02-04	31	9	146
296	2005-09-25	80	51	145
220	1972-02-03	10	0	20
210	1962-07-01	18	96	196
300	1994-01-15	40	74	138
265	1996-12-10	62	83	63
211	1994-09-11	78	51	119
204	1981-04-16	100	100	154
287	2004-12-01	82	90	160
266	1978-08-11	59	26	96
246	1974-01-14	56	89	44
216	1972-11-06	75	11	130
271	2013-03-13	84	51	56
279	1998-01-02	8	16	89
225	1945-06-02	95	9	60
292	2011-09-15	58	94	183
237	1980-03-04	22	97	124
291	1997-12-30	28	59	14
225	1957-02-17	96	65	153
282	1960-11-09	11	11	42
279	2006-09-11	65	42	4
211	2014-06-17	13	47	129
230	2001-12-18	14	70	84
286	2017-10-30	34	63	159
261	1944-03-15	46	71	120
280	1943-07-27	36	7	138
279	1978-09-14	16	71	129
213	2006-06-02	65	92	153
230	1976-12-17	47	60	169
206	1984-11-15	41	71	98
290	1941-07-10	40	83	88
235	1982-11-18	31	66	28
213	2014-11-16	44	73	62
288	1979-05-01	24	19	145
212	2004-02-21	29	75	181
264	1959-10-12	38	66	149
290	1941-07-12	47	81	91
230	1994-04-21	42	43	21
235	1952-06-21	74	47	169
218	1947-03-18	30	71	99
283	1974-09-11	67	30	130
299	1944-03-02	22	67	43
282	1954-08-05	28	93	32
