242	2003-03-07	63	22	121
294	1981-07-23	62	43	37
278	1999-03-18	18	68	34
225	1972-02-07	35	51	120
205	1982-07-16	64	61	55
263	2001-10-10	54	20	100
290	1943-12-09	74	25	46
211	1984-12-20	75	46	118
201	1988-12-16	77	77	26
213	1955-12-25	51	37	142
220	1955-01-10	80	31	61
228	2012-04-15	24	33	175
231	1966-01-10	57	0	25
229	1940-05-31	94	96	120
219	1957-05-13	36	37	42
230	1990-09-07	91	41	177
287	1942-03-14	18	9	126
218	1976-03-06	22	46	70
295	2017-02-12	58	70	190
296	2016-03-25	41	91	77
260	1997-04-26	100	24	200
212	1984-08-19	16	0	14
217	1940-08-11	91	82	56
234	1945-05-20	11	41	154
255	1974-08-10	65	43	191
272	1995-05-25	97	39	160
295	2006-05-04	64	16	138
290	2016-01-06	83	70	0
215	2005-07-19	50	6	103
258	1996-09-16	30	27	74
268	1957-03-12	20	0	182
227	2015-05-08	57	96	178
299	1971-03-31	26	25	88
276	1964-06-11	63	16	120
267	1949-01-28	22	70	188
282	1962-11-11	0	34	1
275	1993-08-29	7	59	83
297	1942-07-20	95	82	130
277	1940-09-14	18	53	153
269	1975-05-15	64	54	150
296	1989-11-27	3	66	118
253	2001-06-19	71	35	175
248	1957-01-14	29	61	112
214	2003-07-26	9	0	65
250	2018-08-25	39	57	148
235	2004-12-15	19	25	198
209	1981-07-15	65	13	135
201	2001-03-11	17	90	87
276	1979-07-27	38	24	16
265	1948-06-11	98	19	190
254	1977-09-10	82	52	171
285	1969-11-26	28	15	35
292	1947-12-10	73	31	141
227	2016-04-15	32	92	6
257	1967-10-26	72	37	189
297	2019-06-12	38	98	72
296	1969-12-17	31	58	163
216	1996-10-15	83	75	105
246	2014-06-02	3	41	39
273	2016-02-05	1	27	179
297	1955-11-19	25	95	52
277	2016-08-19	25	68	28
224	1953-07-22	22	83	185
297	1996-09-20	20	77	27
244	1941-10-29	2	9	41
298	1942-12-04	35	39	96
227	2002-07-13	77	81	150
237	2006-04-06	80	87	114
218	2007-02-27	62	5	42
207	1991-02-01	25	86	123
231	1976-06-09	91	96	134
222	1973-02-01	38	88	37
218	1974-02-03	62	38	129
273	2015-09-21	76	51	22
297	1952-06-15	24	52	55
288	2017-09-10	79	96	139
276	1967-10-12	62	90	140
208	1960-01-28	40	43	92
290	1987-04-09	0	28	187
291	1950-01-13	70	72	188
299	1948-08-08	71	25	70
227	1997-12-03	40	17	96
253	1948-07-01	85	73	150
207	2016-09-16	13	64	75
254	2017-09-25	54	58	38
234	2016-09-05	62	58	101
296	2011-01-11	37	45	27
239	1944-02-07	52	8	24
208	1974-06-21	17	87	199
254	1988-04-23	48	54	89
238	1972-06-28	70	47	31
252	2019-11-04	64	39	162
287	1998-01-23	19	22	158
202	1959-05-31	91	13	182
251	1971-01-04	71	21	76
296	2017-12-25	31	27	179
221	1956-05-25	77	95	35
218	2020-03-06	16	79	122
286	1997-06-02	100	5	32
251	2004-04-30	94	23	141
298	1982-07-15	85	61	150
245	1971-04-07	54	9	159
218	1961-03-13	94	81	43
215	1981-07-20	41	85	48
277	1994-04-09	63	37	2
211	1964-03-21	30	83	194
271	1942-09-29	38	43	6
272	2011-03-08	10	81	6
254	2018-12-12	34	72	110
290	1973-11-13	11	44	170
269	2005-12-20	79	74	76
224	1993-10-17	65	95	1
250	2009-04-29	16	12	72
232	2005-04-01	47	99	121
244	1954-04-11	90	99	152
225	1989-06-15	53	95	48
248	1998-11-11	65	53	104
270	1975-12-15	65	73	155
268	1975-02-04	70	71	120
288	1971-12-02	95	5	157
287	2015-05-01	80	64	158
265	1981-07-28	74	14	118
289	1992-08-18	51	62	156
202	2010-09-10	83	77	152
240	2005-06-21	81	77	177
280	2017-11-02	86	29	28
225	2017-12-07	18	100	71
232	2007-09-18	7	69	165
275	2004-03-14	47	55	15
288	1989-10-20	52	63	31
259	1953-09-05	68	31	42
282	1941-11-06	65	39	146
228	2017-12-14	80	78	156
242	1999-08-28	18	63	159
222	2000-03-28	56	81	13
249	1960-02-16	35	17	46
223	1968-01-13	27	76	160
239	1984-02-06	48	10	127
240	1986-06-14	7	98	145
217	1963-09-07	44	67	14
257	2019-07-10	87	63	190
300	1999-12-15	53	61	0
215	1944-03-08	1	11	30
237	2006-04-27	60	68	191
288	1992-02-05	34	100	107
295	1943-08-26	78	88	127
269	2009-11-30	13	71	111
287	1976-04-12	77	54	78
207	2019-06-12	12	12	163
206	1972-10-25	75	1	119
295	2018-02-17	63	44	149
294	1952-07-11	17	27	36
251	2002-08-23	69	82	113
275	1955-08-29	39	71	25
244	2004-06-26	0	80	88
255	1987-02-17	69	87	178
214	1972-07-14	86	14	51
216	1989-09-06	35	19	108
245	1978-11-03	98	60	101
299	2010-09-07	14	4	10
234	1949-07-18	64	70	117
266	1990-03-15	39	82	38
240	1998-03-09	72	58	31
281	1964-08-03	27	83	1
258	2000-01-02	4	96	164
279	1973-01-14	63	29	119
