234	1947-09-01	45	17	192
248	1976-03-01	84	51	72
222	1994-06-29	3	31	63
289	2010-07-24	51	13	16
210	1951-04-03	84	40	84
276	1993-03-28	31	0	42
225	2001-08-22	49	41	61
279	2004-11-13	28	68	193
232	2003-01-29	13	6	75
228	1993-04-08	20	14	114
288	2014-06-01	32	68	121
273	1984-09-01	92	10	95
298	1986-10-07	33	23	22
270	1957-03-18	54	82	117
266	1950-12-28	17	3	200
211	1953-03-19	58	24	72
256	1993-11-06	76	1	108
270	1983-02-21	93	25	39
275	1940-05-04	71	84	162
255	2004-03-12	81	56	23
298	1953-09-05	90	16	181
213	1945-10-27	32	19	36
292	2000-03-21	24	5	171
284	1947-08-13	63	14	178
298	1996-03-08	57	56	169
284	2015-05-08	74	44	44
261	1948-04-03	1	37	148
212	1967-05-06	54	42	99
293	2005-12-31	56	44	70
219	2008-04-24	82	85	19
266	1951-12-21	50	77	194
233	1940-01-21	1	31	59
252	1971-03-14	78	64	7
267	1950-01-19	56	38	60
250	2001-04-25	4	34	85
205	1953-01-13	4	64	35
254	1973-03-06	66	48	177
252	2019-04-05	50	66	155
263	1957-03-05	93	78	94
205	2011-05-02	4	99	124
249	1962-08-07	40	79	168
228	1941-01-27	31	38	111
251	1985-10-06	69	5	122
264	2007-02-11	3	44	93
300	1947-10-10	77	52	44
243	1945-11-01	23	14	148
251	1987-01-30	14	48	161
223	1950-04-02	16	31	48
258	1972-07-20	62	80	148
205	2000-01-13	95	55	81
270	1955-05-10	57	38	171
262	2000-01-21	9	74	52
276	1974-12-27	91	97	178
279	1957-02-12	42	79	56
258	2008-09-24	37	15	0
203	1996-04-04	16	22	192
201	1952-08-28	90	72	158
223	1959-04-25	3	11	39
296	1960-12-16	45	22	77
228	1983-02-07	95	81	126
299	2010-01-11	21	87	138
214	2016-08-17	28	25	199
258	1974-03-12	57	59	111
294	2014-03-03	73	49	56
244	1982-01-19	54	8	150
240	1970-01-02	42	16	201
229	1991-12-22	99	52	85
228	2003-06-20	100	42	82
246	2003-07-01	37	29	7
235	1965-11-23	17	16	104
276	1964-07-30	63	40	90
300	1977-08-25	89	84	80
295	1949-08-18	46	60	184
236	1970-05-19	79	38	20
262	1949-07-05	81	9	167
239	2014-03-17	38	12	92
249	1942-06-20	57	47	61
271	1995-03-20	85	89	42
209	1980-09-23	23	0	29
203	1950-08-19	68	14	196
225	1945-04-14	46	89	9
266	1950-11-14	15	72	107
203	1980-03-09	34	0	50
204	1991-07-29	33	55	5
254	1963-06-23	36	20	126
263	1959-08-27	28	61	177
242	1995-03-13	89	89	183
206	2006-07-03	80	70	63
259	2010-07-07	68	76	134
230	1957-05-15	70	92	150
204	1940-12-26	30	19	131
241	2003-01-05	84	6	166
255	2006-06-06	36	42	147
293	1975-06-10	4	71	72
291	2000-10-12	2	8	56
268	1982-03-01	80	80	92
216	2005-10-22	46	63	136
260	2016-06-23	58	41	72
207	1990-05-13	50	70	104
274	1976-06-10	75	3	25
265	1980-05-14	33	39	90
213	1993-02-15	29	94	19
212	1979-04-20	69	96	131
212	2002-09-12	4	16	171
292	1989-06-28	98	61	148
223	1988-02-14	53	23	89
252	1995-03-10	96	37	193
255	2005-05-20	89	78	15
250	1949-05-06	9	98	27
288	2010-09-16	10	11	117
255	1955-09-19	13	72	193
225	1955-07-10	64	3	69
283	2014-02-07	56	30	85
271	1967-03-17	21	27	88
270	1999-04-27	78	51	71
241	1964-01-27	67	48	48
284	1980-06-10	69	31	199
290	1986-06-17	46	85	5
293	2009-06-13	54	46	7
242	2020-04-26	35	63	6
286	2013-06-27	50	68	2
243	1975-09-20	27	36	190
245	1972-10-28	55	2	61
205	1964-01-10	34	86	109
295	1960-10-12	24	15	85
219	1988-03-02	15	55	27
263	1946-04-25	70	97	61
289	1949-04-01	92	35	16
259	1945-03-31	28	91	42
226	1988-08-21	26	38	179
276	1957-12-15	14	22	51
229	1945-07-18	57	28	53
225	1973-10-20	31	23	69
218	1965-02-26	50	25	125
274	1994-10-05	77	26	89
285	1948-08-26	99	54	138
232	1979-09-01	52	10	89
299	2003-12-02	50	31	158
282	1986-05-13	37	48	97
216	2000-02-24	41	25	37
277	2002-10-21	62	55	44
258	1971-03-17	77	76	69
280	1952-12-08	55	94	190
202	1999-06-13	42	7	116
254	1958-05-31	87	50	39
203	2017-12-28	49	13	78
299	1994-05-10	74	39	43
284	1977-03-13	22	72	31
231	1968-06-03	86	25	186
266	2006-04-02	58	50	105
261	1947-06-23	88	19	161
285	1981-10-27	96	5	162
225	1961-01-01	1	36	24
243	2018-01-14	56	8	51
296	2013-08-24	90	62	87
217	1992-08-16	61	49	141
277	1995-04-15	41	49	119
274	1957-12-30	62	55	57
244	2005-04-29	1	93	70
264	1989-08-02	86	32	163
248	2008-05-09	20	72	109
243	1968-03-04	5	10	110
210	2020-06-29	98	69	152
276	1959-02-15	10	87	177
290	1987-08-05	99	31	47
209	1950-12-08	28	86	116
251	1970-09-02	34	88	102
217	1944-03-28	80	5	64
249	1975-04-05	63	73	22
269	2007-08-30	2	5	96
239	1993-06-12	13	9	113
272	1987-02-22	59	27	58
209	2002-10-06	96	61	178
265	1954-02-21	7	63	28
300	1966-11-13	95	50	70
234	1955-09-30	98	93	19
257	1989-03-27	80	96	86
206	1982-09-25	15	12	128
296	1954-07-17	97	91	28
228	2007-04-02	22	58	136
225	2017-02-21	53	30	39
239	2014-07-03	86	26	37
208	1984-07-29	8	86	121
271	1986-05-25	62	67	167
296	2003-06-13	29	28	84
288	1985-12-16	4	66	86
257	1999-05-18	45	47	33
210	2002-06-26	29	32	153
226	1973-08-17	13	40	158
228	1941-01-07	55	88	134
292	1971-08-31	46	4	100
232	1958-10-06	50	71	117
226	1997-04-18	97	98	87
234	1978-01-21	84	55	110
290	1976-09-12	17	39	161
238	1973-03-01	40	61	156
231	1993-07-03	58	53	190
243	1940-07-10	26	29	97
268	1979-06-13	38	73	15
233	1960-08-21	75	33	188
286	1952-12-23	65	5	63
293	2015-02-09	49	28	22
213	2012-05-18	90	15	187
294	1964-10-03	81	35	135
268	2010-10-30	75	3	6
244	2004-05-01	88	72	167
298	2006-01-08	72	65	194
201	1983-09-15	81	67	23
259	1958-08-15	93	31	76
287	1981-05-27	46	45	12
260	2000-11-05	66	47	194
223	1945-12-26	89	97	126
213	1994-06-18	23	37	11
251	1957-12-12	16	86	110
210	1983-12-04	84	92	187
277	1956-11-06	6	24	196
255	1984-05-28	20	36	72
238	1956-10-10	77	43	12
222	2004-10-10	65	7	59
277	1955-02-05	100	49	89
298	2009-02-14	43	20	179
219	1955-07-09	94	10	200
279	1955-08-28	66	64	181
248	1945-04-06	88	39	77
273	2011-08-10	44	26	157
261	1961-11-08	74	79	167
209	1979-06-25	72	54	65
222	1959-09-13	4	17	62
281	1984-07-27	13	36	69
294	1971-01-20	49	18	148
229	2007-09-20	61	55	0
235	1995-01-09	52	1	112
210	1948-02-15	16	91	191
213	1969-09-08	92	7	146
206	2002-11-16	95	14	40
300	1989-07-14	99	42	84
237	1989-03-19	2	62	23
294	1950-02-26	10	45	87
261	1941-09-12	9	59	31
296	1951-05-13	66	56	28
296	1974-07-22	94	58	7
217	1967-08-10	35	44	179
216	2008-03-13	27	36	55
202	1970-03-30	11	23	56
257	2017-11-11	51	4	135
245	1963-02-15	75	32	120
271	1962-01-25	19	48	136
208	2004-09-13	56	18	9
212	1997-01-04	10	86	130
280	2018-08-24	64	17	54
206	1987-10-31	18	27	74
248	1953-05-13	4	93	178
211	2015-09-16	45	8	121
242	1996-07-01	11	39	87
263	1992-07-03	60	28	186
244	2013-07-09	63	5	152
205	1943-01-13	78	80	122
251	1996-10-15	23	9	73
278	2007-01-31	78	63	102
266	1995-02-01	75	77	158
265	1979-07-22	4	40	172
285	1967-11-12	21	99	41
282	1942-02-15	11	67	55
242	2001-01-26	24	55	153
294	1971-05-08	86	52	147
244	2000-04-20	7	8	90
271	2000-11-24	76	75	108
283	1997-09-17	4	3	122
280	2011-06-23	53	97	195
251	2007-09-05	93	14	68
268	1959-07-31	52	59	36
264	2011-08-12	42	38	77
271	1979-01-25	4	66	34
279	2002-06-16	47	52	180
257	1979-04-16	98	10	54
230	1975-03-07	44	94	17
246	1955-08-05	91	89	127
259	1978-09-16	25	100	33
238	1999-08-02	27	99	147
238	1995-01-08	76	27	70
284	1975-02-11	98	92	133
261	2003-09-06	38	26	8
244	1958-11-10	40	7	37
221	2008-03-08	87	99	166
221	2014-04-05	0	27	79
283	1963-11-13	6	2	201
242	2012-12-12	11	88	87
236	1995-10-13	62	71	149
281	1996-06-17	70	67	87
