285	1953-02-11	69	52	197
206	1980-09-09	1	59	85
211	1983-11-08	81	92	11
237	1994-01-04	79	92	7
282	1975-06-19	91	64	139
298	1957-05-30	94	90	47
300	2016-04-05	94	64	9
225	1989-08-12	71	71	55
259	2020-02-22	21	4	42
291	1991-10-24	47	14	85
278	1953-12-08	43	89	177
280	1998-05-15	50	41	52
251	1956-03-04	27	99	159
290	1947-01-02	30	72	157
247	1982-06-16	39	79	31
212	2018-01-30	28	25	81
224	1990-07-22	23	33	102
219	1941-09-14	37	83	100
201	1968-04-22	30	36	22
242	1996-12-29	46	71	124
283	1953-12-15	59	17	47
220	2008-11-28	38	29	149
215	1966-06-24	84	26	188
227	1998-05-16	20	6	147
231	2004-09-21	40	3	84
218	1945-01-01	48	14	6
242	1945-06-03	99	64	201
292	1968-01-23	27	81	199
280	1955-05-14	61	65	149
230	1948-06-14	98	55	160
259	1994-09-11	95	80	65
217	1986-05-29	28	54	181
226	1959-06-10	97	22	161
243	1959-10-10	72	39	188
280	1969-05-26	45	77	170
240	1960-01-25	90	50	2
257	1992-08-13	36	89	124
246	1995-07-24	97	89	91
218	2007-11-01	34	11	162
248	1992-10-21	100	97	105
275	2005-01-21	3	46	87
248	1984-02-06	80	72	87
236	1984-07-29	62	89	45
254	2009-12-16	23	65	93
273	1973-07-17	10	41	29
239	1981-12-09	1	29	136
295	1968-11-24	98	57	26
292	1943-03-27	63	86	48
290	1963-02-09	39	74	50
215	2013-07-28	31	64	105
258	1957-02-09	23	53	150
285	1947-09-07	22	100	151
267	1953-02-25	19	11	111
262	1943-09-12	14	92	123
241	1998-07-03	65	30	133
277	1990-10-21	8	39	185
292	2009-05-20	33	88	78
211	1966-11-14	50	38	141
218	2004-01-19	6	0	3
286	1941-10-06	64	57	108
266	1968-02-06	87	99	15
285	1957-04-27	41	69	52
225	1984-08-08	25	29	171
286	2000-11-28	87	45	93
277	1944-10-01	88	33	61
281	1953-12-29	59	97	90
234	1963-02-19	37	70	82
206	1961-05-03	38	29	197
277	1969-09-30	6	87	73
223	2019-11-14	89	61	54
279	2000-02-23	6	12	79
236	2006-07-17	71	63	86
289	1965-06-29	98	26	52
242	1972-05-13	4	45	34
266	1970-04-14	80	88	141
225	1960-08-01	75	13	103
237	2017-05-06	75	33	164
248	1940-11-07	77	40	63
238	1971-10-25	70	32	17
245	2016-08-03	92	76	136
227	1992-08-03	82	94	182
205	1940-12-13	17	80	96
286	1965-11-27	27	63	134
265	1996-02-04	65	48	114
226	1972-07-31	37	5	112
246	1986-05-01	22	37	53
216	1951-03-02	65	41	201
203	1966-04-06	65	77	78
254	2011-08-27	54	70	96
227	1974-05-23	76	43	85
233	2015-06-19	46	64	121
300	1975-02-16	48	95	162
281	1974-07-23	5	52	124
244	1968-07-26	72	54	55
290	2018-02-12	78	57	14
225	1960-01-12	25	50	158
249	2008-03-30	7	5	54
242	1981-09-20	14	60	56
290	2017-01-24	26	29	5
286	1961-06-04	21	30	37
286	2017-09-09	51	86	166
292	2018-04-16	10	36	21
265	1943-01-11	48	54	43
256	2009-09-11	93	53	40
222	1970-03-12	44	45	76
210	1998-11-06	28	81	152
291	2020-07-15	95	48	76
242	2005-02-15	71	86	199
244	1945-05-11	61	99	41
259	1942-09-04	27	21	55
206	1973-05-08	84	40	54
289	1958-07-08	49	3	77
288	1949-02-20	97	26	59
201	1961-11-16	51	100	29
260	1966-02-01	89	53	121
267	1981-08-27	68	35	18
300	2010-10-07	27	78	19
216	2016-10-04	63	59	75
224	1954-10-04	10	92	200
259	1959-01-16	100	1	67
292	1942-03-23	73	72	64
255	2005-05-25	35	89	6
293	1986-11-06	83	50	180
296	1948-04-13	80	9	32
294	1990-10-08	79	96	101
247	1972-03-25	40	7	47
236	1958-11-10	92	37	17
253	2010-10-29	52	31	152
272	1990-01-07	19	17	28
263	1982-12-03	73	57	111
203	1976-04-22	67	20	3
226	1954-07-14	64	46	192
209	1958-03-11	79	15	31
207	2013-12-23	82	23	161
232	1964-01-16	54	1	10
243	1985-01-25	18	20	198
208	1994-09-27	86	73	49
230	1995-07-30	77	73	87
295	1969-05-06	87	28	111
