297	1971-11-24	2	14	175
269	2014-05-27	91	30	76
220	1971-07-06	12	14	21
271	1960-04-09	15	18	181
299	1994-09-14	43	88	138
300	1950-05-25	81	41	186
249	1940-10-27	78	0	170
226	1969-03-07	89	68	108
275	1995-12-28	79	78	154
252	1949-09-09	54	74	181
284	1970-05-01	63	80	42
268	1986-06-29	3	97	20
246	1977-06-18	67	44	141
224	1951-06-30	92	73	143
263	2005-03-06	49	29	23
290	1992-04-09	53	4	96
216	2015-12-15	7	95	34
294	1945-03-27	82	48	153
286	1984-03-06	62	98	195
218	2000-05-10	53	17	142
211	1985-05-27	6	3	111
287	2007-02-01	18	53	16
218	1965-03-18	12	44	108
297	1993-06-23	64	58	83
289	1959-11-23	69	48	157
252	1945-09-21	92	43	199
222	1995-10-14	19	80	197
212	1963-03-29	10	25	44
225	2020-04-20	50	9	98
284	1962-08-10	24	33	8
223	1979-12-07	30	95	140
246	1941-09-15	86	19	81
282	2007-04-06	14	80	144
260	1992-04-02	96	91	176
296	2003-05-21	65	72	190
205	1978-05-09	40	63	197
209	1945-03-14	11	29	16
270	2020-03-04	76	97	100
212	1942-08-09	10	0	32
212	1940-08-09	64	12	38
202	1977-09-30	67	59	171
250	1964-12-03	86	8	57
251	1967-05-26	56	51	199
206	2009-08-14	1	78	11
288	2006-01-12	30	57	88
245	2012-01-05	60	52	53
293	2011-03-17	56	53	92
296	1949-03-07	30	91	95
254	1967-06-22	70	62	41
278	1989-08-05	35	28	92
235	2008-07-27	81	48	64
229	1971-02-22	50	89	29
299	1948-05-22	70	26	46
226	1985-01-27	76	48	121
284	1951-10-05	84	22	146
287	1957-04-15	7	51	55
274	2018-04-17	92	39	130
260	1950-09-30	51	88	105
291	2007-06-04	17	20	30
289	2012-04-15	64	97	37
205	2014-07-11	60	87	183
276	1946-07-18	53	11	71
234	1941-01-23	96	50	111
277	1990-11-20	54	49	193
217	1990-02-14	41	54	62
297	2005-03-19	40	11	70
278	1951-08-31	55	83	17
243	1995-02-01	3	49	44
260	1952-10-16	43	8	187
248	1972-10-15	81	49	73
252	1992-03-08	34	3	124
280	1984-12-11	19	71	188
232	1986-09-04	70	46	69
207	1987-09-27	27	93	123
219	1967-07-01	21	20	51
213	1942-04-11	49	22	56
271	1982-01-10	59	61	165
219	1997-07-28	52	53	104
264	1992-07-06	75	97	22
238	2007-12-01	13	18	115
237	1971-10-11	34	91	121
273	1941-05-07	78	59	120
251	1948-04-10	87	93	192
256	1949-09-11	89	74	9
254	1991-10-23	96	47	58
275	2004-08-23	71	11	122
226	1954-10-22	66	48	102
247	2009-03-30	3	80	170
228	1998-12-13	32	89	110
264	1972-12-15	59	99	172
201	1988-07-24	77	61	176
216	1984-09-29	54	15	145
201	2003-07-25	76	90	188
230	1994-05-22	19	27	177
288	1953-01-07	16	18	103
213	2008-11-09	3	61	17
226	1943-12-12	74	88	49
271	1995-07-31	58	98	194
228	2014-09-20	62	31	169
261	1984-06-29	73	42	53
207	1960-08-22	84	35	26
229	1994-05-07	19	9	110
288	1958-08-04	83	46	127
275	1975-06-28	75	69	197
228	1945-04-06	13	5	89
258	2008-05-04	59	0	82
247	1986-03-14	83	21	47
280	1951-08-22	38	51	109
299	2008-04-16	93	75	150
218	1975-05-07	51	84	30
244	1974-09-04	35	12	89
286	1995-06-09	58	45	39
234	2016-06-04	22	13	108
283	1980-12-21	0	90	55
231	2016-11-21	46	5	129
272	1940-07-03	9	72	121
300	2006-03-07	89	1	42
230	2018-09-27	72	63	172
279	1947-12-24	88	33	177
290	1965-11-07	55	99	148
279	1984-10-17	51	72	86
294	2006-07-30	6	44	1
238	1944-12-13	65	5	22
249	2019-11-12	89	91	150
299	1979-05-05	64	73	57
238	2014-04-08	44	65	168
288	1958-03-24	54	100	29
250	1965-02-17	49	78	10
293	1982-10-10	81	72	148
234	1981-06-08	34	50	8
235	1993-07-03	65	100	89
250	1944-02-05	59	27	179
215	1946-12-30	91	97	13
251	1941-11-19	17	64	31
281	1977-05-22	35	93	54
254	1976-11-30	74	60	151
224	1954-10-08	43	50	88
270	1963-06-20	75	98	64
242	2019-07-26	93	76	159
217	1982-04-18	15	40	156
243	1953-01-29	22	61	76
297	1969-05-14	82	53	159
248	2015-04-26	93	97	63
