257	1968-11-06	55	77	193
255	1995-02-25	35	59	27
272	1973-08-08	78	100	124
239	1991-01-07	8	78	175
258	1967-10-24	93	15	192
276	1989-12-18	69	70	3
227	2018-07-24	98	30	159
237	1948-10-15	5	1	93
291	1949-07-21	20	48	159
227	1945-10-31	11	47	141
293	1979-05-08	66	19	121
205	1972-11-10	31	91	141
261	1961-11-23	100	87	12
250	1998-04-26	5	75	51
265	1969-11-24	5	89	49
293	1991-03-09	94	94	192
217	1968-06-13	43	25	188
263	1971-01-07	59	69	199
267	2001-08-29	34	10	110
239	1998-05-15	12	88	113
279	2012-07-08	97	11	42
212	2018-09-18	2	44	68
295	1994-05-15	45	55	167
226	1947-11-19	44	60	100
251	2013-07-18	11	58	139
266	1995-10-27	88	97	72
229	2002-03-03	46	53	68
236	1989-01-10	70	89	136
238	1976-03-10	52	19	168
210	1971-03-05	11	43	75
214	1942-03-23	94	45	9
238	1998-10-24	26	11	192
281	1996-02-03	29	40	154
259	1942-06-08	19	25	48
218	2015-12-01	34	9	88
300	1994-01-25	65	3	167
228	2005-10-07	49	21	169
263	1969-08-27	79	35	37
248	1965-11-13	56	39	93
261	1989-12-12	16	80	189
201	1999-03-16	87	18	139
274	1967-09-01	55	6	42
232	1948-09-18	16	75	145
243	1945-11-25	72	84	93
257	1942-09-19	48	53	122
214	1994-12-10	19	9	11
256	1999-07-06	16	66	168
299	1993-10-05	74	15	3
251	1977-02-27	42	81	168
259	1952-07-17	0	8	45
298	1999-02-27	95	6	82
238	1997-09-18	94	52	80
253	1949-01-17	76	5	27
293	1967-11-16	6	80	197
258	1958-03-04	35	49	114
240	1958-01-02	7	81	129
264	1948-06-18	92	66	43
268	2000-06-04	81	75	62
292	1994-09-05	17	54	35
263	1993-12-02	78	37	173
254	1993-12-14	88	20	133
257	1971-07-24	30	94	118
248	1992-10-05	0	31	91
257	2011-10-05	32	42	181
238	1940-11-23	20	31	8
248	1980-03-14	43	70	65
274	1954-09-17	28	95	107
236	1953-03-19	10	52	49
298	2002-04-09	98	39	54
235	1965-12-05	37	95	26
220	2018-06-10	27	49	19
207	1949-08-20	20	47	75
299	2020-05-09	22	68	152
279	1988-05-21	54	77	199
222	2008-11-26	55	80	142
228	1991-01-05	37	5	29
286	1959-08-17	21	43	195
230	1989-11-22	40	43	106
236	1989-12-20	87	65	86
221	1961-04-17	14	38	84
255	1992-12-11	100	58	201
243	2016-11-11	95	23	177
220	2011-02-15	70	87	199
260	1940-01-27	36	14	29
224	2001-02-06	1	42	73
204	2006-03-06	54	5	51
203	1986-07-11	63	87	170
280	1960-01-24	44	23	11
281	1953-03-25	42	71	37
246	2005-04-21	54	43	11
295	1965-06-29	21	17	121
289	1977-06-01	31	95	120
259	2011-01-24	43	62	123
287	1995-03-22	14	8	51
282	2002-04-07	4	57	120
300	1962-04-01	79	0	28
287	1949-07-12	4	39	103
270	1980-07-01	0	68	151
238	2001-11-15	84	26	109
232	2014-09-28	44	21	15
269	1967-01-30	20	24	156
239	1992-03-18	76	87	199
260	2019-05-15	59	99	4
286	1988-05-31	100	81	51
230	1959-10-29	88	76	34
253	1966-05-03	44	82	112
206	1973-04-13	58	39	19
236	1962-06-29	15	13	77
284	1952-06-15	47	28	144
224	1990-07-26	47	59	83
278	1940-10-08	8	60	144
286	1942-06-20	36	53	73
220	1992-06-16	34	93	117
213	1946-04-03	2	54	177
269	1983-02-04	91	17	152
256	2006-07-25	86	79	176
210	2000-01-21	31	52	88
209	1975-11-28	58	24	168
250	1953-02-24	90	23	57
248	2014-02-22	32	15	55
230	1989-10-14	64	8	76
202	1954-08-08	5	16	195
259	2003-04-14	39	13	41
251	2011-05-12	44	71	155
230	2006-10-07	52	99	173
209	1968-08-27	55	48	85
276	2001-06-01	89	15	181
249	1997-10-31	20	80	116
247	2002-10-26	18	31	12
281	1960-08-07	58	86	192
241	1940-11-20	77	56	82
268	2015-10-04	1	66	178
