243	1964-03-22	54	72	187
267	1950-06-18	28	12	43
295	2010-11-11	78	72	59
297	2002-05-10	50	47	28
294	1968-04-01	0	32	184
229	2019-05-01	71	37	196
249	1951-01-29	73	94	130
258	1972-05-09	65	35	32
266	1953-10-19	17	54	191
256	2009-05-16	91	91	51
240	1987-09-14	27	91	41
242	2004-07-21	61	94	127
264	1997-07-24	80	13	63
260	1981-05-13	61	74	135
250	2012-08-29	91	11	78
227	1969-08-27	27	10	190
293	2011-10-07	69	12	122
246	1961-10-28	53	100	162
207	1996-09-06	55	57	145
260	2001-08-02	9	52	65
241	1996-10-09	54	92	162
278	1996-11-06	58	77	148
237	1969-06-11	16	64	74
233	2018-12-02	36	99	74
276	1982-02-01	68	90	106
279	2018-08-14	77	66	2
300	1957-05-09	42	83	50
207	1946-08-23	93	6	83
273	1985-01-01	85	66	139
247	1976-01-19	4	75	111
233	1987-03-17	73	25	67
270	2010-07-09	97	59	174
291	2001-01-16	11	55	29
256	1996-12-01	31	26	3
234	1975-08-03	54	45	201
231	1997-03-28	67	0	100
286	1975-11-10	68	83	42
204	2008-11-17	59	22	77
262	2007-07-27	24	94	74
231	2010-11-09	97	15	179
271	1963-11-26	2	86	133
262	1972-04-15	18	6	145
249	1977-08-26	76	13	124
251	1959-07-11	81	95	13
271	1946-08-29	55	69	118
299	2020-07-27	87	80	25
281	1943-07-28	100	88	190
217	1955-11-12	56	75	163
246	1960-09-12	43	95	189
278	1971-01-09	17	70	128
245	2004-08-23	15	7	142
221	1989-12-04	23	49	84
226	2006-03-01	31	50	75
210	1987-11-22	87	82	199
250	1982-07-07	88	53	60
219	1993-08-20	37	55	109
290	2000-09-29	4	14	26
231	1948-05-06	46	89	68
281	1979-03-16	18	33	76
229	1956-10-30	49	41	145
205	1978-04-13	50	32	92
239	2011-01-19	86	16	145
279	2016-01-14	69	32	143
242	1970-11-06	30	10	163
269	1944-03-15	81	23	61
217	1990-03-13	35	27	87
205	2001-01-19	95	43	71
216	1940-05-06	87	90	16
278	1955-04-05	50	97	196
271	2012-05-08	98	52	12
211	1987-10-10	1	52	150
263	1962-10-09	51	83	59
273	1971-10-09	22	22	108
279	1946-07-03	75	14	35
249	1987-08-06	8	83	153
268	1984-02-28	22	82	39
207	1941-06-04	52	0	177
238	2010-06-25	12	11	176
214	1966-09-04	95	84	129
257	2004-12-13	29	54	114
227	1954-12-23	32	77	195
259	1999-06-08	65	12	111
243	1984-05-31	24	30	25
218	1964-06-02	49	7	17
234	1976-08-23	51	6	165
257	1963-08-20	26	58	185
268	2002-10-29	88	61	4
289	1956-02-17	15	78	18
266	1974-07-31	68	76	186
249	2018-09-30	14	70	185
273	1967-01-20	83	59	91
285	2011-05-05	56	75	82
252	2011-10-05	97	17	0
203	1953-02-11	94	76	150
251	1981-06-16	37	69	167
284	2004-05-23	16	85	186
223	1995-12-16	70	92	153
217	2014-08-02	6	68	183
213	2006-02-17	1	17	29
221	1994-01-19	31	90	173
232	2008-05-09	39	10	162
261	1941-05-12	44	78	155
212	2008-11-09	28	13	44
252	1940-11-15	71	56	171
204	1982-09-07	60	12	148
272	1963-04-18	88	16	153
290	1971-08-09	60	79	5
271	1945-11-18	13	27	181
246	1998-05-21	56	100	105
273	1940-05-28	37	78	129
285	1973-02-21	21	27	86
274	2012-10-22	35	52	116
203	1945-03-06	71	25	67
240	1985-10-02	1	70	67
230	2014-08-27	12	28	48
245	2008-05-24	28	49	74
249	1940-01-02	6	4	27
217	1999-11-05	71	40	146
221	1953-06-27	71	52	181
279	1945-07-25	64	27	22
208	1960-06-10	44	27	45
288	2003-08-27	23	65	149
245	2019-08-23	39	94	157
249	2009-10-09	29	14	105
247	1991-01-14	38	48	153
290	1955-01-01	19	52	110
242	1982-07-22	38	24	137
232	1963-12-28	28	43	117
265	1949-09-29	31	11	12
251	1992-04-21	29	72	57
235	2015-03-14	12	29	17
240	1963-09-11	9	81	123
276	1991-11-20	77	29	21
242	1959-09-24	55	52	3
258	1960-07-16	15	59	105
283	2001-10-04	78	22	84
285	1971-06-12	78	95	116
265	1977-10-31	72	71	170
278	1940-04-14	78	91	121
205	1978-01-11	32	82	127
203	1946-11-11	100	72	161
232	1977-04-14	85	90	21
206	1981-03-25	64	36	13
249	1966-09-26	36	16	63
266	1958-01-28	72	22	158
229	2016-12-04	67	30	40
258	1940-09-04	53	60	77
273	1993-10-28	89	14	192
231	1945-08-18	35	13	69
229	1972-10-03	77	68	166
204	1961-11-22	25	18	24
