230	1960-01-22	48	12	68
269	1993-08-13	47	72	109
258	2008-12-29	93	62	36
265	1941-03-04	43	90	199
210	1940-08-06	37	9	90
253	1975-08-16	5	3	146
223	1952-12-15	42	5	75
263	1962-01-08	79	13	50
277	2011-03-30	62	42	40
276	1994-05-25	82	51	120
298	1955-03-23	32	90	136
296	1948-03-10	68	88	150
232	1947-08-05	98	73	122
275	2003-03-29	7	80	163
277	1968-08-05	8	80	90
299	2000-07-25	56	78	16
280	2017-09-28	71	98	0
247	1980-08-31	48	97	178
231	1993-06-26	50	7	45
230	1987-07-01	84	46	36
201	1998-12-13	31	2	10
239	1975-04-26	12	94	102
279	1957-07-03	72	85	59
290	1975-11-22	9	12	126
205	1949-11-02	21	48	200
264	1942-08-22	90	44	34
265	1964-07-09	98	70	58
289	1966-04-08	84	15	58
232	1963-07-18	16	65	116
274	1988-04-21	4	72	200
201	1941-02-19	47	38	14
243	1970-04-02	53	87	161
289	1971-09-16	78	71	98
266	1981-04-12	25	26	168
261	2009-11-15	55	28	170
291	1944-06-06	11	22	41
274	1944-05-29	43	21	44
231	1944-04-28	74	95	33
212	1944-11-30	76	50	67
211	1991-12-07	63	22	109
229	1998-01-04	62	27	36
265	1999-01-26	79	30	32
211	1946-04-07	73	64	197
256	1958-05-06	50	69	136
283	1972-05-28	89	47	99
279	2000-03-05	26	73	64
235	1957-09-09	2	35	112
209	2015-05-14	35	13	30
205	1950-08-21	48	33	44
261	1978-07-19	80	3	57
250	1957-01-07	22	2	163
205	1992-04-26	0	40	87
262	1995-07-09	53	74	173
289	1971-10-25	91	67	58
291	1958-08-26	30	27	166
211	1988-09-04	43	86	122
208	2019-07-06	22	43	196
248	1997-11-30	85	20	28
299	1976-04-13	52	65	62
242	2018-01-26	80	12	91
255	1959-12-16	46	29	137
280	2020-07-26	79	46	52
240	1941-01-23	72	57	112
234	1982-03-02	18	60	137
260	1979-05-22	58	6	105
217	1965-07-24	59	95	127
252	1975-10-02	83	1	166
268	1984-01-29	25	16	125
240	1998-06-05	33	52	164
295	1974-10-09	54	44	149
258	1952-09-10	24	84	155
248	1949-12-11	51	85	183
216	1997-11-03	7	80	35
293	1942-11-09	90	44	27
211	1984-04-23	9	29	31
289	1995-10-23	31	52	88
258	1957-12-29	4	61	102
237	1968-01-07	42	7	116
269	1965-03-14	33	17	11
243	1978-11-03	7	29	123
252	2018-07-25	78	23	12
294	1977-12-21	100	32	93
262	2006-09-12	78	91	49
205	2013-06-30	17	84	57
206	1983-04-03	60	65	182
208	1942-05-22	80	11	86
216	1943-08-03	72	38	149
207	1987-07-25	82	52	155
263	2009-09-24	47	87	3
218	1950-09-21	84	5	50
280	2005-08-27	0	24	68
216	1943-01-15	64	36	53
251	1943-02-21	70	20	139
218	2005-01-24	19	78	46
254	1954-05-13	2	42	127
263	2019-08-31	87	85	108
278	1958-10-31	74	79	19
261	1986-03-01	33	12	193
227	1985-02-08	64	71	96
262	2004-11-22	2	1	62
297	1950-03-19	85	83	160
240	1949-08-30	88	29	57
287	1964-04-21	85	12	26
253	1957-02-14	30	66	118
256	1941-01-10	13	46	84
274	1994-07-16	73	77	150
251	1973-07-07	90	92	22
201	1940-07-12	22	76	19
247	1983-02-17	8	9	148
285	1980-06-05	82	62	159
245	1985-07-26	52	48	133
211	1977-10-11	17	88	103
292	1980-09-25	7	45	85
233	2010-12-26	19	87	37
240	1994-08-19	14	41	190
206	2001-06-21	91	6	136
263	2010-03-16	63	48	75
212	1994-04-09	88	14	183
261	1941-05-29	91	38	155
210	2012-02-02	62	54	83
282	1990-03-27	11	20	153
220	1978-02-05	60	72	35
262	1995-04-25	7	35	144
249	1943-01-03	93	90	99
214	2011-03-30	50	53	98
282	1942-11-26	93	93	100
218	2000-09-07	67	30	148
228	1961-10-13	10	5	54
258	1969-05-12	12	28	22
216	1999-03-14	50	67	111
212	1952-03-12	10	9	94
258	1961-04-02	18	2	143
298	1982-04-16	96	90	10
247	2006-08-07	22	45	156
261	1989-01-07	10	27	94
227	2008-11-04	66	77	198
272	1967-06-13	98	95	31
226	2010-04-13	43	85	71
282	1984-09-16	71	52	175
226	2005-04-02	56	25	162
206	1992-07-12	69	55	126
267	1946-03-23	10	100	170
201	1942-09-12	3	3	1
282	1958-03-26	18	58	141
262	1994-09-11	57	22	26
201	1971-06-10	20	24	29
282	1986-04-25	1	16	5
262	2016-03-18	14	6	97
250	1968-12-12	17	37	88
282	1971-10-02	16	37	123
298	1969-06-12	4	67	120
252	1946-08-27	31	96	173
233	1987-08-05	30	15	130
221	1965-08-25	91	7	90
258	2008-08-21	7	5	91
269	1948-06-17	84	33	100
244	1970-07-22	8	10	136
221	2017-02-07	3	82	122
202	2001-04-08	14	32	49
254	2014-04-20	24	68	73
299	1958-08-31	70	66	99
275	1960-01-14	94	14	131
229	2006-06-09	7	10	58
206	1995-04-23	71	81	194
228	1973-09-15	42	63	62
211	1977-01-09	74	96	120
279	2016-03-07	48	48	185
213	2013-09-20	79	0	6
244	1991-03-05	5	82	174
220	1987-05-30	97	74	65
274	1958-10-15	76	62	160
294	1956-07-20	34	44	64
246	1978-12-10	7	78	146
213	1960-03-29	5	36	32
218	1941-01-17	47	44	137
202	1981-11-02	90	78	172
215	2003-03-29	83	91	133
246	1969-07-29	86	42	179
285	2004-06-21	81	63	198
205	1941-11-16	17	63	44
247	1940-04-16	29	90	71
211	2012-08-06	9	78	32
211	1944-03-19	72	7	69
216	2020-02-08	0	52	56
274	1955-11-11	83	82	112
291	1971-10-08	30	94	192
226	1999-10-27	33	6	152
294	1961-09-08	66	43	20
238	2013-04-01	87	92	56
225	1957-03-06	18	73	174
206	1946-02-19	44	88	83
213	1949-08-22	73	29	49
297	2009-08-13	8	74	77
283	1982-03-14	30	0	150
254	1986-05-01	24	90	189
