214	2002-06-17	84	90	126
234	1959-06-05	2	77	117
244	1989-09-13	33	4	147
284	1959-02-28	52	82	199
217	1990-10-28	47	65	110
225	1951-07-19	73	24	151
204	2016-12-10	57	45	163
274	1941-02-07	39	74	165
243	1954-10-04	0	97	195
298	2002-12-10	9	39	20
300	2011-06-10	41	76	121
218	1973-04-13	41	35	173
241	1971-10-07	17	96	5
299	1948-09-01	72	70	129
263	2019-02-24	80	38	2
243	1998-01-03	36	58	112
244	1973-05-15	23	69	166
294	1976-09-04	30	31	92
272	1971-01-31	3	95	122
202	1981-08-25	56	4	125
253	2010-09-23	98	7	78
229	1973-01-25	4	3	25
242	1974-12-07	17	38	80
247	1998-04-11	0	54	74
242	1966-08-13	42	6	150
231	1987-10-14	50	76	195
249	1988-07-08	44	23	70
250	1990-01-15	2	88	57
288	1940-11-22	93	85	199
237	2014-08-13	61	75	195
297	1999-10-16	69	47	195
210	1977-04-11	39	48	56
272	2007-01-23	23	73	112
276	1963-09-15	44	28	180
288	1976-03-14	98	57	36
254	1945-10-05	18	98	197
245	1940-08-03	10	51	148
202	1940-06-28	50	82	130
218	1997-04-09	96	82	148
227	1997-12-31	96	23	116
232	1980-07-31	5	19	155
294	2018-06-12	13	98	6
226	2002-11-28	42	29	99
219	1967-11-27	13	93	12
278	1986-02-24	67	28	23
252	1941-08-20	36	91	26
275	1946-01-08	62	18	181
221	1942-08-11	20	77	162
205	1976-08-25	27	5	118
250	1979-02-03	58	5	167
244	2007-04-14	90	71	30
239	1957-03-01	27	2	63
225	2006-03-29	66	10	94
203	1983-07-19	82	10	127
298	1950-08-15	85	81	29
275	1983-03-07	10	88	45
247	2002-12-24	6	15	157
273	2002-07-23	85	63	115
211	2009-08-21	77	35	81
202	1982-03-30	29	69	185
267	1964-12-02	13	72	184
299	2004-08-25	34	78	182
292	1964-03-12	30	54	141
243	1998-01-23	0	100	87
209	2019-02-24	88	88	195
215	1944-08-04	17	45	137
275	1967-03-24	78	79	73
278	1997-01-24	33	8	196
281	1948-01-29	73	47	6
243	1999-08-15	65	47	52
227	1962-02-27	51	85	63
220	1975-07-15	90	79	162
298	1990-07-06	49	14	3
288	1956-02-20	71	66	24
224	1945-01-09	59	19	60
226	2003-08-23	74	47	106
296	2018-05-29	34	19	156
214	1990-06-07	100	31	98
279	1953-06-15	88	11	76
244	2003-02-04	4	58	27
273	1983-04-24	58	55	181
288	2015-07-30	62	86	52
248	1962-11-03	98	34	15
286	1998-08-26	91	5	18
205	1979-03-05	29	89	40
262	1988-01-29	4	40	164
293	1989-09-23	31	89	151
220	2005-12-19	76	43	194
288	1995-05-15	95	15	37
240	1949-07-18	8	98	164
233	2006-11-08	62	36	148
260	1947-12-27	1	26	173
217	1993-06-14	92	5	199
246	1990-04-25	24	40	23
284	1968-06-22	58	86	51
233	1963-05-06	88	6	77
286	2003-11-17	56	80	82
278	2010-07-16	76	7	71
270	1988-02-14	15	97	117
281	1949-07-17	38	76	118
257	1992-09-17	71	40	55
256	1951-10-17	38	67	114
222	1983-08-05	29	93	142
283	2012-09-20	6	38	78
212	2005-03-13	21	60	199
220	1953-10-05	95	39	86
245	1982-02-24	12	15	54
273	1943-07-01	81	80	100
277	2016-02-18	74	57	201
295	2019-01-21	62	89	179
251	1977-02-14	91	98	201
266	1992-02-19	74	16	77
237	1997-07-27	1	97	143
296	1982-01-17	90	19	22
216	1952-04-15	85	96	172
298	2013-01-11	61	83	40
282	1944-10-08	1	85	99
250	1975-03-28	53	32	152
246	1947-09-28	80	72	104
276	1996-04-03	15	17	70
270	1967-02-07	83	4	27
231	2009-01-23	94	49	88
259	2018-08-04	81	81	3
234	1969-12-07	72	21	69
226	1992-01-15	71	75	126
205	1994-03-13	49	66	165
221	1977-06-04	74	55	179
253	1988-10-16	68	2	117
265	1982-09-24	46	53	176
223	1999-03-09	27	9	171
271	2003-08-26	91	55	104
210	1975-03-11	11	41	74
265	1950-12-10	45	21	151
294	1994-08-22	42	81	50
252	1974-10-13	37	42	150
298	1976-03-23	22	44	22
233	1941-07-18	70	32	51
258	1972-10-24	49	16	135
264	1960-11-11	99	85	56
272	1951-12-26	3	80	143
224	2018-07-21	86	87	164
211	1994-05-10	93	93	97
229	1976-03-16	45	93	68
218	1956-02-09	24	93	108
261	1940-09-08	84	73	157
240	2018-11-12	73	63	160
223	2015-05-18	11	27	158
205	1972-03-25	63	54	174
276	1965-03-13	8	73	90
273	2001-10-02	42	20	89
258	1975-03-18	3	4	100
274	1978-04-13	98	15	154
244	1942-03-28	98	12	28
221	1967-09-12	82	22	126
220	1997-11-29	19	41	144
227	1941-03-28	37	78	151
262	1982-10-14	38	22	120
231	2010-07-28	31	68	184
225	1953-10-19	97	15	48
262	1943-04-19	94	86	168
257	1973-05-01	70	97	164
250	1986-05-23	30	85	193
234	1940-02-19	83	95	130
238	2002-08-22	2	53	75
202	1964-07-11	40	10	110
