292	1945-01-27	83	76	89
212	1959-01-10	8	81	160
287	1949-07-27	30	21	82
291	1957-05-11	73	7	170
287	1961-02-26	85	43	45
288	1969-03-29	89	2	77
228	2003-08-02	43	85	124
286	2012-07-22	71	23	77
217	1949-12-28	26	15	4
270	1998-07-18	26	26	2
219	2006-10-22	37	17	86
242	1940-11-12	23	60	33
214	2009-09-29	13	93	1
264	1951-08-15	13	57	119
264	1980-02-10	81	83	159
296	1975-12-30	40	68	92
213	1995-09-29	24	100	10
291	2001-12-27	22	85	55
245	1947-11-20	81	23	65
205	2020-08-13	47	43	47
247	1984-08-05	38	11	78
251	2017-01-16	40	42	148
260	1956-03-05	84	23	63
247	1961-01-14	42	39	87
234	1984-06-02	97	72	13
299	1998-04-03	6	30	128
258	1966-11-22	95	95	125
233	1981-05-22	64	21	15
257	1976-10-01	61	34	128
248	2015-11-02	96	39	79
297	1980-11-18	93	97	78
261	1967-03-22	43	83	69
252	1961-05-15	83	19	195
300	1967-04-26	37	12	74
212	1942-08-04	36	63	129
250	1975-06-07	46	10	9
212	1952-06-30	94	16	26
232	2015-03-23	44	94	47
222	1949-06-28	9	61	29
265	1945-07-09	8	85	107
224	2015-09-05	89	12	37
288	1956-01-14	51	70	10
251	1991-01-18	60	95	2
256	2013-09-27	36	17	46
209	1965-08-27	64	92	66
300	1986-09-06	80	63	26
237	2014-03-22	85	84	128
299	1972-09-01	95	22	103
203	1955-01-16	70	3	174
272	1985-09-13	4	33	152
228	1977-06-04	85	3	47
248	1959-07-02	52	3	8
236	1949-04-27	44	50	136
289	1974-09-12	72	66	190
208	2020-03-29	19	45	37
215	1979-05-25	42	98	39
254	2018-03-11	84	68	169
297	1950-07-26	41	40	152
258	1945-12-16	20	90	32
267	1995-06-24	10	100	92
246	1974-01-31	81	77	48
232	1962-08-09	81	97	148
209	2017-06-05	7	80	66
207	1988-09-21	9	11	173
214	1996-03-09	53	80	156
231	1964-05-26	89	13	173
273	1989-07-13	39	58	76
263	2001-05-25	28	75	44
217	1940-04-07	15	41	112
216	1943-03-12	68	100	36
248	1966-09-13	35	57	150
212	2004-11-03	45	15	5
256	1969-05-01	80	23	115
221	2015-12-24	100	89	191
277	1989-10-28	88	62	163
244	1950-11-17	86	83	143
289	1961-08-29	66	17	137
211	1955-06-26	31	65	24
293	1958-08-15	87	51	136
275	1951-12-01	40	59	70
212	2012-06-23	75	22	21
245	1956-01-30	97	6	24
249	1947-07-31	71	13	2
276	1968-05-26	29	10	141
261	1966-03-03	83	15	34
201	1995-05-20	18	47	156
209	2002-11-27	84	29	83
276	1968-11-15	65	35	30
210	1978-11-06	21	17	133
294	1999-06-25	77	32	114
288	1989-08-31	62	20	154
204	1950-02-21	54	81	72
234	1982-01-26	60	35	177
261	1998-10-08	92	38	200
204	1980-05-16	37	24	96
228	2017-07-18	59	91	80
293	1970-12-08	12	10	56
227	1989-05-06	45	67	22
275	1947-11-05	6	20	195
228	2004-08-02	4	76	3
283	1951-11-30	87	50	184
240	1976-12-17	6	40	166
230	1999-04-01	65	60	174
219	1945-03-22	60	53	45
286	1969-02-22	95	22	179
260	1991-10-05	65	98	43
241	1948-09-26	74	99	33
256	2017-12-25	81	73	160
293	1960-06-17	47	20	69
251	1993-09-30	25	28	107
209	1941-11-02	51	73	24
238	1955-04-30	40	26	158
292	1945-05-22	35	51	187
291	2009-07-29	59	37	61
269	2020-07-25	65	40	83
253	1986-05-29	55	93	21
241	1991-11-19	95	58	149
252	1969-03-01	91	82	159
282	1945-12-08	66	26	53
267	1940-01-09	100	84	71
294	1972-07-31	65	47	150
243	2020-04-27	87	41	123
277	1977-04-17	51	44	150
238	1957-02-22	19	65	106
253	2006-05-05	14	68	33
261	1957-11-25	10	79	162
259	1956-01-17	82	77	86
297	1994-10-10	63	61	45
236	1985-05-09	81	12	124
279	1983-03-28	76	17	54
243	1960-09-06	1	23	144
206	1953-06-21	78	58	196
262	2002-05-30	14	53	156
208	1940-06-10	40	93	41
251	1941-03-24	68	65	68
233	2013-12-22	32	75	0
296	1975-10-28	16	80	56
273	1977-11-09	48	32	131
225	1974-07-19	24	59	188
213	2019-05-18	43	60	151
226	2008-04-10	19	77	70
222	1955-12-31	8	18	170
260	2016-07-02	91	71	145
286	2006-03-29	24	74	59
288	1949-03-12	37	100	9
267	2016-09-09	67	11	8
281	2008-02-15	85	73	70
215	1946-01-28	31	88	198
246	1965-09-30	87	15	46
295	2005-07-09	60	8	39
271	1986-02-05	14	72	4
239	2018-04-15	17	47	71
208	1992-03-28	42	27	189
270	1998-12-27	66	6	109
299	2012-08-23	24	71	63
260	1942-01-16	54	96	157
235	1999-07-02	78	58	57
230	1997-07-30	97	26	148
291	1990-12-31	45	70	167
295	1966-05-18	48	24	31
278	2010-01-28	44	58	42
233	2008-01-19	15	82	128
277	1986-11-03	58	74	179
205	1953-09-22	99	18	165
247	2003-04-12	24	7	93
205	1973-07-20	75	52	158
251	1946-05-24	18	24	38
214	1982-04-22	96	15	68
267	2012-07-01	19	8	104
251	1974-10-11	54	15	59
266	2012-11-28	66	23	56
255	1987-01-19	59	72	19
227	1997-04-18	100	40	64
300	1965-02-11	75	66	119
238	1995-04-04	16	18	0
267	1956-02-07	6	25	184
272	2013-10-11	31	2	132
251	2004-12-30	7	10	159
293	2013-02-12	87	27	20
253	1982-12-13	60	63	188
206	1948-11-19	84	59	13
267	1954-08-09	34	37	118
210	1955-07-16	68	15	171
265	1950-06-10	96	65	183
218	1944-10-08	85	27	19
232	1987-02-08	24	93	35
217	1987-06-13	85	52	76
296	1987-08-08	12	94	142
254	1975-04-03	85	95	51
293	2003-01-09	58	32	80
221	1949-12-29	83	18	67
254	1973-03-04	89	57	39
265	1957-01-19	81	62	64
264	1998-03-25	69	62	75
227	1957-10-27	39	73	143
226	1981-02-03	90	2	7
222	1962-05-23	23	100	80
251	2019-07-16	24	97	171
280	1955-10-11	15	38	51
249	1966-04-09	47	4	149
270	2009-05-29	6	84	6
223	2003-03-19	47	79	1
255	1998-11-03	2	34	11
290	2014-07-14	10	17	6
294	1953-03-22	87	34	146
237	2000-08-04	55	77	2
254	2006-11-19	98	63	134
252	1993-11-11	62	64	25
261	2010-06-12	72	49	135
240	1990-08-19	43	81	70
216	1944-06-15	68	91	194
254	2012-08-02	75	73	150
212	1992-09-12	45	10	165
234	1994-07-21	26	42	18
287	2008-02-19	6	37	188
297	2015-03-29	64	100	129
291	2018-04-15	42	70	142
296	2009-02-16	42	71	55
249	1976-09-27	78	81	9
229	1969-10-30	9	65	141
268	1977-08-31	83	98	89
215	1998-10-09	29	37	110
223	1981-01-27	16	32	25
217	1956-03-30	98	4	172
221	1982-09-09	41	26	133
249	1983-10-01	72	21	198
201	2010-06-13	94	5	103
215	1977-03-22	22	44	34
269	1951-06-27	27	72	164
225	2009-12-27	74	35	89
299	1966-09-01	90	28	55
248	2011-05-06	45	15	53
210	1981-05-06	91	8	147
216	1994-10-07	95	3	81
212	1994-10-16	32	69	159
286	1988-10-20	35	53	159
272	2018-04-24	71	60	17
225	1941-08-17	58	57	108
285	1985-01-05	98	80	157
283	1949-03-01	7	42	161
216	1949-07-04	6	57	80
208	1999-04-19	89	81	56
204	1963-07-28	92	15	149
218	1958-10-09	36	1	34
260	1954-05-25	84	61	157
300	2008-11-24	34	44	188
231	1980-04-05	67	70	48
296	1960-02-25	85	47	143
273	2001-08-18	95	69	38
269	1970-12-09	26	70	168
280	1957-06-09	23	26	187
249	1973-02-15	92	87	29
239	2006-06-16	27	69	73
281	1941-02-12	45	86	141
256	1998-04-21	3	55	99
251	2014-03-27	35	91	155
253	1989-12-12	42	34	105
253	1943-12-26	74	2	7
256	1956-09-04	15	71	71
227	1995-05-02	87	33	93
211	1966-05-19	30	62	26
239	1970-09-11	41	36	154
290	1992-02-09	34	76	73
291	1980-10-05	77	93	133
272	1953-03-21	74	45	49
260	1992-12-08	33	95	174
233	1941-01-08	50	91	155
257	1991-08-06	21	49	125
246	1981-10-02	55	3	32
220	1942-09-11	13	39	116
256	1974-04-02	99	8	43
227	1961-09-11	37	22	75
217	1985-02-16	71	49	156
299	1982-01-07	100	61	87
226	2004-10-03	87	54	95
244	1975-12-31	94	81	167
281	2009-11-08	93	92	170
294	1964-01-05	53	96	53
267	2005-01-17	63	22	61
203	1997-02-19	38	46	9
272	2014-06-09	0	48	66
289	1994-12-19	98	24	183
250	1997-12-18	25	99	34
264	1975-03-29	70	11	110
284	1988-07-21	56	0	132
233	1981-07-29	38	8	9
