265	2001-09-04	68	80	76
226	1983-07-10	57	4	144
298	1947-07-14	86	59	76
297	2015-10-07	74	57	117
280	1960-02-11	64	81	39
243	1950-12-22	84	2	49
283	2008-07-28	83	54	159
218	2018-06-23	87	44	106
297	2019-06-21	66	61	68
229	1944-03-07	54	83	25
292	1947-11-20	49	63	194
272	2003-09-11	53	86	112
270	2011-03-27	70	26	34
224	1981-09-23	42	34	127
215	1965-02-22	35	65	96
236	1974-12-28	48	14	153
220	1971-09-24	26	69	43
284	2015-06-30	73	8	58
246	1987-01-17	63	80	68
224	1988-03-25	6	74	152
238	1943-03-24	77	16	177
263	1952-07-11	28	79	125
235	1966-07-03	25	60	114
260	1946-02-03	68	13	157
221	1947-12-16	60	28	137
242	1948-05-21	98	84	193
281	1987-06-21	88	25	24
244	1951-06-29	30	83	190
203	1990-01-03	14	60	151
205	1945-07-09	60	34	123
224	1970-01-08	38	46	65
285	2010-01-09	35	24	23
228	1965-09-24	44	67	133
299	2013-04-26	86	12	169
281	1962-09-14	36	92	129
216	1964-01-03	73	4	141
284	1966-01-17	73	25	160
271	1972-05-18	22	89	198
275	1970-02-27	17	89	183
240	1967-02-27	24	73	52
287	1940-04-18	45	21	14
203	2012-10-22	81	97	189
242	1986-06-01	62	5	133
245	1956-11-24	19	92	94
268	1957-06-21	77	24	58
216	1940-03-25	4	2	119
237	1981-10-02	17	61	48
296	2000-10-27	93	80	168
299	2012-05-09	30	13	130
234	1971-10-27	30	86	79
219	1995-02-09	61	91	101
261	1940-12-10	71	11	45
221	1985-03-08	35	4	14
239	1940-06-08	97	1	130
290	1962-11-11	3	29	75
299	1993-02-22	8	55	125
228	1954-01-15	95	51	167
265	2008-04-15	75	74	128
300	1945-09-30	62	21	35
227	1971-03-08	50	49	61
246	1968-07-10	35	10	192
278	1981-07-17	76	74	47
293	1974-12-09	74	25	132
296	1961-04-26	28	54	28
236	1945-07-31	14	10	131
297	1956-02-26	4	51	103
265	1995-07-11	99	38	144
210	1958-06-06	95	94	101
298	1997-03-04	45	37	157
233	2012-01-15	40	89	184
276	2011-11-26	69	18	74
270	1969-07-08	84	71	3
227	1982-12-28	93	84	39
232	1982-07-02	65	0	140
235	1998-02-27	60	53	56
253	1976-02-20	74	27	99
219	1982-04-30	82	68	167
206	1965-05-06	12	93	8
236	1979-05-21	65	58	135
201	1988-07-17	53	93	117
226	1942-08-24	84	17	107
204	1995-07-29	8	11	80
253	2009-06-04	48	17	108
295	2003-10-09	90	81	106
239	1974-12-03	0	85	105
232	2001-05-05	45	8	185
249	1951-06-25	14	14	156
287	1967-04-30	25	26	28
289	1978-02-01	99	15	105
202	1974-11-29	54	89	100
271	1960-04-26	64	96	49
230	1973-07-02	45	86	11
251	1989-01-29	94	2	101
299	1999-05-06	46	4	65
245	1978-02-20	12	50	48
252	1979-09-11	25	49	114
258	1973-04-17	71	79	154
223	2014-12-31	82	57	168
238	2016-08-11	44	23	75
211	1980-12-19	54	80	149
225	1987-03-26	92	53	148
269	2015-03-20	60	75	142
292	1942-01-05	94	82	27
218	2004-12-29	57	69	138
214	1972-10-18	31	56	92
242	1998-02-06	34	39	101
276	2017-04-14	3	95	61
277	1974-09-02	25	69	23
225	1980-05-09	85	45	122
247	1992-07-31	0	88	168
242	1981-08-02	64	25	21
246	1968-12-14	8	56	33
204	2001-04-10	82	57	184
251	1995-10-16	88	24	154
256	1960-01-01	59	85	122
226	1992-09-26	63	38	77
210	1954-05-07	12	25	120
295	1989-07-28	46	42	118
212	1970-05-24	17	44	89
292	2018-01-26	99	20	175
231	1956-02-08	94	33	87
300	1977-08-15	26	55	158
224	1982-11-28	40	36	185
274	1988-03-08	32	90	193
241	1998-03-01	91	75	36
205	2007-08-05	33	44	130
242	1998-04-11	88	50	183
284	2002-07-06	87	82	136
258	1978-04-25	70	1	65
279	1962-05-20	81	17	80
216	1999-12-30	73	43	106
222	1969-05-03	51	64	35
202	1964-12-08	16	65	143
272	1969-11-30	98	49	6
260	1970-04-30	93	4	171
205	1953-11-29	1	19	55
264	1949-01-14	91	77	201
210	1967-04-28	18	94	48
288	2019-02-12	84	35	19
226	1951-01-27	1	2	141
219	1949-01-20	37	21	139
261	1946-11-08	80	51	173
224	2006-09-25	43	85	161
276	1973-06-07	30	91	15
232	1978-12-15	46	77	101
277	1997-05-30	88	35	94
263	1969-05-03	32	8	151
227	2005-05-21	53	0	61
219	1991-02-22	28	29	157
206	1960-08-16	51	68	179
207	1971-02-03	64	82	201
240	1966-03-31	72	98	46
271	2008-05-23	8	75	69
208	1976-02-06	18	47	152
214	2007-06-03	69	22	109
282	1953-10-29	53	4	68
228	1997-07-10	18	18	197
264	1997-05-28	81	62	41
286	1956-07-01	84	75	4
263	1989-11-01	35	2	109
241	2010-03-24	3	41	193
266	1941-01-25	59	11	1
255	1993-04-25	14	62	89
297	1953-11-24	65	76	58
270	1997-03-01	96	21	165
280	1993-11-24	99	59	7
251	1993-12-15	91	63	52
226	1962-11-08	68	45	0
226	1957-03-29	56	93	119
245	1997-11-30	91	10	198
259	2002-04-29	19	47	158
208	2018-03-14	39	59	22
222	1959-10-07	86	68	190
275	1971-09-28	39	36	71
218	1998-02-14	62	33	12
274	1963-07-16	12	33	11
213	1957-03-30	99	7	146
210	1963-03-14	38	21	137
261	2016-09-07	14	66	120
291	1971-11-14	29	69	125
207	1944-07-13	72	91	38
265	1981-03-11	6	98	73
209	2018-06-12	79	91	198
256	1974-07-29	47	52	163
261	1977-08-19	85	31	179
205	1975-01-06	49	6	170
242	1941-08-15	37	12	54
216	2019-10-28	86	59	35
300	1984-09-08	95	96	48
266	2012-07-15	25	20	13
236	2012-05-13	28	30	46
234	2015-11-20	37	92	38
285	1998-01-21	0	100	94
207	1963-05-24	6	37	181
279	1999-12-18	0	24	142
225	1966-12-07	54	20	58
299	1945-09-15	99	13	71
291	1953-06-19	71	11	55
257	2018-10-02	84	98	169
248	2016-05-06	8	39	105
209	1963-04-06	20	29	162
261	1958-06-11	59	100	109
222	1976-04-30	91	50	28
210	1970-09-25	54	6	165
278	2020-08-11	7	43	73
269	2006-12-27	93	35	178
295	1975-03-17	29	61	35
280	1978-07-04	64	80	12
216	1968-07-06	58	46	28
203	2019-07-02	94	48	34
204	2005-08-12	23	8	98
239	1971-02-01	96	86	9
203	1990-06-07	86	85	73
298	1958-12-20	53	96	173
201	2002-05-18	23	90	186
227	2003-10-10	85	1	12
213	1970-02-23	16	53	34
297	1968-01-08	34	62	172
244	2002-04-29	17	12	160
273	1978-08-23	20	41	26
223	2000-03-06	35	32	169
225	1961-06-10	97	50	187
218	1960-03-16	66	54	192
226	1960-09-17	67	41	153
294	1976-10-19	11	37	16
245	2002-02-27	55	14	153
299	1949-06-29	23	89	114
221	1994-02-07	27	72	117
286	2018-05-21	82	21	11
289	1950-12-25	28	51	142
212	1949-01-09	91	77	141
257	1951-08-06	14	60	35
205	1982-08-21	96	50	32
291	1990-07-26	42	1	186
216	1983-10-28	72	60	191
221	2016-01-28	17	18	149
254	1984-12-09	4	80	32
262	2013-07-18	92	20	29
213	1984-07-29	22	98	66
294	1976-10-24	38	82	147
245	2011-09-26	100	4	22
275	2017-03-30	24	67	57
275	1978-09-27	86	71	63
258	1947-09-12	84	84	45
210	1969-10-20	25	15	26
251	2002-06-06	69	70	139
279	2019-08-25	2	44	118
218	1940-02-05	63	34	183
213	1983-02-09	28	68	98
233	2009-05-12	64	85	179
240	1972-01-06	99	83	12
293	1966-10-17	25	22	177
244	1994-11-05	45	37	101
231	1999-01-02	93	31	108
216	1978-05-30	55	29	27
271	1950-08-26	7	60	16
264	1972-07-31	91	39	191
