214	1978-09-01	32	0	3
268	1976-02-01	90	89	79
281	1958-05-29	43	23	26
244	2012-08-14	85	24	16
257	1979-02-18	67	41	163
233	2018-07-05	34	93	103
220	1956-02-24	83	65	141
225	2000-12-13	15	30	167
221	1966-11-28	82	100	28
282	1984-06-16	61	95	18
297	2006-11-25	56	4	148
284	1952-07-22	2	83	35
268	1985-10-04	71	47	77
221	2000-01-31	24	67	128
281	2016-02-10	78	87	128
229	1975-11-28	35	51	159
272	1989-11-08	9	93	53
236	1961-12-06	57	70	119
250	1955-07-26	68	68	181
270	2003-09-04	59	40	173
224	1946-07-23	19	45	143
202	1952-09-22	66	95	145
275	2004-05-01	82	18	7
295	2007-01-15	21	95	153
288	1976-06-27	28	7	59
275	1950-06-26	45	44	7
285	2008-05-22	61	35	84
290	1998-05-23	5	17	162
222	1943-01-09	33	92	94
272	1947-06-22	74	15	99
240	1999-04-05	42	56	54
210	1985-06-13	39	88	137
296	2010-07-17	43	36	103
294	1980-09-21	98	27	31
257	2019-06-09	49	56	158
249	1946-09-24	84	67	65
222	1969-11-15	31	40	195
238	1942-10-22	44	72	25
229	1985-05-10	19	17	93
232	1976-02-29	25	90	19
285	1978-08-10	0	65	51
259	1966-03-20	83	16	7
237	2003-07-14	85	22	5
220	2017-10-24	38	45	24
214	1992-11-14	53	58	57
292	1961-01-22	70	72	97
229	1966-04-30	85	78	200
226	2010-01-08	59	30	41
288	1955-07-09	1	49	168
222	1983-06-04	44	15	101
225	1978-06-28	72	70	58
288	2012-08-22	99	24	65
296	1942-03-08	64	55	54
284	2005-05-12	72	38	165
272	1979-01-19	68	47	31
250	1944-03-19	81	29	44
230	2005-10-29	47	14	121
293	1980-09-09	82	58	31
252	1945-04-20	68	51	55
257	2000-08-06	51	13	6
253	1963-10-17	80	28	48
234	1999-10-18	54	96	137
248	1943-12-10	22	58	125
231	2006-10-13	84	17	83
237	2000-10-07	69	54	146
278	1998-11-08	19	38	4
280	1981-01-09	7	19	59
272	2018-02-12	50	96	100
257	1958-03-10	4	46	158
251	2003-10-24	67	59	23
245	1940-04-07	79	41	59
256	1949-02-10	76	96	55
278	1958-04-05	23	90	153
206	1943-09-26	8	80	9
238	1977-12-22	17	49	157
282	1992-11-09	20	68	152
284	1940-10-26	78	87	42
212	1958-03-23	20	50	95
232	1951-09-20	19	76	120
274	1985-02-07	88	91	171
237	1949-10-31	52	71	121
261	1950-05-02	53	87	121
215	1949-05-01	5	34	129
226	1999-08-06	27	56	47
232	2010-09-23	73	72	161
244	1962-03-28	46	14	42
270	1971-11-21	20	52	63
279	1999-04-03	94	82	66
257	1973-10-22	7	78	85
240	2012-05-09	5	10	160
260	1966-07-22	3	5	23
236	1963-03-05	70	83	101
246	1996-06-03	57	28	126
263	1941-08-12	47	29	146
264	1999-01-02	43	50	107
237	2009-03-14	68	22	140
208	2002-03-02	99	30	5
205	1976-10-11	78	18	177
300	1963-05-11	17	65	4
221	1954-12-15	64	57	191
281	1975-07-12	97	38	130
243	1971-08-19	69	64	118
267	1967-11-25	75	41	182
213	1986-05-22	68	69	81
289	2005-11-13	2	0	6
