256	2000-11-09	78	95	114
279	2001-01-02	25	75	95
249	1968-03-09	55	84	50
228	1989-05-07	12	3	166
210	2000-09-27	88	82	194
283	1985-08-02	26	0	39
278	1983-05-12	60	41	1
292	1980-05-26	63	81	132
272	1974-12-08	78	4	121
254	2008-06-29	56	10	3
261	1947-12-16	81	95	99
234	1990-04-11	13	48	40
276	1984-05-01	3	57	200
250	2005-05-12	46	67	73
241	1999-03-30	58	95	184
249	1981-05-04	11	48	80
237	1949-12-24	38	76	115
253	1984-11-10	92	21	177
296	1995-07-09	9	12	35
261	1992-06-11	57	26	76
234	1964-02-27	87	37	3
298	1980-01-31	4	80	114
230	2000-03-07	8	32	54
300	1941-12-29	1	15	194
229	1968-06-05	6	62	17
232	1981-01-31	61	32	111
285	1993-06-04	23	79	50
298	1971-07-31	2	87	194
235	2012-01-28	100	31	47
213	2017-04-14	75	2	79
271	1991-07-31	49	44	12
257	1965-11-09	38	41	60
265	1976-11-11	82	7	172
236	1957-05-16	71	58	44
237	2001-05-23	37	39	172
246	1953-12-12	45	32	149
255	1974-01-16	68	2	179
257	1991-10-20	88	55	172
274	1989-10-18	37	77	54
207	1970-09-29	92	70	182
290	2004-09-05	37	70	139
274	1991-10-19	4	91	116
263	1946-12-02	17	89	35
265	1953-08-07	83	1	131
294	1959-02-11	46	58	74
292	2005-03-01	89	3	2
248	1966-03-08	16	96	145
292	2008-01-31	57	92	184
264	2006-08-10	77	72	32
251	1944-02-13	68	27	153
214	1950-11-25	22	15	156
228	1999-10-08	48	14	70
289	1979-12-23	3	43	142
261	1973-08-27	82	96	48
257	1994-09-20	47	67	83
268	1953-08-22	70	13	6
291	1962-03-02	20	82	20
271	2017-05-29	71	23	93
279	2019-11-30	6	45	84
283	1953-08-02	58	17	183
229	1960-10-02	69	14	73
287	2010-04-20	84	48	194
294	1960-10-16	79	52	170
283	2007-01-28	3	78	26
279	2015-02-13	97	90	19
285	1946-09-26	51	79	199
269	1975-06-08	62	66	99
274	1996-06-21	22	57	166
209	1960-02-03	81	80	195
237	2017-10-04	89	15	64
204	1976-10-11	72	61	33
228	1944-07-04	15	86	125
252	1993-05-16	9	70	177
265	2010-03-29	49	18	170
255	1949-10-17	20	63	74
264	2019-09-27	33	44	41
211	1946-08-08	73	97	190
277	1969-01-14	5	24	156
287	1947-10-21	6	64	63
204	1954-06-03	46	1	63
243	1979-05-16	54	50	165
216	2000-10-02	29	34	117
275	1992-07-24	4	75	8
245	1966-10-22	60	28	60
235	1972-06-03	41	93	65
260	1948-09-25	1	83	149
284	1957-08-04	24	92	77
274	1972-05-10	34	90	112
248	1998-10-06	81	97	68
273	1943-05-29	4	0	86
251	2009-10-03	26	21	21
249	1982-01-19	42	39	52
222	1995-10-27	75	35	7
226	1963-02-08	62	59	140
240	2017-11-17	18	58	42
252	1953-09-22	76	32	61
266	2014-01-10	70	69	152
252	1963-07-15	15	3	174
294	1948-06-07	31	24	6
212	1941-09-25	48	3	99
297	2019-12-19	49	89	139
228	1960-11-26	89	24	73
214	1999-05-13	28	90	68
267	1943-10-30	12	60	5
226	2017-09-10	89	31	89
222	1950-03-17	53	30	44
278	1974-06-23	13	56	137
209	1944-07-20	9	78	29
266	1982-11-23	26	60	48
242	1979-12-11	76	59	28
275	2002-03-26	19	49	25
241	1943-11-24	82	95	25
235	1990-07-15	54	5	103
283	1955-10-04	75	17	67
248	1967-05-19	29	46	94
205	1967-02-22	90	84	121
255	1984-10-09	36	7	42
272	1980-01-06	44	67	132
288	1984-09-22	22	3	9
217	1941-12-04	95	13	188
237	1971-09-29	29	6	21
227	1983-09-24	97	27	123
267	1996-11-25	77	54	65
252	1973-08-25	34	3	154
236	1998-05-24	77	37	116
249	1950-04-16	45	41	39
276	1985-11-05	31	27	120
286	1954-04-03	83	93	186
251	1960-01-26	47	68	182
234	1993-09-24	1	11	13
201	1981-10-06	57	6	8
245	1982-11-20	51	100	133
221	2010-12-14	49	36	56
290	1952-12-12	75	64	169
206	1965-08-18	30	65	188
219	1955-05-11	92	52	165
268	1994-07-19	15	86	104
216	1956-12-03	1	6	142
290	1948-06-14	93	32	182
224	1946-10-03	5	76	197
264	1965-07-29	56	85	182
247	1967-06-13	53	50	34
213	2001-07-20	46	17	150
236	1974-02-04	83	49	21
246	2000-05-13	76	29	67
227	2004-04-30	20	32	142
258	1988-07-05	33	76	35
215	1990-01-04	94	51	129
285	2004-05-28	39	52	74
248	1946-07-11	86	73	30
210	1951-10-08	23	47	24
299	1964-05-17	29	63	66
229	2017-05-09	49	66	38
209	1982-10-23	34	31	58
290	2004-11-03	73	71	123
233	1984-05-09	48	56	36
246	2007-03-15	51	62	121
250	1951-08-22	92	95	131
299	1994-09-12	6	73	111
225	2008-09-30	91	77	121
297	1988-10-25	41	90	78
219	1963-10-20	31	16	82
261	1955-07-25	56	79	79
211	1987-04-11	64	96	118
238	1948-03-30	61	45	116
279	2000-12-02	27	53	188
269	1979-09-01	1	26	82
282	1996-11-27	35	78	109
235	1979-04-02	32	59	200
275	1954-12-22	69	40	167
206	1998-06-27	49	44	72
285	1941-09-14	84	82	85
298	1962-07-24	60	4	72
291	1971-03-21	67	67	26
231	1973-02-19	66	28	172
205	1997-10-31	47	62	183
237	1983-08-27	90	63	92
268	1980-05-18	48	30	35
236	2012-02-26	80	93	63
201	2012-12-23	18	5	87
277	2005-04-14	21	20	81
279	1948-01-12	40	7	114
242	2013-01-27	66	63	115
262	1964-01-20	14	94	98
245	2002-11-23	80	11	28
270	1973-04-26	93	87	120
283	2011-11-09	65	78	20
219	1942-01-19	17	96	128
217	2009-10-15	11	69	124
279	1969-11-06	45	13	138
244	2009-08-18	31	82	161
201	1940-07-30	36	39	105
246	1983-07-13	19	30	144
221	1976-08-17	53	62	148
290	1957-01-11	40	57	171
205	2000-09-18	83	73	87
298	1955-05-18	56	31	48
256	1978-12-12	51	87	96
239	1944-03-10	50	55	9
298	1953-03-20	1	39	76
273	1972-02-18	68	30	67
290	1946-10-30	95	36	109
289	1955-06-06	4	40	96
264	1999-12-23	69	72	109
209	2018-03-27	13	74	144
276	1990-10-08	6	99	5
280	2019-06-20	12	52	138
300	2008-07-31	3	30	41
237	2003-07-25	27	36	152
246	1954-11-07	45	30	116
276	2016-05-24	38	42	195
246	1956-05-11	75	1	145
233	1986-08-05	90	97	105
263	2019-08-17	28	43	109
255	1982-08-06	25	25	199
237	1974-12-15	2	73	143
218	2004-10-12	92	92	172
298	2016-06-03	49	37	35
278	1984-02-17	25	15	14
232	1987-05-29	11	34	122
226	1953-11-01	75	67	126
262	1971-05-13	29	49	177
207	1977-04-17	23	21	184
265	2007-04-25	68	59	174
261	2005-11-29	57	80	4
288	1952-11-26	54	24	5
210	1951-08-25	70	37	6
297	2008-06-03	38	73	188
280	2013-07-23	16	15	100
267	1944-10-23	9	44	21
260	1966-12-09	79	84	183
245	1994-06-28	26	63	101
243	2016-07-28	22	44	188
300	1993-11-03	29	69	174
242	1943-11-03	98	42	2
208	1947-09-20	27	8	80
243	1960-09-21	87	57	73
290	1961-03-29	87	98	30
300	1980-03-29	58	32	90
254	1964-03-02	53	13	144
259	1999-11-07	28	8	109
248	1987-01-08	57	37	42
213	1973-10-22	71	8	171
294	1955-12-28	13	71	74
214	1943-08-08	29	50	142
242	2014-08-19	40	23	194
294	1962-11-24	83	91	176
266	1996-01-22	60	16	70
288	2003-10-21	47	89	168
292	1957-09-09	35	43	108
297	2012-09-14	47	77	61
214	1971-05-25	5	28	164
276	1983-12-25	5	66	93
240	1978-10-24	2	5	60
227	1956-10-16	7	53	82
203	1979-01-23	26	29	175
294	1945-08-13	81	93	184
224	1947-02-12	38	36	23
234	2016-06-20	76	77	138
202	1976-05-21	75	25	27
220	1976-09-21	78	81	91
229	1985-12-13	19	26	128
213	2014-03-03	96	30	35
230	1975-07-21	80	90	98
285	1985-03-04	49	22	111
215	2013-08-22	82	31	165
220	2018-01-07	98	24	47
216	1961-12-04	76	25	98
268	2004-03-22	57	70	128
270	1942-03-22	30	70	97
214	1975-10-30	80	32	174
232	2013-05-03	77	3	78
267	1985-09-30	49	77	126
227	1969-12-06	26	33	173
258	1947-03-20	1	70	178
248	1960-08-02	3	72	187
300	1999-08-05	1	79	129
268	1958-06-28	17	1	10
258	1994-10-14	96	49	130
288	1975-09-21	62	60	47
265	1978-06-23	0	89	113
231	1995-03-15	27	49	60
225	1976-01-22	90	48	7
226	1994-04-21	35	65	11
264	1999-04-25	90	11	115
280	1982-09-28	82	60	120
296	2012-12-16	24	29	151
300	1948-12-03	35	76	192
