218	1943-05-12	93	37	60
202	1979-08-23	84	93	52
274	1956-04-22	47	89	48
213	2007-10-09	78	58	25
222	1983-08-05	91	93	35
207	1993-11-28	8	7	81
248	1973-04-08	62	93	143
216	2019-04-11	63	14	47
292	1991-02-06	11	5	166
228	2004-02-13	0	93	6
277	1968-10-22	35	15	120
262	1990-07-31	89	1	88
253	2013-04-16	55	91	72
237	1987-10-02	91	38	30
206	1989-05-20	40	87	114
249	1997-02-19	83	56	79
278	2015-09-06	24	24	44
245	2013-11-15	97	35	143
225	1980-09-02	20	8	25
204	1972-05-29	3	90	108
203	1985-07-12	97	11	165
237	1944-05-28	10	17	104
236	1956-05-13	92	79	115
286	1970-01-21	17	58	82
202	2008-08-15	5	30	55
240	1967-12-31	65	11	189
223	1995-05-06	95	88	22
278	2007-01-12	47	79	39
248	2016-06-05	35	96	60
290	1968-06-24	23	72	41
226	1975-11-02	14	0	13
298	1990-12-01	27	69	185
257	1947-04-11	96	58	177
274	1974-04-08	56	48	109
211	1959-09-17	43	75	65
295	1968-10-30	21	70	126
267	1992-03-01	82	99	60
287	1983-03-26	95	69	82
215	1980-08-23	55	86	26
234	2001-03-09	86	58	104
273	2013-09-11	95	39	58
226	1978-05-03	73	71	0
268	2002-09-12	34	12	23
280	1989-09-02	12	53	1
297	1947-11-23	95	60	40
212	1967-02-02	33	32	123
205	2016-11-18	78	93	77
279	1962-03-15	100	43	27
295	1962-01-23	1	46	146
219	1970-08-12	10	86	93
230	1987-08-10	54	73	37
217	2013-05-17	39	45	23
291	2017-08-18	60	17	6
250	1977-08-01	68	14	138
243	1978-12-25	52	20	81
255	1970-10-10	18	73	158
293	1986-03-28	86	70	140
242	1965-06-29	83	9	99
277	1958-03-17	29	46	77
276	1994-11-23	65	93	63
275	1942-01-24	87	67	113
279	1956-11-22	74	67	143
229	1944-06-19	20	29	127
211	2017-10-14	32	64	155
239	1948-01-19	58	16	182
257	1963-04-05	13	27	2
201	1999-06-13	5	99	107
274	1967-06-21	32	15	93
257	2018-05-16	97	86	142
289	2009-06-13	0	7	197
269	1981-06-14	64	89	66
212	1955-04-09	80	56	47
214	1962-01-24	27	100	8
289	1971-05-06	94	6	146
227	1975-01-09	48	24	187
209	1989-10-19	33	54	17
230	1946-07-11	49	79	84
252	1963-03-28	87	59	36
213	1959-12-08	74	24	133
204	2003-06-03	16	4	111
286	1941-09-20	87	43	155
265	1960-10-08	40	40	44
203	1997-02-25	80	97	112
284	1960-02-14	22	4	71
224	1959-05-23	94	15	52
282	1979-04-26	54	98	127
239	1962-05-06	30	47	9
206	1953-10-10	93	78	84
222	2016-08-15	89	8	17
256	1976-02-06	9	12	61
228	1982-11-01	37	90	189
277	2015-07-29	37	55	181
272	1994-06-08	53	21	101
219	1976-11-20	89	34	194
205	1981-08-06	5	74	170
206	1982-11-04	12	97	36
290	1942-10-05	64	23	151
232	1989-11-09	89	57	178
260	1979-05-17	38	9	132
294	2005-03-15	73	6	13
249	2015-04-27	30	52	83
229	2000-08-04	52	59	34
297	2004-06-14	36	31	104
294	1957-11-22	70	91	117
255	1977-04-15	22	88	58
297	1980-08-11	92	12	84
222	1961-03-10	12	86	24
263	1988-07-08	89	21	118
285	1962-02-07	26	40	149
293	1988-02-21	19	100	5
210	1994-11-13	86	74	86
261	1989-05-09	9	8	16
230	1999-05-24	6	64	192
286	2007-04-15	15	8	86
261	1970-01-28	27	46	198
254	1956-08-21	24	91	168
252	2012-09-28	75	75	6
205	1977-02-21	49	28	90
254	1961-12-06	56	61	5
228	1963-08-20	47	39	124
293	1963-05-19	77	52	172
263	1993-02-24	17	24	9
292	1941-04-15	45	43	193
230	1970-12-29	68	43	115
207	1977-07-30	4	71	153
276	1997-01-23	60	85	20
205	1993-06-03	10	94	94
286	2002-10-17	90	82	191
223	2013-08-18	80	30	176
232	2010-12-12	70	89	140
255	2015-07-24	86	75	195
253	2012-08-01	34	2	174
290	2011-03-02	12	29	49
237	1962-08-19	97	85	32
289	1960-04-10	43	43	74
217	2018-12-28	32	78	196
286	1994-03-27	73	4	84
265	1966-09-11	80	40	113
206	1975-01-19	22	55	92
246	1951-12-09	38	3	8
251	1964-01-17	10	99	31
221	1972-03-22	18	79	75
259	1990-10-20	93	45	127
213	1990-01-09	37	49	52
230	2018-08-07	50	68	192
246	2014-12-09	56	3	54
237	1989-09-15	26	80	117
286	1977-03-27	95	41	169
292	2012-08-21	50	68	15
296	2012-07-01	32	57	114
259	1941-07-17	18	73	5
218	1952-04-10	41	14	101
252	2004-08-21	59	82	175
295	1941-05-10	49	30	106
290	1956-05-24	29	57	146
218	1993-12-02	44	34	109
276	2005-10-18	40	70	199
221	2004-07-07	9	8	137
286	2013-05-14	35	22	45
224	1979-07-19	52	81	101
268	2005-02-04	82	42	98
251	1996-06-12	31	89	17
259	1987-12-18	82	82	82
260	1986-02-02	50	67	137
300	1995-02-17	95	99	7
249	2009-04-03	74	12	187
261	2013-01-09	66	41	173
299	1977-11-06	80	7	201
204	2013-09-10	86	88	129
261	1972-10-09	80	66	173
245	1965-12-25	95	61	67
228	1998-08-31	87	47	139
279	1942-06-07	71	20	151
204	2018-04-04	17	7	39
282	1994-11-26	56	10	17
231	1952-09-25	13	23	150
294	2018-06-09	82	61	149
212	1961-07-09	94	34	19
266	2008-08-27	23	91	44
293	2013-04-23	20	94	181
275	1970-01-10	31	39	201
207	2015-06-29	18	26	75
282	1944-04-12	50	56	142
207	1958-05-28	53	18	184
233	1986-11-05	31	37	68
246	2015-01-30	39	13	151
265	1953-01-28	98	70	48
282	1942-07-12	50	72	109
276	1957-04-05	81	17	101
269	1940-04-27	30	60	137
210	1946-07-17	68	4	70
289	2016-03-14	87	85	192
222	1950-01-07	64	76	171
300	2001-11-03	42	41	102
243	1962-06-16	60	28	14
217	2007-09-04	0	14	165
216	1984-04-23	72	48	92
233	1971-11-14	18	88	92
254	1950-12-02	45	70	123
285	1974-07-09	71	69	199
263	2020-08-07	70	70	144
280	2016-12-17	79	21	197
297	1953-01-15	6	36	142
286	1976-04-21	12	44	125
271	1951-06-11	96	9	169
244	1941-11-25	83	14	11
222	2000-01-28	66	72	112
264	1940-01-23	32	73	136
252	1977-02-24	35	50	1
207	1994-02-13	86	34	4
232	2005-08-14	59	42	9
242	1965-02-19	18	1	23
230	1989-02-27	81	13	175
225	1971-07-09	48	78	156
266	1943-11-02	48	96	186
204	1949-01-02	2	12	178
266	1978-05-21	44	35	101
268	1963-12-26	91	98	189
254	1976-05-02	100	96	165
266	1945-10-22	53	75	45
227	2012-08-29	61	91	45
270	1948-05-07	62	11	26
214	2018-08-13	29	31	133
252	1949-11-21	79	60	29
