265	1994-01-12	56	22	26
266	1988-11-08	21	94	158
255	1989-08-13	89	46	191
234	1974-10-05	86	87	38
240	1999-11-16	2	10	105
299	1993-09-28	54	61	59
206	1943-11-09	61	22	154
221	1993-11-29	35	48	162
274	1952-01-05	72	27	104
251	1950-11-25	38	11	160
283	1978-02-22	58	7	157
252	1964-12-18	83	73	126
219	1957-03-07	38	16	67
278	1952-02-28	38	90	167
255	2008-08-24	88	62	32
208	1961-05-09	43	14	137
241	1955-11-02	44	30	89
232	1978-08-02	9	100	27
241	1954-05-13	40	8	62
260	1954-12-02	33	62	70
201	1948-07-29	24	80	22
255	1941-05-27	59	37	197
228	1986-09-18	62	31	0
212	1968-05-25	7	79	197
287	1978-08-19	40	42	32
239	1954-12-24	2	26	0
282	1990-06-11	7	21	79
280	1986-03-02	95	27	95
224	1942-07-16	69	46	176
217	1960-07-17	97	61	18
210	1944-08-21	70	6	157
227	1990-09-02	5	98	88
292	1980-12-07	69	44	25
217	1946-10-02	27	76	166
297	1971-05-22	6	35	107
297	1974-03-05	51	96	21
228	1997-12-26	24	27	81
262	2013-06-12	40	86	200
287	1945-07-31	85	53	171
216	1986-12-08	50	33	132
214	2005-08-28	63	97	145
212	2010-05-20	32	75	115
257	1965-06-12	42	33	86
220	1954-12-07	89	2	24
258	1971-03-02	65	76	47
211	1961-02-05	52	84	168
283	2006-05-19	60	13	144
249	2017-02-22	70	88	46
285	1971-05-09	79	56	184
256	2007-07-25	43	9	134
236	1951-01-29	96	69	197
226	1955-05-04	71	58	81
239	1955-06-24	20	42	8
227	2013-10-18	87	72	10
287	1967-11-23	85	17	180
270	1975-11-30	50	27	171
227	1957-12-18	13	56	30
272	1972-05-06	10	100	77
248	1974-11-10	5	15	109
203	1953-02-26	20	75	154
265	1993-07-03	91	68	147
279	1983-11-13	2	44	120
245	2020-08-11	98	84	42
208	1966-12-20	91	33	104
266	2020-07-24	24	38	115
276	1977-06-11	30	46	201
272	1993-02-26	88	46	134
283	1949-10-05	47	85	176
222	1963-06-19	66	83	40
262	1954-04-04	36	97	155
288	2003-09-06	51	6	158
255	2007-09-28	73	45	56
262	1991-06-23	37	47	11
284	1941-01-04	61	20	94
216	2013-08-15	62	18	141
223	1973-01-31	17	64	179
273	2007-11-07	0	67	102
232	1974-12-03	79	2	187
265	1979-06-14	12	29	201
246	1985-03-05	79	35	132
238	1965-11-17	37	36	30
225	1962-07-02	50	40	87
239	1989-10-27	99	95	122
255	1958-05-22	97	68	105
208	1999-07-02	11	54	54
213	1967-07-31	75	77	192
217	1964-01-07	13	97	77
238	2016-03-20	82	88	55
260	1979-10-18	42	19	54
208	2002-06-10	29	50	160
246	1973-11-30	47	78	189
277	2014-07-06	38	27	61
247	1950-03-29	28	76	150
211	1943-09-26	63	80	16
245	1986-06-22	90	62	25
272	1982-10-04	89	53	140
251	2003-04-05	89	52	36
267	1991-06-23	80	90	28
213	1982-06-16	69	87	116
251	2015-07-05	48	94	43
252	1975-04-04	34	86	111
206	1982-01-09	1	79	184
264	1987-03-01	36	1	163
292	1964-01-16	77	63	36
270	1992-12-12	63	39	158
267	1964-05-26	7	56	99
215	2018-12-21	66	18	32
243	1993-06-20	57	56	58
290	1999-06-08	89	59	1
220	1969-01-31	86	3	170
275	1977-03-12	66	85	8
248	2015-01-29	94	40	20
275	2006-04-08	19	57	52
240	1948-04-04	45	91	114
263	1981-01-23	54	63	47
290	1944-07-02	92	73	52
296	1981-06-09	100	87	110
290	2011-02-04	87	0	5
203	2014-01-05	48	68	41
220	1942-07-11	58	86	95
238	1981-04-17	48	98	129
264	1953-03-27	7	35	5
206	2009-09-09	97	4	96
284	2003-04-01	96	24	63
203	1952-05-18	47	57	110
295	1972-02-23	13	29	24
269	1949-08-09	37	59	82
248	1983-08-20	41	80	138
292	1998-01-19	98	18	118
230	1974-03-25	99	3	142
250	1949-08-24	81	71	131
257	2002-10-19	89	31	106
261	1975-12-28	53	23	142
294	1962-04-01	10	58	98
251	2019-07-06	7	59	22
202	2010-05-19	88	81	82
212	1941-06-12	30	9	194
289	1953-11-23	53	83	92
221	1973-07-10	19	99	107
286	1942-05-07	12	63	12
247	1999-06-20	19	65	40
289	1957-12-11	78	45	98
205	1999-11-11	1	70	186
203	1968-02-21	36	63	153
255	1998-07-31	1	23	2
278	1988-01-22	62	25	16
259	1958-07-10	98	99	92
204	1951-09-29	83	61	106
260	1977-11-13	52	2	6
252	2012-01-12	21	97	82
210	1976-06-11	3	54	114
275	2012-01-16	35	36	190
299	1970-10-07	69	66	12
221	1992-11-15	50	35	165
219	1970-02-13	25	86	112
293	1960-12-07	72	80	31
254	2016-03-25	47	61	82
280	1953-07-28	22	48	48
255	1945-09-15	15	34	147
253	1967-01-16	12	44	97
286	2014-07-17	63	49	144
277	1969-11-26	84	60	142
278	1986-08-13	94	58	77
260	2002-03-26	7	53	135
274	1994-07-27	33	23	185
258	1973-05-24	92	64	139
274	2009-05-18	88	90	185
235	1973-01-27	50	81	139
284	1999-06-14	57	28	89
235	1945-12-30	37	64	137
214	1980-11-29	23	54	172
279	1959-08-27	0	49	14
261	1972-11-15	22	1	34
258	1965-05-18	72	7	195
278	2009-07-25	77	38	122
220	2008-02-22	26	65	67
259	2013-06-06	63	46	185
250	1946-08-24	48	96	12
217	1998-08-02	57	82	168
204	2001-07-10	58	30	63
267	1990-03-22	65	96	28
240	1954-07-16	37	33	143
289	1986-05-19	72	43	3
209	1999-08-13	8	33	183
279	1952-02-24	97	92	104
277	1948-06-11	66	53	132
244	1947-12-21	15	29	190
220	1976-08-14	71	32	62
285	1982-03-20	68	70	186
266	2000-06-08	70	89	87
221	2000-04-22	32	59	127
286	1971-09-18	51	27	11
279	1957-10-27	38	62	153
240	1985-07-08	38	76	100
258	1977-08-19	60	71	105
294	2000-10-11	14	86	30
248	1965-11-18	26	16	166
214	1944-05-23	2	86	95
264	2017-07-31	78	16	36
252	1969-04-19	97	54	50
271	1955-11-13	79	68	61
231	1970-04-08	67	54	184
290	2006-08-02	25	85	141
216	2016-07-24	65	75	33
252	1945-10-20	41	22	171
228	1994-11-10	32	91	169
283	2002-03-15	29	9	91
236	1971-09-29	23	72	131
264	1956-04-18	76	99	98
261	1953-02-16	92	29	169
205	1989-12-22	49	20	44
298	2010-12-11	92	51	9
296	1992-02-25	70	49	12
279	1950-10-20	61	49	87
211	1976-07-14	91	63	28
300	1948-10-06	45	37	138
265	2014-12-17	8	86	69
213	1986-02-28	41	91	74
239	2020-06-15	80	45	10
202	1952-08-30	3	73	68
276	2018-05-27	18	82	3
260	2014-02-05	74	31	118
220	2009-03-17	72	2	171
248	1977-08-28	98	87	19
285	1995-05-29	53	27	41
218	1973-05-05	42	17	57
285	1990-08-08	39	32	8
295	1964-04-11	36	14	126
206	1979-11-18	45	32	135
259	2010-09-18	28	64	11
230	1940-07-11	25	14	90
237	1947-05-02	65	31	165
227	1975-03-10	99	69	80
231	1940-11-13	73	39	134
267	2008-05-05	91	33	162
235	1999-08-23	36	4	187
257	1967-05-01	92	82	61
233	1957-06-15	7	20	128
271	1960-02-15	43	7	72
211	2011-09-02	17	86	191
297	1948-12-03	17	7	151
203	1942-04-24	5	59	56
254	1955-10-27	27	61	26
227	2018-11-08	32	15	29
236	2020-03-17	30	25	107
218	1984-02-24	54	39	10
230	1947-02-20	58	89	140
