214	1967-04-10	44	14	165
217	2010-11-26	60	9	9
247	1957-03-11	57	20	119
220	1973-07-16	51	73	48
216	1976-05-11	97	50	50
264	1958-05-28	46	22	20
262	1999-08-23	20	74	114
214	1987-10-27	80	58	131
216	2005-11-24	32	36	99
272	1975-02-27	46	95	148
220	2016-06-12	24	26	191
272	1981-11-11	5	86	170
265	1940-07-16	9	59	59
238	1982-09-29	74	66	135
265	1983-05-02	8	16	183
256	1954-10-20	26	80	134
258	2000-07-24	11	40	18
236	1975-11-05	72	33	198
287	2018-04-05	41	79	112
285	1994-09-11	60	61	22
274	1947-12-12	76	80	108
214	1953-02-01	21	43	168
285	1974-07-22	64	87	33
297	2004-04-17	25	40	154
284	1940-08-01	47	60	21
218	2013-04-20	17	59	127
225	1975-10-03	90	29	19
223	2004-08-28	60	71	178
276	1966-02-02	4	8	76
283	1942-01-09	23	84	159
221	1974-10-04	14	30	189
272	1950-06-17	1	42	117
221	1951-07-29	63	65	40
237	2014-06-10	38	48	201
297	1948-09-28	31	93	124
203	2007-10-08	12	81	164
261	2017-04-26	84	39	115
279	2000-08-03	87	58	67
265	1952-08-29	15	94	179
222	1961-03-07	80	30	47
212	1990-01-19	1	64	25
272	2005-02-23	90	91	31
226	2013-09-14	34	17	90
203	2006-03-04	84	18	199
245	2003-12-03	18	66	127
252	2009-11-03	4	60	64
236	2006-06-26	57	10	157
245	1970-09-29	54	27	177
263	1979-10-08	81	12	15
226	1986-09-16	35	77	197
222	2015-05-10	71	40	177
270	1950-08-02	81	87	197
260	2010-05-10	10	33	110
271	1957-10-02	83	19	18
262	1972-05-13	24	34	183
210	1985-11-20	47	27	90
272	1959-07-16	58	38	22
260	1955-03-01	39	53	173
294	1984-10-23	3	17	71
253	1964-01-30	48	38	46
295	2002-03-13	48	96	6
202	1982-06-16	2	42	142
204	2016-03-08	88	28	136
208	1965-12-09	35	81	22
281	1948-01-24	43	71	92
261	1940-11-19	55	45	102
289	1971-05-20	78	81	13
249	1990-02-28	10	54	133
272	1949-08-27	70	61	122
224	1977-03-04	64	87	104
288	1994-10-21	45	55	5
230	1964-10-28	88	16	99
247	1998-03-09	64	86	37
278	1970-12-21	39	57	171
276	1981-08-29	44	30	54
258	2003-11-09	14	21	73
230	1981-03-02	18	78	47
283	2002-08-25	44	25	183
274	1970-10-04	54	35	4
243	1992-09-07	52	73	128
218	2001-01-12	80	13	113
274	1998-04-27	31	95	27
254	1988-08-27	33	45	152
217	2014-07-31	84	11	61
206	1995-04-17	99	47	188
225	1952-10-12	98	91	21
271	2018-07-15	64	22	168
231	1944-03-27	7	49	181
262	1979-06-10	37	51	111
214	1994-07-11	26	0	37
203	1959-06-28	59	40	83
247	2018-10-23	96	48	34
268	1959-07-21	47	60	67
247	2009-02-19	96	64	8
205	2014-02-02	38	47	5
210	2013-02-14	93	67	35
220	1993-12-28	75	52	111
264	1941-11-01	16	61	102
234	1957-12-06	27	45	58
277	1984-08-09	7	22	108
220	1957-06-15	69	36	61
240	2015-11-30	91	84	186
230	1977-06-11	70	72	186
223	1964-02-16	77	5	114
281	1948-05-28	47	13	129
286	1958-05-03	75	55	175
273	1959-12-05	33	13	100
251	1949-01-17	23	73	126
289	1940-08-09	86	80	166
233	1984-08-24	19	22	94
276	1965-04-26	2	69	94
297	2011-01-10	6	13	126
250	2016-09-05	91	34	174
246	1991-03-15	97	38	62
289	1975-12-05	40	31	173
233	1974-10-27	78	26	53
243	1972-05-05	54	62	171
297	1983-10-17	36	16	1
251	1953-05-02	94	81	18
264	2003-03-07	70	49	135
238	1975-07-22	21	76	70
283	1978-01-30	64	54	194
228	1993-05-04	15	52	98
260	1987-01-17	19	61	54
206	1956-05-21	25	73	58
241	2003-05-29	52	57	201
225	1972-09-01	27	2	44
293	1973-07-24	99	17	128
287	2017-06-15	66	51	4
294	2008-11-30	24	79	15
202	1983-02-05	3	71	157
218	1946-11-02	2	61	84
261	1992-06-14	24	67	119
290	1950-06-23	16	36	136
264	1958-08-23	41	59	166
225	1976-01-25	47	7	184
225	1971-02-16	3	79	157
287	2015-01-27	0	31	2
273	1962-11-19	47	96	39
206	1987-05-06	42	90	86
206	1998-07-10	14	85	120
245	2013-01-16	68	43	48
214	1950-10-12	36	58	155
243	1944-08-02	94	69	88
204	1975-08-25	23	10	117
245	2005-05-16	42	65	76
216	1960-09-24	49	36	139
215	1995-10-15	60	5	102
222	2007-09-27	76	70	182
203	2015-09-23	14	58	1
241	2002-09-15	73	54	110
208	1953-08-29	25	59	170
276	2001-01-27	55	56	80
257	2005-02-01	11	60	1
211	1992-01-21	78	28	98
231	2017-05-10	85	33	157
235	1950-03-18	23	9	172
222	1995-12-29	57	2	195
258	1981-08-30	38	34	197
248	1999-01-09	92	16	144
248	1952-01-07	25	8	177
256	1988-03-29	87	68	148
293	1944-09-16	40	98	195
279	1982-06-19	13	32	61
254	1940-05-26	64	35	64
244	2009-10-25	53	92	122
205	1965-01-19	44	62	15
218	1992-12-07	89	70	85
228	1995-12-31	2	79	58
271	2000-10-07	78	58	52
261	1961-02-02	86	46	19
239	2009-11-11	27	94	111
217	2016-10-15	87	69	3
252	1999-10-05	38	5	79
208	1967-06-22	83	32	83
223	1954-10-17	50	25	86
282	1999-05-06	90	1	148
258	1950-04-09	38	95	1
282	1947-02-20	81	81	69
263	1981-08-12	63	47	4
249	1967-04-02	99	55	36
233	2000-01-31	97	32	171
225	1992-12-29	56	64	1
293	1998-01-23	95	53	191
266	1966-11-21	52	69	167
254	1942-12-22	20	88	132
219	1989-04-17	1	74	188
271	1961-03-02	22	75	76
222	1988-04-19	57	74	145
297	1973-11-02	59	75	146
285	2003-08-27	98	57	128
260	2015-12-21	9	29	63
229	2020-01-29	74	56	124
288	1948-07-09	49	75	23
252	2002-02-28	93	25	49
203	1966-01-06	90	69	177
213	1988-09-19	7	48	20
223	1982-02-20	61	54	20
220	2015-03-30	54	23	73
274	1987-02-20	41	9	197
242	1997-03-15	55	36	89
229	1992-10-10	23	86	85
279	1975-04-16	43	54	118
238	1988-02-03	57	91	165
243	2018-06-12	4	57	130
257	2011-09-15	67	38	102
273	1957-02-26	50	42	199
217	1959-11-26	19	100	145
276	1996-11-25	18	65	149
287	1965-03-23	86	57	141
222	2016-09-05	14	37	186
256	1989-09-05	63	55	75
290	1960-04-12	38	88	109
257	1971-12-02	74	53	62
268	1974-04-25	77	29	123
234	1956-09-20	12	82	48
277	1992-05-11	25	16	167
208	2012-11-27	23	45	164
209	1956-04-10	40	63	24
296	1965-08-22	86	88	89
258	1993-01-13	32	38	86
227	2012-08-09	25	37	21
277	1991-05-12	32	33	72
203	1993-06-08	83	90	43
204	1958-03-04	62	86	153
283	1973-12-06	79	2	141
295	2010-04-04	40	16	51
233	1941-06-26	77	15	88
201	2009-01-27	78	25	29
279	1953-10-29	33	2	48
265	1983-11-17	60	28	126
206	1956-08-12	56	68	10
227	2003-12-12	14	91	34
262	1974-05-02	31	16	199
300	1985-12-28	75	18	80
257	1955-02-27	42	34	44
250	1988-03-28	54	27	99
264	1979-09-29	53	87	150
205	1962-08-05	14	95	104
262	1988-07-18	31	66	40
209	1963-09-12	86	66	91
230	1952-12-31	35	31	8
232	1946-01-10	10	32	70
266	1945-05-29	49	16	66
284	1987-05-08	71	1	38
263	1971-06-07	32	56	52
229	2010-01-04	42	63	198
298	2014-03-25	93	82	162
300	1985-10-11	52	78	122
206	1968-09-23	57	10	66
251	1974-09-25	92	56	83
297	2001-08-22	35	2	142
258	1950-08-09	18	66	155
209	2009-04-13	44	82	81
283	1953-11-03	4	78	16
201	1969-05-12	44	39	142
234	2012-12-07	42	79	65
278	1994-02-21	15	60	106
295	1973-07-16	29	22	106
236	1994-01-15	82	7	130
247	1979-08-29	79	58	81
239	2006-09-06	61	36	171
277	2011-08-24	36	50	8
268	1947-02-07	60	56	193
260	1942-08-25	69	70	32
284	1949-08-16	42	16	150
231	2007-01-14	79	73	21
300	1942-09-13	42	66	157
228	1940-04-22	13	77	14
219	1999-01-12	12	72	53
293	2015-08-20	67	3	164
231	1988-07-03	97	6	84
246	2010-04-09	83	85	36
207	1968-04-30	94	40	175
232	2018-03-29	76	60	121
297	1972-02-11	73	61	44
268	1942-05-12	39	5	20
210	1993-11-07	85	47	74
220	1969-07-06	90	85	142
228	1980-12-15	54	28	67
275	1978-07-03	57	86	185
292	1996-10-12	77	63	24
293	1993-09-23	11	6	156
219	1991-06-10	25	31	111
239	1981-06-23	16	78	127
251	2005-03-21	94	80	102
289	1958-12-30	76	34	126
242	2000-02-23	35	88	134
240	1981-11-21	12	80	154
290	1978-01-02	61	95	51
284	1944-07-05	18	11	126
218	1977-08-27	82	63	31
