212	1998-09-22	96	47	188
258	2001-04-25	42	19	113
212	1941-01-11	12	94	144
279	1954-10-12	20	26	70
254	2002-10-18	61	89	131
238	1970-03-26	23	8	18
247	1988-03-19	92	53	200
280	1963-10-18	89	10	74
250	1978-04-27	23	45	102
214	2017-10-15	14	54	111
210	1979-06-05	90	88	124
225	2004-01-22	11	27	99
227	2008-04-22	63	45	48
215	1968-09-26	98	9	131
276	1989-04-18	88	3	121
261	1962-05-19	64	6	4
269	1960-09-21	83	21	94
204	2010-08-05	36	45	53
271	1982-05-29	39	73	80
282	1996-04-22	61	18	101
230	1957-04-05	3	81	187
241	1956-09-23	5	94	48
284	2016-08-07	23	59	59
254	2011-12-31	14	5	85
269	1987-03-19	53	58	135
272	1950-02-03	83	61	153
277	2009-11-30	66	92	12
263	1982-11-25	66	20	52
216	1974-07-02	49	70	60
237	1977-08-11	35	75	141
229	1979-02-26	59	96	5
267	1990-09-15	79	89	11
293	1953-10-29	41	40	55
217	2015-07-29	46	26	55
279	1994-11-29	34	35	113
248	1954-06-08	70	14	118
258	2001-01-05	64	7	175
209	1949-01-29	95	18	42
237	1984-02-09	59	78	116
283	1981-10-01	66	61	95
280	1980-11-18	63	100	29
261	1992-04-06	37	6	107
300	1966-02-02	67	32	199
298	2017-08-06	63	100	85
251	1958-01-03	8	29	149
256	1946-06-23	61	93	90
246	1948-08-07	48	0	24
219	1975-05-30	23	15	196
266	2003-08-02	7	1	184
204	1990-09-06	70	62	74
204	1969-01-18	43	13	4
223	1944-09-13	33	92	64
294	2012-05-05	50	25	78
210	1983-02-24	62	32	97
283	2000-04-26	26	79	44
266	1991-02-22	94	94	140
272	1960-04-03	2	41	107
211	2014-03-31	46	11	122
274	1965-12-29	45	39	135
211	1999-10-06	11	12	30
260	2006-10-25	42	75	161
234	1971-11-12	14	31	39
253	1988-06-17	71	28	51
286	2003-05-14	9	23	199
280	1992-05-05	45	45	63
258	1976-10-28	38	21	195
243	1999-02-15	18	47	178
255	1996-07-23	75	70	48
217	1969-11-02	22	69	15
216	1946-09-28	27	16	95
258	2006-12-17	54	27	124
219	1953-10-25	7	70	167
276	1992-06-03	40	89	40
204	1998-04-02	23	6	54
255	1966-08-19	33	95	126
211	1988-02-27	89	43	15
239	1983-01-22	43	30	34
295	1969-08-29	63	80	191
211	1961-10-25	91	66	85
271	1958-07-07	97	52	30
229	1977-09-29	89	86	22
203	1990-11-12	37	63	94
281	1995-01-17	12	80	98
288	1944-02-22	72	40	197
286	1954-02-21	51	18	44
242	1952-02-05	85	41	66
260	1952-10-21	10	52	34
267	2001-05-09	67	31	62
224	2010-01-10	10	8	58
250	1987-04-17	15	43	6
264	1951-07-14	30	82	151
266	1949-03-23	47	80	150
285	2018-10-30	58	23	98
208	1979-06-24	4	33	102
234	1970-01-08	67	36	187
206	1956-11-25	45	18	5
279	1960-08-07	24	14	12
291	1948-02-05	23	65	122
278	1968-04-18	52	67	35
262	1979-02-23	26	24	125
231	1985-09-30	48	77	18
223	1941-02-03	91	21	165
257	1986-05-24	45	63	53
259	1977-01-20	47	66	130
286	2016-05-19	81	20	61
259	1956-08-31	69	8	143
228	1965-10-15	34	46	173
294	1982-06-12	50	99	152
236	1998-08-09	6	37	153
238	2012-01-06	24	11	182
238	1983-04-20	84	58	104
249	1963-06-06	25	7	16
223	2000-11-07	94	96	40
295	1968-11-14	51	92	140
242	1968-08-17	20	40	103
215	1988-10-03	45	21	25
282	1958-05-22	69	33	90
259	2003-08-11	41	48	196
237	1981-04-10	38	57	3
236	1982-03-05	49	34	100
215	1965-08-21	74	49	145
202	1950-02-15	41	11	148
213	1996-01-07	2	45	88
266	1997-07-08	37	18	20
245	1967-07-28	68	19	128
203	2003-09-04	85	66	190
241	1983-10-30	100	55	24
287	2013-10-26	80	31	130
295	1940-10-30	4	68	89
250	1977-05-25	91	17	164
206	2011-10-22	61	71	92
279	1998-10-04	12	73	45
249	1982-04-05	63	39	73
287	1972-06-02	40	27	194
275	1966-09-27	44	12	66
230	2006-05-03	54	91	75
274	1948-04-03	92	25	85
251	2014-03-10	79	80	79
246	1960-01-06	72	71	8
241	1962-04-21	56	53	64
250	1996-06-26	95	67	168
209	1987-02-16	100	79	103
203	2007-10-26	71	25	2
240	1991-04-13	51	2	190
239	1995-07-17	23	67	102
258	1985-06-28	10	61	83
249	1976-02-04	95	17	158
245	1954-06-28	65	89	115
256	1985-12-11	95	92	161
217	2009-10-12	72	81	58
203	1981-03-22	47	76	88
252	2008-06-10	59	49	187
269	1984-02-18	87	5	108
253	2013-11-06	59	20	147
238	2010-06-26	38	78	18
282	2002-09-01	51	74	118
238	1946-01-12	17	40	33
246	2020-05-12	43	49	186
265	1993-06-12	98	81	61
277	2011-07-14	54	99	4
219	2005-01-20	16	100	41
248	2011-12-31	91	1	76
229	1964-12-18	54	5	81
227	1987-12-27	28	54	184
202	2017-03-02	62	23	98
267	2007-07-26	69	91	174
288	1976-02-09	8	56	128
275	1983-05-23	14	86	38
236	1951-07-26	75	89	134
208	1970-05-07	42	49	116
269	1973-02-16	21	23	187
240	1944-10-12	13	60	106
298	1982-10-07	46	66	25
257	1953-03-29	93	82	65
205	1942-06-20	97	74	28
292	1954-09-15	94	66	191
278	1996-02-23	72	100	45
276	2009-03-02	93	6	95
225	1956-02-27	12	37	2
280	1951-01-01	51	91	127
251	1963-09-10	52	17	67
204	1954-08-29	45	17	198
212	1986-03-04	67	22	131
233	1991-07-31	60	81	48
296	1996-12-22	90	19	145
203	1986-02-25	7	38	70
297	2010-11-07	88	60	168
207	2010-09-21	16	48	87
238	1979-04-08	49	59	45
238	1954-07-03	69	25	51
226	1952-03-06	97	63	14
211	2016-02-29	56	70	172
210	1981-09-22	46	68	96
