292	2005-07-09	83	8	55
247	2018-10-03	30	3	72
238	2014-07-31	86	47	50
251	1982-02-16	88	17	165
282	1940-02-15	29	15	31
282	1959-05-06	52	84	69
252	1985-08-28	68	91	13
234	1971-11-03	12	31	120
280	1975-08-05	97	75	16
277	2018-05-12	12	43	199
269	1983-01-16	67	12	26
210	2009-01-22	45	21	138
293	1996-03-19	30	97	111
282	1975-02-12	15	50	44
297	1940-11-08	93	24	25
232	1996-01-17	53	79	63
277	1957-07-16	4	29	78
258	2011-11-26	40	36	189
236	1981-04-13	80	0	0
246	1974-04-23	43	31	58
265	1974-05-19	64	65	187
272	1990-07-30	32	20	185
234	1980-01-23	50	88	195
222	2006-05-25	29	52	27
258	1963-01-13	80	61	143
287	1966-01-16	21	65	27
223	1952-02-26	59	0	30
256	2020-03-28	51	96	85
211	1996-12-09	70	48	108
289	1977-09-06	6	2	201
218	1962-02-01	15	89	200
228	1949-09-03	9	48	71
238	1951-08-06	59	8	107
268	1950-01-14	4	22	99
298	1968-01-25	12	80	192
283	1957-10-04	3	8	159
299	1981-02-01	78	100	117
219	1971-04-19	9	27	46
290	1977-03-14	52	77	49
236	2001-04-09	15	79	127
205	1995-07-17	43	14	40
236	2001-03-29	28	27	147
295	1984-08-13	98	3	94
275	1967-11-25	21	78	6
261	1982-01-21	6	78	94
233	1961-11-10	57	27	13
249	1995-07-27	50	6	13
266	1966-10-28	55	85	27
299	1999-05-01	29	44	179
278	1985-07-04	3	72	35
208	1969-11-11	53	92	20
246	1972-06-01	66	47	156
243	1990-02-27	82	25	38
225	2016-06-19	77	85	124
262	1963-11-18	17	75	91
283	1980-04-05	48	29	23
210	1955-03-25	71	20	52
213	2014-02-21	35	56	139
256	1997-10-15	85	33	51
287	1985-07-15	83	23	154
266	1968-08-23	24	60	183
209	2002-06-10	31	40	95
294	1964-08-21	0	49	50
286	1989-09-12	74	44	58
269	1993-02-02	21	80	63
212	1975-02-22	82	50	111
217	1998-01-03	100	63	131
287	1957-05-20	14	40	71
233	1957-03-09	70	59	147
252	1984-03-18	64	92	7
212	1954-05-11	93	32	140
204	1950-09-25	51	80	196
204	2008-10-18	40	1	94
214	2004-09-18	93	86	45
231	1977-06-10	60	14	80
290	1951-05-28	92	1	201
276	1952-03-14	79	5	143
216	2006-07-11	90	83	22
228	1989-07-12	46	12	87
271	1949-12-05	62	60	42
279	1940-07-10	92	10	104
242	1976-08-05	75	47	200
232	2016-10-18	78	65	58
204	1958-07-30	21	37	108
223	1976-06-10	11	86	73
251	2008-10-10	8	50	194
266	1959-05-11	35	66	1
236	1970-11-21	11	97	40
209	1991-08-12	55	77	41
210	2001-03-04	75	0	190
274	1962-06-13	99	4	175
280	1989-05-28	83	69	79
290	1991-03-08	0	84	20
248	1966-01-06	97	7	122
238	1999-10-28	65	52	20
260	2016-02-04	93	78	53
207	1967-12-12	36	66	147
244	1959-09-03	30	25	167
255	2017-02-16	29	63	49
212	1997-08-16	33	11	110
255	1942-05-02	77	67	1
208	1985-06-14	15	41	59
269	2009-12-29	9	73	155
272	1985-08-03	32	42	22
214	1963-12-29	99	68	156
229	1977-03-08	10	44	194
231	2000-10-09	7	8	91
231	2012-10-08	44	69	151
215	2008-02-21	76	66	141
219	1955-12-12	75	43	124
213	1958-02-24	98	76	11
221	1969-05-26	9	19	170
278	2009-02-08	94	63	110
210	2016-08-05	9	97	111
248	2015-01-25	12	7	34
209	1967-01-21	94	26	19
201	2012-11-08	94	91	38
261	1970-02-20	59	73	23
240	2004-10-31	84	32	131
279	1993-07-09	65	15	32
269	1952-09-14	34	64	107
203	1961-12-15	35	45	100
261	1954-08-27	75	47	34
258	1986-01-23	53	56	192
223	1965-07-30	30	25	10
217	1998-08-04	17	0	87
222	2013-05-31	56	49	190
269	2019-06-16	38	0	99
272	2004-12-18	89	5	62
294	1982-05-14	11	9	81
257	1973-04-21	10	88	133
283	1947-11-19	95	56	159
273	2020-07-09	68	12	67
286	1976-11-12	54	68	116
290	1976-01-22	38	73	124
293	1961-07-03	60	86	198
297	1991-05-31	82	15	177
229	1996-12-27	33	53	57
242	1963-12-18	48	45	68
228	1941-12-26	92	32	50
260	1983-05-22	42	10	16
230	2009-05-01	42	3	119
275	1957-01-17	86	77	98
219	2011-07-02	17	70	74
239	1981-10-25	2	97	201
219	1978-11-04	82	73	172
299	2001-01-31	62	21	149
277	1947-08-07	66	62	25
217	1974-05-17	100	85	143
225	2004-04-06	41	81	75
217	1950-12-19	72	25	154
231	2018-06-20	54	57	106
287	1987-03-16	63	15	201
292	1982-11-11	65	59	71
229	2015-05-14	91	20	90
218	1979-06-27	18	100	142
223	2020-02-05	55	82	107
299	1977-01-18	93	67	133
238	2014-07-19	28	32	193
239	1999-12-06	42	28	147
254	1942-01-17	3	12	149
212	1999-06-02	81	46	51
282	1950-06-26	20	44	191
267	1999-06-02	75	70	114
218	1945-04-22	57	70	70
280	1990-09-28	58	85	117
229	2006-04-24	49	91	67
259	1952-04-19	64	27	74
205	1999-07-28	50	44	50
243	1940-05-15	91	98	17
290	1987-10-25	99	50	139
216	1982-06-03	48	50	31
237	1964-01-11	80	64	158
239	1940-05-13	72	80	136
218	1968-01-31	62	88	10
224	2011-01-03	77	11	190
251	2007-09-29	74	7	19
296	1973-05-29	45	19	87
274	1996-10-03	23	72	149
243	1975-03-27	22	67	124
290	1967-04-03	55	25	87
228	1958-10-07	39	35	158
269	1976-11-23	32	79	55
213	1947-01-29	95	19	148
275	1992-02-06	54	54	35
245	1944-09-23	69	39	6
209	1957-04-03	25	34	114
255	1962-02-01	27	69	67
205	1986-03-28	99	89	29
292	1981-03-16	87	35	88
271	2003-07-24	75	20	99
231	1942-07-09	74	44	36
237	1954-09-11	68	24	21
233	1964-06-06	12	76	137
293	1947-08-30	16	84	59
237	2003-06-28	27	13	34
207	2003-06-03	100	2	4
255	2003-08-27	18	21	34
228	1951-02-27	50	81	40
235	1987-04-30	48	95	11
217	1969-03-27	12	70	186
207	1946-07-02	65	8	36
258	1959-01-04	22	53	114
298	1992-05-08	41	75	12
285	1952-01-31	71	90	30
245	2002-06-28	22	24	140
251	2004-10-22	93	49	190
283	1971-02-03	29	92	133
233	1967-05-31	23	96	175
235	1966-09-18	98	47	152
241	1987-07-02	72	6	185
267	1946-06-17	26	31	29
287	1955-04-19	43	7	53
286	1954-04-07	69	57	172
292	2002-02-06	71	29	123
228	2006-07-08	10	68	15
202	1975-02-13	72	27	197
252	1990-12-09	39	58	196
251	1953-08-31	6	75	31
290	1989-12-23	53	5	151
250	1989-08-26	39	10	39
250	1959-11-21	10	59	179
225	1954-04-05	26	3	193
269	2002-08-17	61	70	198
258	1989-03-12	67	21	24
207	1999-06-04	98	82	159
204	1987-10-11	0	58	47
258	1995-12-22	98	97	178
256	2001-02-28	17	14	117
297	2013-06-06	24	64	143
297	1980-06-15	59	48	115
204	1976-08-26	23	2	17
278	1942-11-06	7	37	173
245	2006-11-25	14	90	67
206	1980-12-28	31	68	195
228	1989-10-03	9	13	148
289	2011-12-16	6	93	179
213	1959-01-28	89	55	179
256	1980-02-29	43	20	92
236	1962-03-09	41	52	70
270	1972-10-06	59	33	200
259	1950-07-31	30	52	78
207	2005-12-27	19	53	91
269	1956-01-28	75	52	145
273	2008-11-02	41	40	195
217	2020-07-30	56	34	9
276	2012-08-20	67	23	101
288	1960-07-29	61	21	168
262	2000-02-29	48	20	132
242	1975-03-03	45	49	24
286	2013-01-11	97	72	10
262	1954-01-19	11	33	112
279	1982-02-22	8	42	54
270	1975-12-27	12	67	87
277	1966-08-16	33	18	131
203	2010-05-22	28	70	60
211	1949-12-04	27	48	156
249	1996-10-15	14	6	99
251	1998-11-09	60	93	92
234	2005-12-04	97	95	83
276	2007-11-24	35	45	100
285	1992-11-21	99	83	178
281	1952-06-18	6	61	102
220	2009-10-06	72	34	105
276	2002-07-10	20	69	30
229	1993-06-24	100	32	71
300	1964-12-14	35	29	138
224	2017-01-24	28	42	26
232	1998-09-27	84	19	122
247	2004-06-20	58	16	40
255	1990-06-07	6	50	81
249	2001-11-15	76	78	0
225	1992-09-27	96	82	31
212	1968-04-11	84	41	131
280	1977-10-25	65	37	50
223	2002-03-07	47	7	142
203	1965-02-21	54	37	119
281	1941-04-04	28	36	130
237	1948-05-25	2	90	119
