278	1945-08-03	40	93	108
260	1951-01-29	34	3	192
274	1974-03-03	2	98	119
221	1946-04-26	66	91	101
220	1964-10-10	9	76	116
216	1950-10-03	0	42	157
248	2007-09-23	69	48	151
210	1965-04-09	83	42	189
224	2018-06-15	49	75	129
267	1968-02-16	82	76	41
266	1991-06-13	54	83	102
283	2016-09-04	46	60	65
272	1993-10-08	63	14	199
210	1954-12-21	54	33	57
256	1990-01-28	14	10	139
215	2017-05-13	85	37	40
276	2019-02-16	90	67	5
250	1991-04-30	50	12	56
262	1953-07-09	25	11	114
256	1959-01-20	45	95	51
282	1980-09-21	58	39	134
296	1989-10-30	46	86	131
284	1995-05-03	72	38	100
287	1993-06-25	9	36	10
269	2014-12-22	72	97	8
278	1994-09-21	55	60	20
239	1945-05-28	7	75	18
213	1946-06-05	74	49	173
226	2004-01-24	52	73	24
273	1942-05-28	17	8	63
207	1947-10-04	38	68	123
218	1999-09-19	31	66	6
219	2007-12-01	57	47	174
234	1990-01-10	93	7	191
300	1958-05-12	38	51	178
212	1961-09-13	89	95	83
237	1945-02-28	47	65	100
263	1972-12-19	33	64	50
267	1960-11-14	38	56	163
234	1945-02-02	58	55	90
268	2008-03-01	89	72	105
258	1947-12-08	78	76	159
264	1989-04-06	0	70	200
251	2006-08-13	25	79	8
286	1966-02-15	72	96	157
255	1966-04-17	50	20	112
231	1997-05-31	49	41	135
215	2019-07-24	55	55	65
232	1989-09-16	49	43	184
266	1975-06-04	8	27	201
263	1963-06-28	69	68	74
292	1971-05-06	48	74	200
278	1943-06-16	92	84	164
228	2008-05-27	69	3	12
272	1973-08-13	29	84	125
294	2007-05-26	6	61	34
271	1981-11-21	17	70	143
246	1944-06-05	76	39	45
236	1945-05-21	99	31	98
221	1995-03-23	51	45	42
224	1961-08-23	45	28	108
272	1950-12-27	19	37	35
245	1951-06-11	72	53	143
221	1976-10-01	23	16	190
260	2002-06-11	93	48	182
279	1949-08-13	69	18	3
232	2019-11-25	16	80	104
274	1981-04-28	19	53	98
298	1968-08-21	39	64	105
267	1946-02-04	3	2	103
228	1969-08-10	76	41	88
298	2011-10-14	18	84	118
259	1995-01-04	65	23	185
235	1979-12-13	51	97	142
249	2000-01-07	51	27	44
295	1987-07-29	62	86	98
224	2014-07-02	69	85	127
214	2009-09-01	96	79	93
293	1983-10-23	14	17	14
241	1964-10-19	33	78	146
265	1960-07-12	9	20	162
290	1971-06-08	56	20	198
281	1947-10-30	93	32	19
275	1990-11-02	78	54	162
210	2016-05-20	5	66	167
235	1998-11-22	63	23	171
211	1973-04-24	17	64	143
293	1949-11-03	0	51	24
285	2001-01-06	45	24	152
245	1951-08-03	55	52	23
241	1989-06-30	55	45	186
232	1969-09-22	48	20	68
222	2013-04-18	33	37	132
218	1981-06-28	27	81	76
261	2009-11-16	63	62	59
232	1983-05-05	62	69	194
295	2014-08-02	69	95	14
225	1975-06-15	23	1	7
256	1976-08-15	18	43	119
229	1991-02-18	26	4	111
283	1987-03-24	82	75	184
292	1997-01-26	63	28	16
253	1984-05-19	49	26	154
250	1984-05-23	31	32	197
240	1952-06-13	3	91	149
271	1947-12-11	96	67	133
235	1975-01-08	88	95	68
233	1980-10-10	76	74	121
239	2004-08-22	87	12	99
265	2005-07-24	27	36	108
289	1943-05-24	13	26	105
221	2006-05-06	32	63	191
237	1995-04-12	91	19	97
232	1989-10-06	44	14	11
215	2016-07-18	100	39	50
254	1984-07-30	67	96	66
219	1981-03-13	76	66	197
285	1953-06-17	36	9	155
269	1943-05-12	55	84	73
230	1969-04-07	55	71	130
267	1957-09-08	63	40	76
230	1998-05-14	81	67	34
246	2004-01-04	36	72	128
268	2003-03-13	32	64	59
246	2003-05-11	18	48	10
265	2015-04-15	90	80	98
270	2012-06-16	99	29	62
251	1945-12-02	11	69	196
209	2015-02-18	30	51	53
232	2013-07-02	82	31	156
299	1999-09-16	9	71	95
250	1989-09-19	97	65	107
225	1966-07-27	2	61	79
239	1989-07-16	87	25	138
276	1977-05-19	89	53	200
223	1941-05-07	94	31	70
226	1984-12-08	93	37	194
214	1956-06-24	3	57	126
237	1953-12-21	99	1	73
281	2006-01-15	34	95	91
230	2011-02-09	53	68	169
210	1985-07-11	70	13	38
245	1993-06-14	83	91	54
254	2005-07-28	98	23	160
226	2017-10-06	23	93	169
250	2019-06-22	71	89	20
269	2019-02-26	68	34	94
298	1951-12-23	48	8	24
234	1999-03-07	15	58	42
274	1945-02-08	3	81	167
293	2006-09-13	15	35	117
263	1945-04-25	4	24	3
290	1961-10-10	38	94	108
241	1999-07-02	21	2	189
235	2018-05-01	32	9	36
238	1978-02-18	11	78	138
283	2000-10-16	8	17	109
290	2018-01-12	98	68	82
205	1945-09-05	47	4	116
218	1969-04-25	83	40	58
296	1992-07-22	86	45	52
280	1973-10-25	81	36	80
280	1978-10-20	32	60	72
271	1992-07-16	100	4	12
257	1946-01-05	53	42	37
263	2009-09-28	3	63	75
201	2016-12-18	33	30	128
205	1955-09-17	32	53	162
238	2005-12-27	19	97	54
207	2010-09-29	94	77	135
203	1990-03-14	3	29	48
277	1996-04-21	8	32	61
234	2009-10-01	75	91	163
299	1949-05-24	18	99	22
243	2002-02-16	76	19	67
253	1956-03-27	74	18	197
256	1951-08-06	100	7	55
272	1965-05-12	40	36	118
272	1940-07-16	8	11	115
267	2017-05-22	13	74	49
293	2018-09-12	19	47	85
270	1942-11-10	71	25	25
285	1981-12-21	88	20	93
204	1957-08-27	68	64	118
258	1983-12-14	62	20	105
254	1970-12-03	23	61	193
271	1949-07-31	67	32	11
277	2010-11-05	79	67	2
241	2015-03-13	14	7	45
233	1983-01-24	47	90	162
262	1953-02-26	51	51	183
223	1980-10-31	2	45	150
272	1989-05-01	18	82	112
205	1966-06-01	78	80	60
298	2012-06-09	3	88	178
242	1972-01-07	89	31	59
208	2003-04-17	26	88	86
236	1973-12-26	98	77	91
271	1942-12-11	55	94	136
274	1976-05-15	17	75	31
202	1980-09-26	16	17	144
202	1950-09-09	7	17	89
263	2000-02-24	29	83	107
285	1952-07-28	35	44	36
268	1974-08-05	41	51	110
287	1978-11-29	55	23	133
228	2002-09-14	98	47	147
268	2015-03-12	49	68	134
270	1970-05-31	97	93	43
224	1971-08-22	49	54	60
293	1960-04-10	19	95	140
