280	1945-03-15	99	24	71
213	1987-08-27	37	17	5
244	1948-03-16	6	12	39
217	2007-01-31	47	61	23
220	2019-05-04	99	90	151
295	1979-04-09	5	53	61
238	1995-12-01	50	96	146
295	1959-11-30	12	42	131
299	1951-06-03	5	48	91
221	1996-01-27	30	86	20
231	1957-09-19	94	48	141
203	2006-04-22	67	29	166
207	1987-06-16	93	49	63
222	1963-01-02	47	91	129
240	1971-01-20	18	92	9
266	1994-05-26	18	97	107
241	1942-02-19	65	42	76
274	1975-04-23	54	5	111
292	1982-08-10	4	46	179
267	2003-08-10	49	43	6
233	2014-10-26	67	17	149
297	1983-11-23	47	57	23
263	1942-01-16	86	78	72
257	1982-12-22	41	2	49
201	2020-05-16	43	50	50
235	1953-06-04	53	74	39
223	1974-02-10	7	76	95
215	1954-04-18	50	63	112
252	1961-04-27	1	11	37
253	2006-12-12	57	82	8
280	1970-03-19	71	84	189
224	1992-08-06	98	15	171
254	1987-05-06	58	85	41
231	1956-06-12	65	76	115
236	1940-09-03	94	54	163
243	2019-07-05	28	81	111
268	1952-10-31	55	44	44
254	1960-03-13	25	88	119
290	2007-07-16	43	81	121
205	2011-04-05	14	60	4
241	1959-11-16	64	69	163
258	1980-06-11	72	90	35
211	1966-05-30	43	29	51
236	2018-05-05	82	56	78
265	1968-12-30	98	51	51
215	1993-03-16	1	4	66
299	1994-03-15	83	20	196
296	1992-06-01	69	11	152
294	2005-01-12	24	82	27
282	1984-09-24	54	2	68
293	2000-04-20	23	5	165
216	1975-09-27	41	69	92
255	1943-12-24	85	2	150
286	1970-01-31	4	35	82
263	1957-01-12	8	45	142
276	1966-03-01	11	72	82
287	1953-06-26	59	47	16
273	1962-01-31	27	61	21
210	1964-09-05	88	78	93
261	1948-12-16	15	22	148
266	1948-12-16	77	68	7
275	1947-09-04	51	99	96
272	2015-11-28	51	18	198
239	1951-09-22	93	28	114
206	1975-11-30	57	67	65
263	1943-04-05	38	56	17
213	1955-10-20	100	69	30
294	2015-07-28	6	11	165
282	1981-12-13	38	12	28
228	1975-12-27	4	19	0
259	2011-08-13	43	18	11
276	1950-04-20	37	53	113
293	1992-08-22	10	85	148
208	1995-11-07	69	11	178
275	1992-09-08	39	73	77
234	1963-03-17	71	22	182
293	1942-06-26	93	97	98
204	2001-05-19	24	65	12
202	2003-07-21	62	100	107
293	2015-10-13	74	2	73
247	1994-12-28	73	16	165
269	1957-11-29	33	54	20
264	1991-11-24	97	24	61
204	1983-11-03	21	9	59
274	1963-05-21	28	45	57
263	2009-04-12	18	80	120
240	2007-03-06	9	33	101
245	1997-10-10	37	83	95
213	1986-09-16	38	89	71
220	2005-03-20	80	57	171
275	2009-06-18	34	65	130
296	1974-10-22	38	1	50
204	1948-07-07	34	20	3
296	2001-04-12	15	11	130
215	1979-07-10	66	37	158
293	1974-03-11	38	41	164
280	1943-11-28	40	73	81
266	1970-01-16	81	85	161
232	1946-01-31	61	26	74
274	1982-08-26	24	35	115
235	2000-03-16	84	16	150
277	2014-04-23	2	100	24
258	1995-10-24	97	76	36
279	2002-02-06	3	55	83
202	1991-09-01	10	78	97
292	1988-12-05	65	92	143
253	1949-01-20	77	54	76
300	2010-02-03	20	57	146
238	1967-06-15	96	36	94
292	1953-02-26	62	32	26
286	2007-07-17	38	82	50
210	1989-11-11	53	19	143
204	2017-12-05	10	68	115
276	1992-11-11	12	10	75
255	2007-02-12	51	82	200
253	1968-03-19	47	32	76
297	2017-04-10	81	7	150
216	2009-03-27	38	14	197
251	1994-04-19	75	94	104
216	2002-05-16	27	66	58
233	2010-09-01	80	52	148
276	1992-08-25	56	87	28
221	1999-09-17	1	24	44
203	2010-05-13	37	35	179
220	1941-07-15	0	24	143
215	1989-07-14	1	31	119
292	2008-11-30	42	17	63
264	1959-10-12	44	92	77
230	1972-10-29	61	22	39
250	1955-08-23	77	77	0
257	1985-07-21	71	52	157
285	1989-07-17	38	6	142
270	1954-02-19	12	97	60
264	1964-11-28	67	86	175
248	1949-09-12	96	51	119
289	2015-11-12	55	31	22
214	1970-12-01	73	70	88
261	2010-02-06	35	45	36
276	2000-12-21	99	43	148
267	1988-01-12	95	31	16
300	1943-07-15	57	29	151
242	2009-05-15	96	4	108
250	1952-10-25	55	2	29
296	1946-02-10	34	66	132
256	1959-12-30	50	32	37
247	1976-02-18	2	10	143
256	1990-01-23	8	73	91
202	2012-04-13	31	18	15
221	2006-02-24	53	23	199
284	1945-11-15	80	64	186
298	2013-07-11	3	98	94
252	1949-01-08	54	23	31
227	1961-12-02	73	32	4
239	2011-01-04	83	25	44
226	1946-01-05	23	60	33
285	1971-01-05	83	49	58
284	1989-01-15	96	75	49
260	1972-09-17	36	15	139
287	1961-11-06	19	28	5
268	2009-05-08	4	98	113
240	1980-02-20	32	44	59
233	1985-08-19	0	92	98
224	1953-11-18	5	56	129
233	1989-07-08	96	38	110
243	2020-08-28	44	51	109
283	2009-06-09	81	35	134
294	1968-06-30	20	90	68
294	1950-08-10	53	18	74
218	2012-11-13	17	91	161
267	2010-10-18	39	90	106
227	1987-12-29	70	93	44
211	2009-07-24	94	48	60
269	1999-03-10	67	86	155
246	2001-03-11	8	38	110
224	2009-03-18	41	97	97
299	2006-09-15	45	75	147
241	1992-03-22	5	77	119
274	1956-07-26	17	97	4
248	1961-07-03	0	75	53
277	1980-08-28	92	41	0
202	1963-07-29	16	14	35
209	1997-12-20	32	81	163
287	1984-05-11	55	10	79
290	2009-06-18	84	49	166
280	1964-10-29	35	6	62
213	1943-11-10	40	16	88
270	1944-04-03	32	78	94
219	2017-03-04	24	98	50
223	2013-03-16	43	99	103
249	1952-10-20	19	11	100
270	1941-04-21	94	38	95
253	1952-11-13	97	60	179
208	2009-06-30	37	74	53
207	1984-08-11	60	3	199
284	1957-04-09	84	47	58
253	1946-10-14	11	88	104
256	1946-02-15	75	65	65
228	2016-01-16	9	11	186
213	1956-08-28	91	86	48
239	1971-06-13	20	3	192
268	1984-05-31	46	47	18
257	1946-02-13	25	42	86
298	1967-07-18	45	95	131
222	2010-02-05	89	22	14
291	1949-11-08	84	43	135
274	2015-08-15	77	48	26
298	1973-07-10	0	87	45
261	1945-11-20	34	19	135
286	1968-04-29	9	5	28
292	1999-10-23	46	16	90
239	1944-09-23	46	27	182
226	1965-10-20	81	40	79
275	1955-06-16	85	42	176
236	1992-09-13	72	64	28
291	1989-12-08	70	57	79
208	1962-05-15	76	37	22
234	2012-05-02	3	86	109
264	1962-11-16	22	18	108
269	1986-10-19	19	21	9
262	1959-07-21	3	50	120
229	1999-11-10	23	32	176
277	1996-06-24	12	79	172
210	2007-12-16	22	55	28
269	1968-10-05	54	7	122
279	1983-03-15	36	22	90
227	1982-01-30	31	48	99
246	1956-08-27	70	22	12
220	1986-02-26	74	90	45
263	2017-10-30	92	34	146
262	1960-09-21	69	52	75
289	1962-12-26	45	28	16
231	1948-05-23	26	100	105
263	1952-11-01	44	53	108
287	1980-04-01	38	22	102
206	2001-05-15	12	91	35
269	1942-09-04	41	49	71
227	1941-04-11	86	18	88
276	1987-06-11	21	92	187
289	1953-05-19	82	91	100
225	1945-01-01	68	29	91
201	1992-09-20	55	5	38
259	1991-06-28	9	73	94
212	2004-08-15	2	16	90
212	1998-09-02	1	73	15
230	1976-10-24	77	77	67
211	1995-11-21	88	27	31
234	1981-02-10	21	93	198
249	1968-10-30	67	31	113
292	1967-10-29	95	5	71
204	1991-10-17	62	4	47
246	1962-02-16	82	38	17
254	2007-02-17	34	22	87
239	1966-07-22	51	88	78
246	1995-12-13	9	85	175
231	2004-11-10	94	59	19
297	1991-12-10	0	63	139
243	1983-06-15	100	9	190
241	1993-10-11	32	85	88
299	1974-12-23	38	82	90
275	1983-11-05	42	76	90
207	1955-04-04	4	90	63
272	1942-12-11	31	16	130
280	2004-04-17	70	33	9
272	1940-02-22	59	67	197
292	1978-04-21	15	80	189
255	1974-08-15	87	43	87
239	1975-05-20	55	18	73
286	1987-08-04	46	41	25
237	1977-08-28	42	97	129
201	1982-08-01	1	11	171
257	1990-10-12	19	1	73
229	2008-05-17	15	96	16
203	1946-12-22	90	34	194
248	1945-08-22	36	88	170
248	1950-07-27	94	24	36
245	1994-05-03	87	47	170
258	1986-11-19	64	1	135
229	1947-05-16	59	48	187
298	1943-05-30	61	68	16
285	2002-07-27	9	43	122
261	1991-03-22	47	79	169
212	1972-07-04	43	47	174
220	1965-12-17	42	76	195
291	1998-08-04	86	2	39
266	1971-04-05	17	38	101
226	2002-11-24	36	14	82
