251	1996-02-09	67	81	113
289	2015-02-03	91	35	128
211	1964-02-06	26	8	46
275	2001-04-29	95	99	164
202	1988-07-25	80	96	184
223	1980-10-01	93	57	59
290	2015-09-29	39	6	49
261	2008-02-13	83	33	189
295	1942-07-31	8	96	63
235	1948-02-01	45	59	166
219	2015-03-17	36	50	126
254	1980-06-05	13	47	79
218	1992-11-23	83	13	163
299	1946-10-21	51	58	31
226	2012-07-03	3	39	116
254	1999-01-29	11	24	43
263	1954-10-04	99	26	73
280	1962-01-31	28	82	5
293	1980-10-26	97	65	27
227	1948-12-29	48	38	177
285	1945-01-22	57	39	55
264	1962-03-11	93	49	51
292	1954-12-08	6	72	133
254	1959-02-15	43	75	63
289	1974-08-03	19	89	71
212	1965-03-01	17	41	67
263	2006-02-27	47	35	156
235	2014-10-28	74	36	43
253	1972-07-02	46	56	146
230	1971-01-17	50	41	72
284	1973-04-17	32	57	85
208	2008-03-03	99	53	74
295	1965-10-30	10	2	32
226	1955-09-27	14	24	168
252	1999-03-17	27	71	41
284	1953-03-05	80	63	63
286	1975-02-24	57	77	146
239	2010-01-19	21	76	189
261	2008-07-26	11	66	135
262	1979-01-10	56	38	94
258	2006-01-11	3	2	191
297	1967-11-08	39	1	125
241	1963-04-22	26	40	148
278	1988-01-03	34	85	166
249	1969-04-01	53	6	115
283	1964-08-16	81	22	44
247	1971-06-07	46	93	63
242	2001-11-09	69	39	126
250	1956-02-22	65	92	176
223	1963-07-01	83	64	195
237	1970-08-18	26	12	4
244	1974-08-17	79	14	27
292	2002-03-31	14	57	164
248	1952-02-20	69	45	118
213	1978-10-20	23	31	47
208	1967-05-05	98	79	87
216	2018-01-08	75	52	45
282	1944-03-06	72	67	150
298	1969-04-20	9	31	137
246	2007-08-03	34	11	99
236	2015-02-11	36	83	75
297	1995-02-21	15	34	72
268	2013-01-20	18	56	12
266	1991-12-09	41	73	94
294	1955-12-31	27	37	122
254	1975-11-09	53	14	62
250	1977-02-02	78	33	34
238	1955-12-31	92	44	111
296	2002-07-15	38	91	80
253	1991-08-20	36	21	25
251	1966-01-25	14	37	30
287	1991-01-14	65	88	125
201	1947-04-24	81	97	24
256	1943-02-18	62	63	2
299	1989-01-07	98	58	163
241	1995-05-20	64	86	177
277	1954-09-29	13	43	140
237	1964-07-26	91	17	49
201	1986-07-17	46	13	6
252	1975-02-28	25	33	184
219	1954-09-15	17	90	172
218	1982-08-22	64	73	100
252	1958-06-11	93	45	62
205	1995-03-06	42	37	22
298	2020-07-29	38	34	169
268	1973-11-12	95	98	175
271	1953-11-17	12	55	52
274	1970-12-29	21	38	151
217	2015-12-05	83	28	26
289	2010-03-12	55	90	19
271	1945-11-26	26	57	171
246	1979-09-29	12	61	93
204	1940-09-11	92	98	178
290	1969-06-09	60	9	36
249	1992-04-16	9	83	180
238	1969-05-23	44	50	153
226	1945-09-14	43	36	160
210	1947-04-16	90	25	173
240	2019-12-08	46	21	190
219	2008-03-03	58	22	91
287	1976-08-19	95	36	10
229	1997-09-16	26	85	95
211	2000-05-08	51	14	161
286	2018-08-05	99	49	103
287	2016-08-10	74	18	91
263	1964-02-17	5	25	187
201	1990-03-02	56	36	70
231	1989-06-12	39	72	60
223	1984-01-13	24	100	75
257	1984-06-06	25	40	160
272	1943-06-02	93	94	63
259	1968-01-10	48	48	46
259	1971-12-13	51	36	153
263	2012-01-21	57	53	11
221	2010-02-06	0	58	60
261	2018-11-04	12	30	17
208	2005-06-30	55	2	41
268	1956-10-17	91	80	4
282	1959-01-15	55	81	117
282	1969-10-29	15	81	102
259	2013-03-04	11	48	132
285	2002-09-04	76	37	141
218	1950-06-30	10	60	105
