207	2012-08-21	38	61	100
260	1962-05-28	68	59	107
215	1988-08-03	85	31	177
272	1979-12-12	44	60	142
273	1974-03-27	52	96	182
253	1958-09-08	11	57	150
243	1978-09-09	61	42	42
259	1940-05-07	11	0	29
269	2012-08-22	7	8	127
265	1961-12-06	44	50	121
293	2000-05-05	98	98	23
300	2009-02-21	63	0	82
223	1969-11-09	5	13	71
240	2003-08-12	61	88	29
251	1947-08-22	100	12	142
293	1949-12-29	64	81	3
227	1960-06-17	2	73	174
262	1998-02-04	51	17	79
298	2003-03-29	87	36	47
225	1978-10-23	38	21	151
299	2017-05-07	92	89	97
237	1983-07-20	89	70	83
296	1949-08-05	7	80	80
289	1968-07-12	99	32	48
251	2010-02-09	48	38	12
290	1976-10-06	3	87	73
278	1951-06-05	86	4	183
217	2004-07-18	11	1	77
223	1963-07-17	66	9	94
275	1997-09-29	11	6	172
249	1968-03-04	89	64	132
283	1968-02-28	72	86	157
245	2019-03-27	36	74	24
205	1966-08-11	80	19	11
274	2016-09-04	69	19	66
266	1953-03-11	58	79	5
286	1995-05-12	2	63	25
262	2010-11-04	76	26	5
216	2006-07-01	0	66	152
279	1950-09-27	46	34	93
255	1993-03-03	46	41	142
232	1943-12-05	34	12	181
290	1992-11-16	5	49	170
203	1944-03-14	58	44	30
254	2006-01-14	56	3	139
242	1946-01-13	42	35	89
201	1979-09-18	39	67	98
218	1954-11-02	90	7	150
261	1947-05-28	58	17	68
262	1975-03-02	100	8	121
271	1980-09-14	42	82	30
216	2006-07-15	10	17	104
201	1994-01-27	77	41	86
233	2006-01-29	95	85	35
211	1946-02-26	93	32	37
228	1984-10-15	63	46	104
227	1941-11-17	40	89	188
210	1946-04-11	92	30	42
298	1956-04-21	15	12	15
235	1996-08-31	20	22	139
236	2011-11-20	88	6	141
220	1964-05-31	73	17	73
226	1958-02-10	66	66	21
290	1991-12-18	73	60	178
286	1950-10-28	48	99	20
214	1999-07-01	82	98	124
253	1942-10-06	22	50	142
224	1982-07-13	66	70	94
271	1943-02-28	5	8	155
224	1950-01-18	9	88	16
267	1941-01-07	49	91	127
264	1983-02-16	41	86	97
205	1951-11-13	0	12	95
295	1951-04-08	4	67	28
266	2008-02-05	72	66	41
214	2006-09-30	33	21	167
227	1970-09-22	68	73	134
289	1973-01-09	4	27	120
288	1999-11-03	62	71	65
250	1992-11-18	17	30	124
293	1943-06-01	77	91	196
212	1959-09-26	99	58	17
256	1999-06-07	51	33	130
268	1947-03-27	20	100	143
211	1972-09-29	30	97	20
284	1950-05-15	34	63	103
208	2018-06-05	87	38	83
272	2016-04-04	33	35	184
226	1991-04-28	0	63	51
277	2019-05-25	7	37	66
247	2011-11-04	5	62	47
203	1967-01-17	43	73	100
278	1994-11-29	33	28	14
235	1998-03-02	28	50	129
258	2018-11-25	70	69	40
202	1941-08-13	11	26	69
226	1948-02-15	73	24	26
261	1974-11-19	52	97	149
284	1958-05-13	25	67	15
299	2004-09-21	38	94	46
246	2006-09-12	27	57	171
274	2016-01-13	18	31	99
206	1982-11-29	25	99	201
244	1959-12-30	17	7	45
250	1946-01-19	80	79	112
266	1947-04-17	27	69	162
249	1950-10-07	3	5	41
284	2009-02-10	30	75	113
287	1992-02-16	25	83	52
275	1980-12-21	58	62	31
257	1975-05-17	54	91	92
202	2007-10-03	7	53	72
235	1998-01-08	36	67	46
231	2000-07-08	98	23	52
225	1987-02-18	78	40	66
275	1975-12-09	2	21	135
299	2011-08-01	88	79	40
278	1984-06-17	9	67	8
261	2017-08-23	94	85	113
233	1957-04-20	36	20	56
255	1949-03-12	99	22	73
280	2016-04-24	99	57	131
278	1960-11-01	74	74	10
205	1954-06-28	87	13	82
236	1970-12-28	77	81	124
274	1956-02-29	88	44	68
265	1967-11-18	12	83	161
238	2003-02-01	40	49	188
282	1973-01-28	93	39	0
245	1946-09-03	75	94	33
274	1987-06-26	33	75	45
257	1945-12-19	76	56	67
272	1999-07-02	71	23	146
296	1951-11-09	57	73	127
285	1996-01-08	96	22	97
267	1971-05-19	92	9	139
253	2020-09-17	23	90	4
236	1976-03-11	16	43	200
235	1991-03-18	9	10	154
252	1996-05-01	20	7	8
206	1993-11-08	40	6	123
280	1963-12-16	66	51	102
296	1954-07-02	88	25	87
290	2002-12-03	2	48	31
238	1983-05-24	64	97	190
257	1941-11-17	32	39	172
219	1982-12-19	5	77	36
242	1990-06-17	19	41	156
282	2017-05-13	20	40	64
222	2000-06-20	11	46	114
239	2017-11-07	12	65	65
278	1966-06-27	72	36	75
261	1992-07-21	56	71	198
213	1988-07-11	51	73	61
217	1966-10-07	75	67	139
232	1946-06-26	93	58	98
239	1946-02-20	44	65	167
227	1996-03-23	89	72	53
260	1987-06-16	75	86	173
299	1991-04-21	89	67	40
203	1993-03-06	94	52	146
269	1942-02-24	16	72	85
236	2004-05-22	17	63	130
222	2003-06-27	81	33	76
203	1966-12-17	19	40	134
207	1987-02-06	4	65	164
292	1963-01-03	95	59	171
204	1998-07-20	37	100	177
270	2019-01-01	40	91	33
240	1985-02-16	79	26	34
215	1940-04-15	64	72	16
275	1990-12-10	32	55	141
260	2007-12-05	77	12	104
239	1965-10-09	55	40	49
247	1951-02-11	54	56	11
226	1997-06-12	11	28	15
201	2017-02-14	86	93	75
288	1997-09-07	62	79	40
224	1942-10-31	44	56	9
229	1947-03-31	7	40	54
205	1958-01-27	79	61	124
222	1985-03-27	56	72	128
292	2015-03-28	53	69	114
240	1972-01-23	38	74	162
232	2004-05-26	46	9	89
243	1997-07-16	14	57	146
237	1981-09-03	31	49	102
254	1982-07-05	5	92	168
282	1974-08-10	61	10	93
285	1970-12-12	87	36	51
283	1988-05-08	3	56	1
232	1976-07-07	38	98	75
281	1996-05-09	89	13	153
242	1952-09-17	41	51	134
218	1995-07-29	73	7	157
