247	1972-02-06	7	65	55
212	1955-06-25	79	25	18
280	2016-09-07	0	94	82
225	1972-08-26	34	0	84
263	1968-01-16	53	75	190
202	1950-10-31	2	58	63
269	2018-04-11	60	31	93
247	1992-02-13	11	26	156
219	1965-02-06	11	77	55
221	1952-03-29	84	78	44
283	1993-08-18	94	62	3
204	2014-12-14	9	85	182
288	1968-11-25	14	92	115
220	1963-11-25	48	59	125
287	1988-10-04	21	0	50
270	2019-05-24	9	57	22
231	1946-03-09	45	20	136
275	1962-09-19	97	40	112
234	1944-12-09	41	64	134
236	1993-04-07	45	14	20
273	2001-01-01	8	69	83
241	1952-05-16	53	18	145
259	2007-10-26	47	85	180
244	1963-07-24	16	93	60
215	2000-03-29	85	3	51
238	1971-09-21	66	30	165
249	2013-02-21	77	82	50
291	1976-01-20	41	59	47
223	1970-12-18	87	9	148
281	2010-11-04	74	16	156
300	1967-07-07	1	99	75
294	1980-05-11	81	34	193
281	1977-03-26	68	3	124
282	1997-05-27	92	47	35
228	1967-03-16	67	51	43
240	1977-05-27	92	100	0
255	1943-02-09	83	95	62
231	1954-04-07	55	60	3
204	1958-06-21	76	33	28
295	1993-09-10	76	15	181
272	1948-06-10	15	32	92
239	2015-01-25	51	31	170
287	1993-09-11	60	44	157
271	2016-10-01	59	31	111
203	1956-11-30	87	19	177
291	1975-11-25	89	58	88
236	1948-04-14	93	89	23
267	1949-05-01	13	58	161
262	1998-05-28	51	19	201
248	1970-02-01	80	29	165
237	2015-03-22	98	5	19
233	1954-03-29	32	10	155
287	1957-03-14	23	23	170
292	1980-07-29	32	54	175
283	1957-03-03	81	72	129
268	1966-05-01	65	16	30
228	1985-01-18	53	35	26
271	2019-09-17	93	50	201
264	1961-07-01	25	46	10
250	1970-03-22	19	47	52
235	1997-06-01	17	8	58
286	1970-03-09	12	53	151
283	1942-06-29	54	34	3
210	1992-11-01	22	93	102
252	1988-04-24	46	38	94
219	1974-09-19	14	9	75
285	1967-02-20	36	33	162
238	2007-11-13	67	85	128
245	1991-04-29	12	69	72
266	2014-11-14	90	91	190
256	1979-12-31	75	71	31
228	1975-04-06	41	16	103
259	1950-04-17	75	49	146
265	2016-11-15	83	3	96
294	2020-09-14	74	73	141
293	1991-11-10	46	84	48
277	1973-05-05	43	60	164
201	2007-09-04	84	72	89
241	1984-09-27	36	40	171
240	1963-03-27	4	63	37
212	1962-08-26	39	57	101
241	1987-12-27	78	48	17
293	1991-08-12	32	24	80
201	1945-07-10	89	15	195
221	1962-03-25	70	54	1
299	2003-05-26	13	57	124
281	1977-06-20	9	0	159
205	1997-04-09	95	62	103
245	2007-01-30	54	35	44
211	1943-02-20	83	84	177
250	1990-09-21	13	98	22
227	1944-06-13	70	87	7
217	1988-09-13	57	69	55
211	1985-06-26	62	58	42
287	1950-12-30	20	41	61
286	2016-10-18	33	54	82
218	1981-08-16	11	81	187
295	1983-04-02	2	57	130
248	1995-09-24	34	90	193
220	1993-06-08	81	64	156
203	1981-02-23	98	35	153
233	1973-07-29	87	9	168
238	1947-03-07	99	5	168
262	1961-09-04	69	9	27
290	1983-03-18	55	25	99
234	1971-06-20	29	6	66
258	1943-03-19	70	59	8
246	2016-04-11	15	53	128
233	1975-06-17	38	59	167
284	2013-08-15	11	6	64
221	1946-05-26	35	74	39
295	1978-03-04	13	93	38
287	1987-02-25	70	98	38
245	2013-03-22	80	27	68
289	1947-02-10	33	69	196
271	1981-06-12	29	69	142
299	1973-05-27	73	73	102
211	1975-06-27	24	9	30
220	2013-11-06	43	67	107
290	1991-09-13	9	5	31
222	1956-07-20	9	84	30
236	1973-04-23	64	54	93
242	1961-03-27	64	49	113
275	1972-03-02	66	22	1
239	1987-06-25	42	29	20
209	1961-08-04	58	95	52
211	1953-03-05	84	28	115
272	2015-11-10	98	4	140
220	1970-10-04	30	72	201
298	1987-02-05	70	52	33
246	1941-12-04	19	60	109
231	1960-11-06	83	28	22
223	2020-07-03	95	45	162
245	1993-05-26	68	63	3
243	2002-01-17	9	70	201
279	1952-10-02	92	52	30
230	1942-01-14	86	28	101
258	2017-02-27	77	84	126
264	1980-08-11	50	90	25
230	1988-12-28	90	2	107
215	2012-06-05	68	93	113
249	1981-05-07	36	86	3
232	1945-03-02	81	34	161
213	1960-07-15	56	24	136
294	2018-01-28	16	33	193
258	2006-06-17	64	53	188
276	2009-02-06	75	0	68
256	1998-12-30	45	58	186
227	1983-05-03	60	79	32
274	2017-09-29	4	52	98
273	1998-01-07	5	70	38
297	2008-09-14	29	94	24
225	1964-10-28	90	76	30
208	1959-09-15	29	77	103
222	1945-05-14	45	77	43
284	1950-09-17	28	55	88
