282	1943-11-17	35	51	110
218	2017-07-20	74	5	5
231	1943-02-02	42	75	142
220	1981-02-22	1	64	69
262	2009-10-26	33	87	45
261	1989-01-03	41	8	15
296	1974-06-23	18	67	80
230	1954-11-29	84	36	31
232	1992-08-03	36	51	196
217	1946-04-13	3	1	159
243	2002-10-31	65	65	85
220	2020-04-04	12	74	155
225	2012-03-14	15	73	119
293	1963-08-04	4	2	53
217	1986-11-15	60	40	135
201	2017-08-14	16	0	8
235	1977-05-19	98	77	54
205	1950-06-20	3	47	30
297	1950-10-26	2	66	130
249	1998-09-09	38	63	152
229	2003-02-24	55	63	37
282	1943-12-21	95	84	196
250	1987-05-06	63	23	65
281	1999-01-06	71	86	135
250	1946-10-02	99	49	84
251	2019-05-08	68	89	110
289	1945-03-23	81	76	133
256	2016-09-24	72	24	21
220	2020-04-09	80	21	102
210	2017-11-03	47	97	26
285	1975-08-21	3	68	139
233	1981-10-16	56	86	160
275	1977-07-10	20	78	19
286	1944-11-19	74	60	16
299	1984-09-06	36	97	32
232	2004-04-05	41	21	108
211	1982-05-28	61	95	129
267	2015-01-05	65	20	118
292	1973-06-25	74	10	76
250	1973-01-12	53	80	89
285	1955-05-16	1	18	74
261	1976-01-13	90	86	133
260	2001-08-04	47	6	73
243	2012-05-26	56	79	27
214	1987-04-11	24	12	182
224	1976-09-25	34	4	122
256	1970-11-16	92	87	75
213	1984-11-30	69	81	10
267	1965-11-13	75	94	70
265	1975-01-19	4	8	16
286	1979-06-14	70	95	43
273	2009-01-29	55	99	111
265	1946-06-18	30	95	163
245	1976-05-19	74	3	16
248	1977-02-22	62	30	195
238	1973-06-03	76	65	17
246	1947-08-22	12	37	112
255	1950-09-26	18	95	199
282	2013-07-01	55	81	5
279	1971-12-27	13	5	139
281	1969-07-26	78	40	70
210	1953-01-11	100	73	38
247	1942-11-16	40	25	181
229	1976-07-07	6	28	82
209	1943-08-12	77	73	8
252	1968-03-15	19	13	159
268	1971-12-18	21	63	81
212	1972-11-27	11	82	4
288	1978-09-10	85	31	140
231	2016-05-12	57	23	18
232	1995-07-08	4	25	176
242	1947-09-06	93	74	79
254	1950-02-28	29	29	165
209	1950-11-12	92	15	110
218	2004-03-17	68	79	168
223	1993-03-29	84	82	76
221	2015-11-22	4	43	5
240	2004-01-08	4	100	100
295	1956-11-12	12	89	173
234	2017-09-16	90	73	50
233	1984-08-19	2	78	26
237	1977-02-11	69	72	35
267	2015-02-17	73	95	16
205	1965-08-24	42	17	100
207	2005-01-04	6	76	184
244	1953-04-14	18	23	132
225	2003-06-21	84	71	121
262	2013-10-26	97	5	190
230	1998-06-01	16	12	121
218	1983-09-19	97	18	175
209	1950-07-08	24	5	45
210	1954-08-20	33	68	95
212	2002-08-18	42	76	15
266	2000-01-22	33	60	130
274	1941-02-23	76	87	10
267	1973-10-12	100	42	169
287	2019-01-05	0	33	133
238	1979-11-23	16	84	154
259	1964-06-08	56	8	72
291	1991-03-11	3	87	134
233	2014-02-10	37	37	147
268	1995-04-08	53	57	101
259	2016-11-23	25	85	61
290	2013-01-28	21	96	69
264	2018-02-14	42	70	43
294	1994-06-04	18	23	76
207	1940-12-02	96	8	13
208	1998-07-30	73	24	93
273	1971-05-21	0	37	32
226	2014-08-21	54	47	145
267	2015-08-08	20	45	137
289	2016-04-24	53	15	42
244	1941-11-02	8	87	12
265	1969-12-07	16	29	107
226	2004-03-02	76	78	105
294	1987-03-31	97	25	145
277	2001-10-16	3	81	117
208	1981-12-22	48	71	145
265	2017-10-24	4	6	135
225	1944-05-26	29	55	136
212	2002-07-01	55	57	43
300	2013-08-12	46	82	92
288	1983-10-15	14	68	146
270	2005-02-23	47	77	158
298	1952-12-27	50	3	20
240	2015-11-07	44	75	157
225	1943-08-20	0	87	197
210	1978-07-22	66	69	104
215	1960-12-03	88	18	76
251	2006-03-10	56	73	51
206	1998-04-19	49	42	195
230	1957-08-30	15	6	148
226	1988-10-24	99	51	73
287	1945-11-12	100	97	108
275	1960-09-23	19	50	133
285	1995-03-21	38	39	70
277	1973-05-20	100	46	14
221	1964-06-17	87	11	59
226	1964-12-27	74	75	11
211	1965-09-07	47	33	97
269	1974-03-09	55	96	152
280	2000-03-28	55	95	195
257	1954-03-27	66	1	4
267	1984-12-06	35	56	149
298	1951-03-30	68	91	143
236	1964-01-08	5	48	113
238	2014-09-24	61	15	4
242	2001-10-18	70	66	88
219	1969-12-01	65	89	179
227	1946-06-22	42	39	123
208	1999-11-18	22	6	73
299	1959-11-01	8	47	131
265	1980-05-28	4	28	145
204	1992-10-19	12	30	200
237	1952-07-31	48	62	194
231	1968-08-01	57	98	37
262	1997-12-21	14	27	5
246	1953-06-10	47	12	174
295	2011-06-22	97	84	31
288	1975-08-10	25	95	95
268	2011-06-13	7	98	46
289	1998-07-30	46	82	167
223	1987-05-03	22	86	131
288	1959-01-14	29	43	42
223	1993-03-14	61	13	175
291	1998-02-21	19	81	84
263	1949-10-03	5	86	92
203	1966-08-07	41	4	118
230	2007-05-27	55	34	125
246	1957-10-21	25	73	137
244	2014-07-10	42	4	33
281	1942-02-20	64	13	100
269	1963-01-25	10	44	16
279	1951-01-27	96	11	155
260	2017-06-25	98	5	175
279	1961-02-06	17	65	164
209	1979-02-19	65	92	65
248	2009-08-29	10	9	170
292	1977-12-24	32	3	143
224	1975-05-25	49	78	122
249	2000-01-10	5	82	191
205	1999-05-27	66	0	137
218	1943-07-28	65	23	155
245	1981-02-20	40	10	199
209	1995-01-28	50	10	174
265	1989-08-13	44	2	116
244	1989-08-04	94	100	169
251	1946-06-21	31	60	130
263	1968-01-15	89	43	135
294	1953-07-10	39	79	2
249	1960-04-28	94	53	29
270	1946-02-21	88	65	68
202	1965-05-07	1	84	111
219	1993-11-02	100	15	23
230	1950-06-04	87	58	140
283	1969-05-03	25	31	12
253	2008-07-07	15	8	94
242	1982-03-11	23	39	140
293	1980-04-11	68	10	30
274	1981-12-27	17	28	187
236	1953-12-15	78	94	28
205	1962-03-24	18	100	118
297	1989-10-06	7	93	171
275	2006-12-15	52	76	49
224	1990-01-30	49	69	30
257	1999-07-12	39	85	112
253	1958-05-19	52	56	56
225	2014-07-07	28	81	104
252	1964-09-24	47	12	95
294	1987-08-31	7	73	72
299	1946-10-04	67	82	145
207	2001-09-06	50	1	57
293	1994-02-08	15	42	11
211	1949-08-20	92	39	34
220	2004-08-27	70	59	169
249	2001-02-13	59	14	86
258	2014-06-17	91	44	169
267	1946-05-12	98	41	29
238	1949-03-19	96	14	45
209	1980-07-16	4	87	104
298	1998-12-13	16	44	58
236	1968-11-12	78	33	103
235	1978-11-16	61	12	125
279	1979-01-17	29	31	125
221	1979-03-16	1	94	42
268	1944-03-05	7	53	61
218	2005-08-18	80	27	75
262	1991-07-23	21	71	14
205	2001-09-01	54	80	66
255	2003-09-19	17	5	143
296	2007-04-12	27	58	83
222	1977-01-22	21	18	93
235	1948-08-10	31	36	127
202	1978-06-08	8	95	89
259	2012-06-19	94	59	156
219	1975-09-15	72	92	68
262	2015-05-24	24	49	130
248	1974-02-18	32	1	25
252	1999-01-15	99	30	81
252	1950-09-24	88	26	59
256	1952-11-12	62	18	68
241	1950-01-12	59	100	174
243	2010-10-16	40	90	126
263	1975-10-01	72	33	121
217	1977-01-06	55	89	181
256	1952-04-22	57	22	188
214	2001-02-11	62	6	31
227	1941-06-09	5	71	139
279	1949-09-16	38	18	177
299	1945-12-20	58	37	11
223	2010-07-09	91	70	109
240	1963-09-10	9	8	101
245	1973-06-16	49	80	151
258	1977-10-07	99	86	137
266	2002-10-19	85	32	179
243	1942-04-03	53	17	180
300	1987-05-17	22	6	147
208	1959-10-27	88	1	81
244	1994-02-01	14	45	120
209	1991-08-27	95	72	8
230	1984-09-30	98	63	85
272	2007-10-15	43	43	110
202	2015-03-27	23	36	171
215	1943-01-15	9	57	26
253	1960-09-29	6	4	93
205	1987-03-31	64	5	133
221	1953-10-06	36	52	13
219	2019-09-23	21	92	126
227	1999-02-15	53	51	191
289	2016-05-15	68	57	101
299	1950-11-04	34	59	34
274	1983-03-07	74	28	166
267	1987-10-12	77	83	137
266	1940-08-07	59	4	102
242	1964-04-14	58	49	185
215	1949-01-15	47	69	30
267	1979-11-27	2	15	42
231	1982-03-23	100	13	29
249	1956-08-09	23	82	18
211	1980-03-22	54	87	38
233	1955-08-08	62	24	80
