229	2019-02-11	31	45	74
246	1988-04-14	79	64	11
280	2011-10-04	2	18	66
262	1995-10-13	9	86	61
204	2010-01-30	41	71	166
230	1971-02-06	15	90	73
300	1970-11-05	7	9	53
280	1968-09-10	59	48	73
275	1999-07-19	13	63	76
218	1981-11-05	25	64	93
280	2008-11-22	13	81	193
278	1988-03-06	85	74	142
291	1945-11-24	17	43	174
276	2020-07-18	53	68	108
272	1961-06-11	97	64	123
294	2018-05-08	56	70	66
279	1983-11-07	69	24	125
242	2020-08-25	82	13	50
292	1953-10-22	50	98	190
244	1986-03-18	10	43	40
231	1957-06-05	16	47	6
203	1975-09-24	92	2	23
284	1996-08-14	27	54	57
257	1998-01-14	99	40	63
257	1984-11-20	85	38	152
271	1966-02-16	24	73	103
255	2012-09-08	17	100	5
268	2014-01-17	97	36	8
204	1980-07-30	66	50	199
232	1993-03-17	20	60	66
299	1985-10-18	89	63	78
256	1971-08-12	24	67	149
297	1968-02-12	7	1	179
241	1974-07-16	12	14	95
232	1970-11-06	59	48	30
288	2003-02-10	80	85	15
299	2005-07-08	42	26	185
256	1945-06-10	60	76	87
225	1958-05-01	15	73	74
288	1952-02-24	91	93	121
258	1949-12-23	61	57	180
213	1959-05-10	34	47	56
203	1993-08-18	9	100	168
209	1984-01-19	97	95	129
215	2001-09-03	95	22	128
266	1979-11-30	79	14	107
269	1941-09-22	19	19	97
213	1957-01-12	83	77	30
230	1966-01-10	91	73	15
244	1958-04-30	15	64	60
241	1950-08-26	63	59	191
258	1946-04-14	57	69	167
273	1978-10-04	68	76	156
230	1955-07-27	27	2	196
258	1974-12-19	67	45	134
273	2009-02-27	38	86	176
255	1960-03-25	77	32	145
238	1963-08-02	78	84	60
206	1977-01-19	87	6	11
203	2011-02-01	5	30	183
234	1940-01-25	4	36	161
212	1983-09-15	95	91	193
203	1987-06-30	8	57	135
219	1951-03-24	19	93	65
300	2012-07-01	97	22	2
210	2018-06-26	60	19	17
298	1954-11-08	28	29	50
244	1989-02-01	64	17	186
262	1949-03-07	14	46	11
237	1990-11-23	81	24	117
295	2009-10-29	72	92	143
261	2014-10-05	28	93	92
281	1999-12-22	22	32	167
273	1943-07-08	65	84	127
237	1948-01-28	72	83	181
220	2001-07-21	58	77	17
271	1977-08-30	93	46	145
255	2014-06-08	13	35	192
209	1996-01-28	70	57	16
292	1960-01-20	48	0	28
228	2000-09-14	16	98	89
265	1961-10-04	78	1	12
242	1973-02-28	58	80	1
290	2001-01-02	9	86	11
292	1987-04-28	46	13	186
273	1945-11-09	61	8	26
223	1944-07-20	89	7	139
296	1945-06-01	57	64	111
242	1990-05-10	89	100	192
228	2006-07-07	78	99	58
267	1990-06-19	41	32	5
251	1946-12-29	7	52	31
244	2019-11-04	68	13	68
206	1940-03-21	8	65	35
208	1997-05-01	90	41	0
231	1941-11-09	0	49	39
231	1960-04-04	60	73	199
250	2007-10-05	41	55	84
244	2020-09-07	74	77	108
258	1988-10-23	21	62	10
252	2019-04-27	59	0	97
298	1972-07-16	28	78	179
248	1978-10-30	74	51	114
249	1941-06-25	19	21	57
222	1991-06-16	32	89	170
300	1974-11-23	22	34	59
283	1956-08-13	91	97	156
248	1943-04-07	44	99	158
220	1940-03-18	53	8	30
