217	1988-07-28	81	68	18
238	1967-03-24	99	48	101
265	1968-01-09	61	4	8
282	1975-06-12	6	57	148
222	1948-05-01	82	93	28
246	1970-12-05	91	96	33
268	1967-08-28	77	91	112
256	1976-11-21	10	69	64
277	2003-06-07	9	37	167
243	1948-06-15	53	84	183
249	2015-04-17	10	72	88
220	1958-08-30	71	44	70
270	2012-07-29	99	97	116
297	2014-03-08	82	16	5
263	1981-06-03	62	0	134
207	2008-09-27	70	43	144
267	1989-04-01	41	29	101
297	1966-06-26	82	63	75
207	2004-02-02	66	14	14
290	1946-11-22	100	30	54
249	1966-04-10	67	25	42
223	1958-02-09	61	61	50
223	1972-02-18	55	74	1
247	1965-11-18	53	29	195
203	2006-05-16	42	95	81
255	2007-12-16	27	54	56
248	1948-09-16	82	63	190
259	1958-09-03	56	15	140
294	2008-02-04	88	68	162
245	1980-03-02	99	15	39
278	1965-11-09	48	87	42
220	2017-12-13	85	33	197
269	2018-04-26	84	58	122
244	1999-02-28	82	5	122
208	1984-01-10	21	71	92
298	1991-04-25	33	12	121
217	2017-09-03	14	77	190
275	1988-08-28	26	33	76
291	1983-06-21	59	63	95
227	1969-04-27	84	89	20
261	2001-07-15	14	45	187
278	1970-11-03	45	35	144
231	1950-08-21	99	8	115
234	1992-01-23	98	62	183
272	1973-06-29	42	68	153
210	1967-05-29	88	78	164
202	1965-06-18	70	3	125
268	2010-01-02	65	81	160
277	1947-04-04	0	90	178
246	1945-11-23	95	99	92
287	2007-03-12	43	91	4
239	1941-12-11	63	26	88
253	1985-07-11	50	1	2
243	1988-06-28	31	100	147
289	1949-12-06	1	30	66
219	1940-05-22	94	4	167
282	1993-02-22	49	61	74
283	2002-02-22	99	42	14
203	2016-01-28	60	57	104
227	1943-08-25	23	68	98
256	2013-07-30	94	15	79
252	2006-01-15	41	64	40
258	2006-11-24	33	39	43
209	1994-11-21	77	78	118
209	2012-02-17	48	97	19
279	1994-09-01	47	89	171
241	1949-09-21	29	62	43
253	2012-08-18	63	23	151
205	1960-12-25	86	33	19
287	1993-01-02	77	47	125
280	2016-10-04	0	10	161
228	1950-01-12	53	97	32
245	1976-03-11	14	78	110
279	1953-08-12	43	8	151
244	1958-07-11	18	25	7
216	1957-04-08	37	46	68
270	1975-09-01	99	16	130
217	1986-07-12	28	10	169
205	1981-03-22	78	66	54
220	1983-06-16	84	95	85
271	1985-06-08	39	55	91
207	2020-01-11	92	93	177
211	1990-07-28	5	44	184
279	1977-12-07	93	97	67
264	2007-08-29	86	14	131
296	1946-10-23	73	35	55
261	1976-09-26	86	59	130
212	1957-08-24	90	81	29
203	1994-12-04	38	73	49
249	1960-04-07	54	14	12
213	1957-03-18	91	40	156
225	2018-12-18	92	75	13
229	1955-09-26	26	99	45
273	2011-11-16	85	93	116
208	1972-05-22	61	36	24
229	1982-02-16	81	85	113
251	1945-03-17	5	63	173
224	2006-09-16	71	5	81
206	2008-07-17	5	22	135
284	2000-11-18	67	26	186
205	1940-09-27	40	91	3
278	1959-09-10	46	79	115
248	1974-08-28	85	75	90
285	2004-02-03	73	43	114
257	1984-03-12	39	2	131
295	2007-06-10	20	53	74
297	1958-09-08	15	98	38
227	1999-05-21	100	77	9
282	2012-01-29	46	4	15
241	1989-08-24	17	85	127
227	1965-10-14	43	16	82
258	1993-05-11	45	94	191
207	1954-08-18	94	76	102
219	1968-11-24	86	57	16
289	1954-12-21	75	76	77
273	1943-09-29	25	51	192
268	1958-01-31	14	88	65
257	1975-05-05	38	42	144
210	2019-02-25	55	90	65
243	1970-03-05	81	11	190
286	1992-01-07	12	67	151
231	2020-03-06	83	55	69
263	1964-04-27	12	83	25
233	1998-05-29	17	41	152
233	2011-11-22	67	91	195
232	1952-07-31	28	41	119
283	1991-03-11	70	60	147
282	2019-03-24	62	59	26
259	1945-11-21	37	7	193
240	2011-11-07	70	41	8
232	1974-06-23	79	81	127
230	1967-11-07	82	87	140
257	2016-11-06	38	84	91
257	1950-03-07	41	70	24
258	1971-08-08	6	4	160
227	1992-11-14	79	73	117
203	1972-09-05	77	4	188
259	2002-03-05	76	3	177
265	1960-05-01	18	30	101
292	2000-11-20	43	46	156
240	1991-06-26	61	98	162
236	2007-07-24	7	22	102
263	2008-09-27	89	54	169
211	1949-07-03	70	28	30
232	1955-04-02	85	9	7
229	2013-09-24	68	40	168
254	2010-06-23	72	71	103
210	1955-05-22	58	42	132
256	2015-12-05	29	79	156
277	1998-02-11	33	75	86
272	1967-04-29	49	47	120
248	1944-03-18	42	60	142
250	2007-05-08	50	32	49
209	2016-08-29	56	11	154
245	1993-01-03	92	69	12
247	1998-01-23	25	1	69
212	2001-04-13	59	6	43
202	1990-01-11	52	34	184
294	1945-11-13	50	99	116
215	1988-01-02	87	79	168
294	1995-11-30	55	8	172
259	1999-12-30	67	61	191
238	1981-11-05	92	89	124
278	1946-09-07	43	15	30
284	1987-08-24	85	1	77
299	1958-12-11	90	8	97
299	1999-10-28	41	67	3
281	1957-08-31	100	95	32
259	2015-03-20	85	26	106
251	1951-01-24	17	20	177
300	2015-02-24	61	81	85
293	1945-12-10	19	25	199
229	1968-07-02	19	91	28
248	1999-04-25	74	61	127
202	2008-05-19	79	100	197
213	2008-02-07	81	40	62
289	1972-07-01	72	25	162
