234	2006-02-28	26	40	164
233	1963-05-20	7	22	177
218	1989-12-09	1	95	199
269	1960-09-05	11	4	179
247	1976-11-15	13	35	29
260	1961-03-26	75	81	39
204	2002-05-08	59	9	64
288	1966-04-15	78	32	42
225	1974-09-11	69	6	8
227	1987-05-11	47	63	189
245	1944-07-13	41	44	175
237	1977-07-08	68	13	166
294	2007-05-26	4	91	71
271	1989-11-24	83	34	81
270	1987-11-09	61	76	167
299	1999-12-12	58	44	119
246	1948-08-25	70	81	80
216	1959-04-23	58	21	108
212	1961-02-08	18	65	66
208	1973-04-13	7	33	26
218	2002-10-27	20	18	201
279	2007-03-12	93	79	82
254	2009-11-15	43	15	55
247	2020-09-03	41	76	16
291	2010-07-25	66	3	184
209	2004-04-30	70	73	28
263	1983-03-15	58	35	151
263	1950-10-31	36	24	75
208	1998-03-28	52	23	176
284	2004-04-16	54	90	153
228	2014-06-23	98	72	66
253	2012-12-09	53	77	145
256	2008-07-08	100	87	21
231	2019-07-07	37	54	17
224	1966-09-03	1	82	19
201	1997-03-03	19	30	60
203	2017-03-05	24	9	56
206	1946-06-15	14	42	31
237	1984-04-30	55	54	110
204	1975-02-20	49	22	21
268	1992-05-06	18	8	201
224	2016-09-25	24	6	174
229	1944-03-15	6	100	95
242	2011-02-13	13	49	114
286	2005-12-12	48	21	35
247	2004-10-02	44	45	158
237	2003-04-08	89	71	123
266	1945-12-21	51	41	20
247	1988-01-24	69	26	162
284	2007-11-12	64	7	196
243	1983-08-31	75	8	195
211	1962-07-19	15	31	193
240	2012-07-23	17	43	137
252	2010-06-06	11	55	2
300	1984-10-31	60	64	144
251	1962-02-13	74	86	138
253	2013-02-24	28	78	50
211	1982-03-17	45	95	199
274	1997-10-18	100	66	160
226	1954-04-12	35	73	156
202	1956-12-29	38	26	144
278	1970-10-26	5	87	10
233	1954-06-06	46	17	107
226	1972-07-24	85	24	152
280	1981-08-26	83	7	71
246	2005-10-29	88	49	40
232	1959-02-07	48	56	112
205	1986-06-24	69	72	187
214	1976-10-23	22	71	101
211	2019-07-31	3	75	76
292	1997-06-12	41	74	63
296	1941-02-12	56	89	154
210	1995-04-09	69	72	18
253	1947-08-13	16	71	1
283	1979-07-22	97	68	147
272	1993-11-07	95	54	111
210	1941-10-16	42	49	45
300	1953-08-05	71	62	159
231	1987-08-10	13	34	25
202	1961-10-04	24	47	117
256	1953-10-23	54	98	81
201	1970-01-19	51	3	1
205	1943-10-02	6	59	194
269	1954-07-21	26	37	152
271	1992-01-30	95	94	154
262	1983-04-01	7	38	100
224	1988-10-08	43	58	97
258	2018-07-05	21	60	150
201	1940-01-23	52	23	19
212	1972-08-04	0	58	123
280	1993-02-10	57	68	53
207	1949-11-01	25	37	81
294	1998-05-26	29	59	143
238	1946-06-02	11	89	115
240	1970-07-12	39	66	88
233	1963-08-05	43	13	172
204	1941-01-26	20	9	101
208	2006-07-13	0	25	191
224	1969-11-04	64	73	111
207	1952-01-20	80	13	191
295	2007-11-01	0	15	37
229	1970-07-21	66	57	62
204	1946-09-28	56	48	79
229	2018-10-18	87	24	54
270	2011-05-24	25	36	47
223	1958-05-31	88	100	82
259	2000-03-29	92	94	78
236	1959-12-25	88	3	84
214	1971-10-02	54	95	159
273	1964-12-11	48	41	81
299	1972-12-21	6	1	156
295	1994-07-27	75	5	69
219	2010-12-16	32	82	8
281	1972-01-11	15	12	176
284	1965-06-20	64	74	13
238	1970-11-09	82	25	198
226	1992-02-19	84	68	134
260	1992-02-22	6	85	160
255	2004-01-23	27	15	111
215	2004-03-26	90	17	198
215	1977-10-28	75	25	0
264	2017-10-16	45	45	62
254	2014-12-06	3	87	199
249	1943-07-31	34	7	141
248	1989-08-13	56	24	161
255	1963-04-30	62	51	140
235	2012-02-03	10	45	20
261	1996-08-02	43	37	59
290	1979-01-26	30	94	197
269	1985-12-03	72	90	175
254	1983-08-20	41	17	74
217	1943-06-07	73	29	22
292	1963-03-19	8	39	9
297	2006-11-03	20	65	178
281	2014-08-16	64	76	97
232	1996-06-10	25	21	193
228	1974-01-09	29	32	91
215	1974-12-16	21	81	193
240	1993-09-06	32	16	56
253	2002-10-26	13	29	143
262	1941-05-10	48	43	102
261	1982-05-09	4	5	18
290	1964-09-24	37	21	194
226	1944-01-04	48	63	3
214	1944-12-30	66	7	185
224	1969-08-24	66	41	97
273	1956-03-10	21	33	50
281	1997-09-17	75	51	24
290	2004-12-17	64	55	46
224	2016-05-29	99	47	121
264	1952-10-27	12	75	187
273	2007-10-23	24	8	99
286	1949-07-06	61	52	18
265	1998-07-26	33	12	166
225	1963-04-04	71	60	155
206	1976-02-05	73	45	199
287	1968-10-17	78	32	6
264	2009-06-13	43	57	80
272	2003-04-18	40	70	29
252	1985-06-01	40	6	185
228	1964-01-03	11	17	94
297	1952-12-23	81	94	125
288	1994-11-16	97	94	94
267	1940-06-02	49	50	47
280	1959-01-20	56	22	121
261	1948-08-18	76	59	143
263	1941-06-25	82	77	60
237	2019-09-02	8	33	95
266	2005-03-26	39	64	63
246	2004-11-01	4	10	181
242	2003-04-29	66	23	197
248	1958-02-09	4	98	105
278	1943-12-23	26	43	46
238	1991-05-28	72	86	65
288	1975-09-14	21	94	0
258	1952-10-13	65	9	82
283	1949-01-09	56	28	31
236	1958-04-19	3	80	152
238	2008-10-05	14	90	114
212	1958-07-16	37	1	148
255	2019-02-18	46	52	64
217	1988-03-22	2	74	108
237	1947-10-18	31	11	138
222	1996-10-16	82	75	199
222	1940-09-29	73	30	184
234	2004-02-02	49	9	18
249	1975-08-23	65	20	46
287	1995-04-08	94	74	70
286	1980-01-20	46	87	128
280	2002-04-12	42	2	146
261	1955-03-13	43	30	115
281	1950-10-12	56	74	80
206	1961-06-25	64	43	6
258	1977-06-26	46	53	90
266	1950-08-09	60	64	85
220	1989-10-17	89	77	46
204	1991-05-09	87	42	194
277	1944-08-31	39	96	69
261	2018-03-12	75	55	91
263	1973-11-04	90	100	138
270	1963-11-21	9	88	159
272	1954-02-03	39	52	163
266	1964-09-01	2	81	56
209	1958-05-24	73	98	174
207	2010-12-10	99	57	103
210	1983-06-23	76	42	48
290	1952-09-22	92	13	134
249	1988-06-22	73	89	199
220	1969-01-14	92	30	136
275	1973-07-17	56	76	67
281	1985-05-05	29	90	29
275	2011-05-07	1	22	74
266	1942-12-14	27	41	198
286	1968-12-19	10	66	187
285	1984-07-15	14	29	183
247	1986-08-18	40	58	147
220	1989-07-12	59	30	108
216	1962-02-18	34	21	129
223	1955-06-21	49	90	102
275	1951-06-05	45	18	92
279	1957-05-10	70	41	51
225	1956-12-28	96	56	23
237	2001-08-28	2	46	142
272	2009-06-13	86	67	141
