238	2009-11-09	15	50	196
289	1959-03-16	49	15	65
258	1979-09-05	15	28	176
259	1941-11-07	10	78	119
207	1940-06-15	92	64	187
291	1978-07-04	73	69	125
293	2015-02-24	10	74	45
259	1960-09-29	13	71	157
247	1962-12-11	76	55	132
286	1963-12-02	96	92	172
234	1964-03-19	13	18	193
227	1978-11-05	90	70	156
277	1985-09-14	0	85	32
239	1964-06-17	24	42	127
235	1983-02-25	38	64	67
211	1974-05-08	3	13	193
260	1999-02-27	23	51	66
246	1963-02-06	6	36	6
206	1953-12-13	77	9	77
293	1982-08-26	55	20	69
218	2007-04-24	18	54	22
203	1946-03-25	80	100	8
207	1971-05-12	13	46	167
265	1968-05-30	59	75	183
208	1988-07-17	50	53	176
264	1944-09-13	70	95	26
254	1983-01-02	42	48	7
238	1995-08-12	98	45	86
234	1985-04-30	49	49	113
287	1969-02-09	4	53	191
241	1954-05-28	55	60	132
212	1990-06-26	37	0	132
261	1983-08-22	11	100	9
204	1963-07-30	68	88	66
216	1962-01-09	32	69	158
297	1993-06-04	64	28	98
236	1979-09-29	80	57	59
219	2019-03-09	65	38	89
275	2005-02-10	31	71	57
285	1963-12-13	49	70	80
201	2008-03-06	25	37	72
270	1976-05-15	24	57	62
228	1961-11-02	27	87	9
279	2013-09-28	86	90	139
229	1995-10-02	60	97	100
244	1967-05-11	75	5	121
273	1977-06-10	15	46	147
299	1983-10-22	70	34	169
256	2006-08-07	20	25	136
231	1961-01-14	69	25	7
286	1953-12-15	78	96	27
223	1997-01-11	40	2	149
300	1977-10-14	51	80	104
222	2001-04-05	87	76	59
229	2017-11-03	78	41	156
287	1984-01-04	74	7	181
225	1969-10-01	29	98	70
238	1974-01-31	49	9	74
295	1947-04-09	72	98	43
206	2008-09-23	69	70	96
269	2014-09-29	26	23	201
300	1968-09-11	75	83	77
246	2016-05-18	43	19	106
240	1970-11-18	45	14	138
273	2010-04-22	42	10	138
286	1958-07-12	64	78	62
203	1998-01-02	98	97	50
274	1997-01-19	2	82	109
221	1959-02-25	80	12	7
285	1978-01-04	85	74	152
261	1951-03-16	90	15	151
291	1998-12-28	22	88	166
242	1948-04-16	21	54	47
259	1942-06-13	69	46	178
298	1982-09-18	34	15	63
209	2010-04-04	58	91	124
260	1944-02-07	18	74	77
260	2016-05-24	9	65	42
227	1973-04-18	20	98	14
295	2006-08-20	51	74	1
213	2004-01-14	78	17	159
280	2012-04-09	81	83	200
223	1976-05-07	30	68	79
208	2003-11-15	59	83	17
222	2010-03-08	60	38	100
224	2003-03-19	7	60	28
300	1978-05-19	65	0	167
212	1945-10-04	29	8	42
207	2020-01-29	14	37	125
207	1961-09-06	63	27	1
219	1988-07-23	73	34	114
287	1971-12-31	34	46	191
271	1988-05-11	0	56	172
211	1964-11-23	78	34	100
280	2017-12-25	85	56	68
266	1949-10-29	82	100	145
281	2012-11-10	14	63	37
204	1943-01-07	87	78	18
206	1946-01-12	3	55	173
205	1991-12-02	38	28	57
232	1965-06-01	45	86	132
235	1993-08-30	20	65	158
235	1991-10-17	32	22	155
236	1993-07-13	36	92	132
276	2008-06-22	88	84	121
223	1947-09-03	18	14	169
300	1996-02-01	79	21	200
209	2012-11-10	86	100	197
276	1999-05-22	28	59	94
281	1982-05-06	39	12	35
252	1940-08-25	28	40	197
264	1943-01-26	24	100	73
210	1967-12-04	28	66	143
211	1975-08-16	24	99	139
278	1969-02-28	3	52	95
234	1990-12-12	30	12	115
253	2013-10-13	22	60	47
235	1963-11-12	67	47	78
206	1987-10-26	39	51	13
283	1988-11-12	52	72	161
232	1960-05-13	33	37	112
277	2007-10-25	51	1	134
217	2008-02-22	14	41	27
241	2005-02-14	66	18	167
258	1945-04-14	88	1	145
222	2017-06-05	96	91	63
260	2013-03-25	31	1	34
285	1945-05-05	66	91	21
266	1973-12-25	81	19	56
283	1969-08-12	8	100	89
291	1981-10-17	99	40	53
206	1982-05-19	46	22	111
206	1949-04-11	80	51	157
272	1980-07-13	18	25	153
208	2000-06-19	16	23	135
203	1997-07-13	80	59	74
214	1990-11-28	26	46	21
202	1967-07-12	33	13	176
228	1988-08-07	25	1	178
289	1940-01-13	22	33	185
291	1940-11-13	44	34	163
230	1984-08-11	87	6	138
258	1954-01-07	65	57	179
262	2012-03-17	18	35	159
201	1949-02-18	63	47	167
226	1981-10-11	82	75	3
294	1941-04-10	49	45	51
245	1942-10-29	93	24	20
221	1954-02-04	47	27	191
271	1954-07-23	32	61	162
215	2013-06-10	77	58	105
267	1956-06-25	96	31	66
228	1984-02-22	72	61	92
275	2000-01-29	50	25	23
244	1946-04-27	70	61	87
260	1994-01-24	90	19	150
287	1960-11-13	49	18	86
230	1941-08-30	55	62	33
296	1942-10-19	71	89	116
295	1989-06-15	41	13	170
255	1950-06-24	80	84	189
290	2015-06-06	86	54	8
205	1955-11-23	52	14	32
238	1947-12-23	23	6	178
289	2017-11-24	99	34	31
220	1940-09-18	45	69	17
208	1978-05-12	85	89	4
299	1940-03-02	17	96	134
287	1974-07-21	78	65	12
286	1947-06-19	48	77	186
241	1974-06-07	91	72	6
208	1954-07-25	62	88	5
205	1949-01-07	77	44	61
283	2008-02-15	95	28	100
224	1967-06-30	46	34	195
272	1981-05-31	26	34	48
222	1945-03-08	80	1	129
299	1963-04-24	65	27	25
291	1962-12-24	2	45	119
278	2006-12-12	98	31	112
251	1945-07-02	64	81	88
233	1994-07-09	86	37	13
225	1998-03-10	97	94	39
262	1964-06-21	62	72	2
298	1949-11-17	58	7	52
248	1997-06-15	15	82	184
246	1955-04-29	61	44	109
213	1993-04-11	95	90	143
296	2009-04-13	85	28	134
265	1964-06-24	31	4	93
250	2016-10-07	52	60	74
269	1975-04-04	32	48	106
282	1967-07-17	15	3	123
292	1979-06-30	3	63	164
262	1989-11-09	55	25	87
226	2016-05-30	15	17	64
283	1996-11-28	75	62	67
292	2003-10-28	49	100	129
281	1986-12-23	66	98	54
210	1959-04-05	59	16	153
233	1958-11-03	6	17	175
300	2014-10-04	28	46	154
296	1966-11-15	29	25	33
273	1965-10-23	73	15	66
263	1994-11-16	32	19	148
241	1992-01-22	22	16	164
278	1962-01-04	29	12	6
299	1949-09-18	77	15	55
278	1986-09-20	73	56	128
214	2012-12-19	11	42	102
216	1993-08-21	30	38	67
256	1990-03-13	6	14	129
250	1989-01-27	74	18	9
272	1964-04-28	12	62	175
271	1975-04-05	72	49	95
220	2004-06-02	47	26	15
276	2005-10-28	25	42	83
248	1986-12-31	34	49	86
201	2011-09-01	22	50	156
212	2012-03-24	18	7	49
204	1991-03-06	82	12	90
202	1985-02-11	0	88	173
231	1975-06-05	33	99	108
232	1998-09-12	12	54	60
251	1978-07-25	47	81	36
277	2015-10-22	95	79	23
202	1949-02-23	99	16	142
265	2000-08-31	27	16	180
202	1951-11-29	92	81	168
264	2006-08-03	45	76	73
295	1985-08-23	11	12	104
232	1999-09-25	91	4	100
278	1942-01-21	27	56	19
231	1952-03-30	1	29	39
300	1967-12-19	100	76	182
203	1982-11-03	51	7	147
279	2006-05-14	13	47	134
201	1999-06-27	78	85	59
245	1949-07-06	47	6	156
228	1989-04-14	75	49	161
208	1945-06-15	92	25	173
288	1963-05-07	77	59	50
269	2012-12-10	67	79	64
