208	1991-05-21	27	76	1363
251	1991-05-11	-15	9	1821
201	1995-07-19	17	21	1529
291	1998-01-18	5	18	86
276	1944-08-04	34	54	907
242	1978-01-21	7	38	424
235	1965-08-08	4	56	1023
243	1981-10-03	-13	97	307
246	1987-08-07	41	36	290
216	1968-12-08	-3	24	1048
234	1944-02-03	34	66	836
250	1987-05-10	37	99	736
251	2006-06-05	41	30	746
297	2018-12-23	-2	93	423
228	1940-02-15	17	93	1196
294	1947-10-03	3	82	480
238	1945-10-28	2	66	712
275	1940-01-24	21	53	529
267	1979-10-16	17	70	1890
290	2016-09-14	42	10	1278
217	2015-03-10	-6	55	1937
235	2015-06-02	24	92	617
258	1992-02-13	12	62	1617
238	2010-09-19	36	29	1515
290	2004-09-06	25	86	998
295	2003-12-14	-14	82	417
204	1995-10-05	4	7	1368
232	2008-05-25	33	66	929
265	2014-01-16	-6	34	1733
280	1952-11-14	39	92	693
206	1993-05-25	35	43	1110
273	1972-01-02	3	20	220
214	1981-12-25	13	61	1766
236	1967-02-15	2	18	763
294	1948-01-14	-13	79	1560
249	1957-12-13	-3	61	952
296	1997-10-25	39	9	1114
206	2003-12-23	-1	4	833
222	1944-12-01	18	95	188
274	1961-02-28	7	16	277
273	1952-05-23	-3	49	1981
201	2014-08-12	10	54	464
218	1954-09-02	10	64	757
277	1983-09-29	-12	66	1322
263	1950-04-06	-1	75	3
257	1956-05-02	18	32	594
272	1960-06-10	14	11	564
252	2007-09-10	35	53	1876
227	2013-09-25	11	19	1860
244	2020-05-17	27	38	366
223	2016-04-03	39	26	220
202	1966-12-07	20	3	1412
267	1957-08-02	24	47	520
207	2014-05-15	2	99	1572
247	2008-04-16	4	72	660
266	1991-02-07	42	71	1646
297	1970-07-24	1	34	1099
248	1992-04-24	34	68	1429
235	2003-04-18	-15	75	674
250	1965-05-11	41	37	147
222	1977-01-24	38	70	345
251	1968-12-16	9	68	1587
296	2014-06-19	4	11	1898
263	2005-09-28	-8	51	980
228	1945-05-28	21	57	857
209	1985-11-26	10	14	142
265	1991-12-08	0	83	1757
235	1979-11-27	39	32	732
285	1944-12-09	12	38	652
236	1997-12-19	29	49	374
267	1980-11-17	8	66	24
225	1956-07-20	-2	9	300
225	1980-10-27	-14	73	328
227	2014-11-14	-7	41	1152
201	1959-01-28	-9	48	894
241	1941-06-16	11	12	231
263	2010-07-04	-10	78	1291
278	2017-12-05	16	77	187
279	1962-06-14	0	35	277
203	1944-06-16	19	54	1622
281	1992-01-17	11	31	1844
247	1941-06-12	15	81	1744
225	2003-09-14	-7	54	738
253	1963-07-16	7	51	376
243	1950-09-30	8	38	663
297	2020-02-21	14	98	992
225	1949-10-28	-4	27	1306
211	1949-10-20	-10	83	158
252	2009-11-21	32	83	1691
242	1941-05-02	42	16	32
232	1975-05-30	-7	95	454
287	1980-03-01	40	81	1737
217	1974-07-21	39	11	864
230	1964-05-06	26	0	239
296	2006-09-17	34	85	717
293	1955-01-30	37	28	922
221	1981-01-21	32	92	764
233	1982-12-01	26	41	290
250	2002-03-21	26	73	616
259	1995-05-16	-2	51	791
202	1978-07-23	30	18	268
291	1998-06-02	37	14	400
279	1941-12-01	16	62	974
278	1946-03-05	-15	61	162
203	1962-08-15	-10	81	1408
260	2007-03-15	-8	12	1351
255	1957-09-11	5	46	934
287	1982-10-16	38	73	1794
212	1995-03-29	8	50	1372
222	1995-04-17	13	53	1300
295	2017-05-25	35	23	1342
282	1976-05-07	17	55	1332
211	2015-03-04	-2	68	278
273	1975-10-25	5	75	739
201	2011-06-28	16	1	485
246	2013-06-22	3	12	1322
214	2012-05-29	-1	10	1448
228	1986-02-24	-12	88	923
271	1980-11-21	5	45	1117
292	2002-02-11	-7	61	796
232	2010-05-01	40	89	1487
279	1987-03-21	18	91	779
204	1990-01-23	11	42	1565
245	1975-08-13	12	58	271
297	1945-04-09	42	10	1511
262	1974-09-05	31	48	677
287	1974-09-04	19	24	1734
246	1960-01-22	-5	30	633
201	2003-04-09	10	35	90
252	1946-07-06	28	35	1276
297	1983-05-25	-12	83	745
282	1960-06-20	-5	68	886
213	1986-06-13	11	88	845
208	1985-04-05	15	30	1393
291	2005-06-13	2	46	1903
296	1964-12-31	18	51	667
241	2017-07-29	25	51	1007
266	1974-06-11	20	18	588
295	1965-06-01	-7	11	1657
212	1996-09-15	24	100	1011
206	1994-05-12	3	59	409
230	1976-05-18	-6	91	692
213	2012-11-29	30	10	520
285	2002-02-06	25	24	1962
244	1974-08-23	40	37	1252
273	1994-12-03	-3	47	1928
280	1968-06-03	35	82	540
258	1985-06-02	-5	20	1208
222	2012-09-22	15	56	319
254	1990-12-12	3	0	1262
231	2012-10-17	35	56	1117
261	2018-11-27	-3	17	1070
248	2006-06-23	15	5	544
280	1983-02-12	32	92	498
257	2000-05-23	17	60	667
234	2013-04-08	4	58	656
247	2009-03-05	22	89	1542
285	1966-09-13	29	7	1586
207	1984-10-20	20	95	1832
223	1959-01-07	-8	55	900
296	1980-01-22	7	50	1844
287	1946-10-25	-8	28	1136
284	1982-12-21	27	98	1695
291	1989-08-02	-13	56	1447
279	1972-10-25	10	51	1357
206	1999-08-01	25	21	172
296	1976-06-16	6	77	437
253	1978-10-02	41	30	1653
253	2019-07-17	26	12	777
203	1955-05-29	25	94	429
241	1958-02-14	36	47	807
264	1963-06-21	33	61	163
