224	1983-08-01	29	59	255
263	2001-10-15	29	16	1154
280	1984-06-07	-7	61	242
252	1961-01-09	-12	24	1960
223	2017-06-02	34	88	1955
298	1987-12-19	38	45	1302
213	2002-04-15	10	83	193
293	1976-09-06	-9	80	1116
252	1957-02-26	16	48	1902
267	1943-02-17	11	25	1200
281	2019-05-21	26	6	1566
214	2008-02-12	15	84	1720
280	1999-06-08	26	82	1169
229	1959-11-13	-11	25	953
220	1951-11-07	-1	69	1618
215	1953-03-14	33	85	279
220	2018-09-17	19	63	191
217	2001-12-29	-5	18	112
260	1957-03-24	24	9	1108
205	2006-11-30	33	73	894
240	1998-09-06	-8	66	1200
252	1976-03-02	-12	97	1926
299	1984-08-27	36	15	1023
288	1972-02-22	32	100	652
204	2006-04-30	16	93	924
256	2007-11-03	-9	58	1958
287	1983-10-31	-10	4	1012
258	1953-06-27	24	50	1385
246	1993-09-07	34	45	868
263	2014-11-24	20	82	1546
282	1947-02-18	10	88	1892
278	1997-12-08	-4	39	1763
234	2000-05-02	9	13	34
209	1971-04-12	12	5	1921
236	2019-01-20	40	69	15
279	1940-11-29	-9	64	839
254	1956-08-08	30	63	777
296	1948-07-23	5	94	591
267	1987-02-11	9	33	767
206	1946-03-31	-15	72	1955
276	1980-11-14	5	43	1137
236	1982-02-03	-11	49	850
208	1946-05-09	32	12	240
288	2008-01-25	13	33	1897
240	1979-04-13	-7	4	634
216	1974-01-08	36	90	1971
260	2006-04-18	42	86	1875
238	2009-10-22	41	3	1734
219	1946-03-17	12	4	1862
204	1951-09-21	5	73	1976
295	1993-06-16	5	40	802
264	2014-10-22	21	62	350
240	1988-05-02	36	78	234
278	1950-12-07	-7	59	50
214	2015-09-01	3	44	1660
268	1992-06-22	16	72	822
253	1971-08-24	9	15	114
289	2000-02-21	-15	98	963
235	1989-03-04	18	5	157
216	2000-12-01	13	28	471
243	1982-07-05	33	25	1431
279	1972-10-11	-6	41	1339
268	2011-09-14	10	24	1901
234	1958-09-06	40	54	792
247	1997-03-27	39	64	1012
236	1993-06-29	24	71	1998
235	2018-04-25	-13	7	1974
228	2014-05-11	-2	94	1645
288	2000-12-20	14	54	1466
225	1975-04-21	13	52	1292
253	1988-04-24	37	85	838
264	2010-12-26	-14	27	231
273	1994-02-14	-13	71	1662
244	2002-12-01	18	4	1585
240	1944-05-31	-8	37	1939
291	1979-03-24	3	49	437
217	2001-05-02	34	87	941
290	2007-11-04	27	24	108
284	2006-05-18	21	55	1204
231	2014-03-05	2	93	224
229	1953-06-18	29	19	1099
220	1989-12-06	25	45	343
225	2018-07-01	2	28	1081
222	1953-07-20	17	45	1190
292	1961-03-30	33	24	126
264	1961-05-01	32	85	1208
247	1987-11-27	34	60	1971
289	1972-06-08	14	46	1255
218	1952-05-29	-10	38	816
273	1981-06-04	40	66	786
232	1969-09-20	7	88	123
267	1972-04-14	20	26	243
280	1969-09-13	6	29	725
222	1992-06-07	5	68	1867
275	2005-03-30	41	12	1556
228	2000-12-14	42	78	248
226	1966-05-15	39	39	1906
208	2008-11-20	23	66	606
273	1982-08-15	33	83	1655
225	1970-01-25	6	72	465
288	1956-03-10	27	12	1620
242	1970-01-23	0	71	1221
210	1982-04-25	40	85	840
250	1989-12-05	-7	41	1398
214	1943-06-12	18	39	1981
241	2007-12-04	7	13	1979
267	2007-08-25	20	90	1843
236	1983-05-01	25	32	553
296	1992-12-28	33	90	1022
214	1956-01-15	39	95	223
249	1996-10-07	8	51	1058
215	1945-03-05	-10	95	1416
252	1950-05-25	12	72	1655
294	1991-11-04	8	37	833
260	1977-07-12	24	29	1110
215	2002-11-06	26	50	75
226	1940-07-08	-8	3	32
299	2016-01-09	14	64	1476
270	1947-11-29	20	79	1679
285	1971-11-13	14	50	434
214	2007-12-12	40	43	936
244	2003-08-25	39	3	1262
215	2002-06-28	40	75	1289
223	1951-01-11	27	5	973
244	1979-07-24	28	30	1471
268	1949-04-19	31	87	1804
237	1943-04-11	1	7	362
210	1947-09-26	33	1	1411
274	2009-09-30	5	86	777
247	2003-06-05	-1	39	851
227	1994-07-20	35	50	323
242	1942-02-01	-15	36	1681
211	1972-09-04	7	16	27
