236	1989-05-28	16	42	887
210	1951-06-19	8	38	490
205	2015-11-24	-10	91	575
277	2003-12-30	-8	3	94
268	1987-04-25	9	91	1778
291	2011-05-31	40	32	1952
204	2004-05-12	-8	18	521
271	2004-03-02	19	36	1929
211	2001-04-24	22	56	1263
204	1990-12-14	35	24	1604
247	1963-09-04	38	92	1076
241	2018-05-10	-5	62	636
253	1954-06-12	-13	80	771
224	1980-02-02	23	31	1672
256	1975-04-25	-11	96	379
285	2014-06-02	23	45	1707
202	2006-10-23	40	30	842
250	1973-05-07	9	55	1472
266	1955-02-27	21	53	916
223	1999-02-04	19	76	1150
205	1958-04-09	16	89	1203
214	2007-11-09	10	35	852
238	1951-01-19	26	94	755
230	1982-07-16	26	24	1798
266	1978-04-02	7	5	237
231	1999-06-28	-7	44	1550
239	1941-06-30	3	25	666
230	1948-08-24	23	9	847
260	1987-05-21	27	49	1961
209	1974-06-17	34	22	296
209	2002-06-30	-3	85	664
223	1950-09-18	36	12	1277
265	1954-06-01	36	80	1301
253	1958-08-26	23	22	867
289	1997-06-24	19	92	774
274	1971-08-10	23	45	386
231	1980-02-02	23	72	398
299	1954-12-20	-2	14	1135
291	2011-11-26	37	81	81
227	1947-09-29	39	24	1713
279	2001-04-05	1	5	441
300	2010-03-13	22	13	1022
225	2000-11-15	21	37	784
269	2013-02-01	24	63	73
295	1948-10-25	11	86	1233
284	1998-05-21	-6	40	1234
297	1965-07-15	26	13	305
240	2015-02-05	30	39	615
225	1956-03-05	21	61	1584
290	1966-02-23	8	72	1049
251	1944-04-25	32	3	448
298	1967-06-03	-13	100	107
234	1981-12-31	35	46	663
272	2020-08-06	-8	35	1956
221	1978-08-01	35	41	854
217	1978-05-09	21	34	1706
234	1991-01-27	-1	5	1259
259	2019-04-24	5	19	1700
299	1950-06-18	9	59	934
211	1963-04-02	22	81	156
266	1945-02-21	-12	28	1921
242	1994-07-14	14	53	1635
229	1996-08-11	6	11	1816
205	1956-01-18	-11	30	1873
218	1998-11-10	30	38	1844
286	2004-12-27	-9	40	1181
276	1979-03-24	8	21	591
296	1975-09-26	35	1	698
237	1943-08-23	25	82	996
232	2012-10-02	-13	46	1874
280	1987-03-14	24	10	1540
252	2015-12-19	-8	2	1966
280	1956-09-30	-11	31	125
268	1956-09-07	-7	49	1824
298	1974-02-03	17	99	1372
294	1983-03-21	-1	6	388
288	1985-07-21	-12	13	1447
228	1987-07-18	-5	91	737
246	2018-03-03	26	77	480
223	1940-12-18	41	24	829
214	1949-01-22	36	57	1824
229	2000-05-06	32	31	1527
263	1976-02-02	-12	54	306
280	1942-05-24	35	47	609
235	1970-05-10	20	49	1131
241	1994-01-13	-8	48	798
271	1996-02-15	8	74	153
257	2012-11-20	-2	30	842
229	1998-11-09	-13	64	33
296	1965-12-10	22	47	1324
256	2018-11-26	23	22	1887
264	2016-03-06	22	5	336
237	1964-01-12	-10	60	1322
206	1990-04-14	27	74	1858
244	2007-07-16	7	19	1245
251	1967-09-09	9	91	638
227	1962-06-13	14	81	915
239	2018-03-10	11	99	1810
221	2002-01-13	15	56	1956
211	1940-01-22	27	31	1257
272	1982-12-13	24	91	1851
203	2007-12-10	19	82	98
236	2008-02-15	21	98	1497
272	1993-06-23	2	11	1300
266	1958-10-13	3	81	1042
286	2009-03-15	38	45	1032
219	1972-04-09	27	99	180
256	2000-04-14	36	87	1450
273	1980-07-03	16	8	76
204	1950-07-20	12	38	1575
222	1974-04-22	20	57	1837
225	2004-04-09	7	78	1929
300	1982-05-30	-7	82	1294
232	1949-06-22	-4	71	147
237	1953-12-31	-4	58	236
294	1945-02-26	35	69	1304
236	2001-01-22	14	84	121
262	1954-11-16	20	91	93
209	1992-05-09	11	91	1585
295	1992-07-23	37	83	894
244	2005-12-25	34	36	1709
234	1952-08-08	16	98	636
217	1940-02-26	14	49	1818
286	2020-09-17	40	96	1408
236	2012-09-12	22	64	453
229	2020-06-05	-14	94	798
268	1989-08-17	23	43	1865
233	1995-04-13	2	27	746
220	1940-08-30	22	29	1039
237	1988-01-03	12	17	1667
207	1980-12-10	34	62	1390
248	1993-07-28	-2	27	1966
273	1978-06-20	42	44	46
232	1956-03-12	8	28	1700
252	1986-02-22	2	13	689
240	2006-12-01	40	28	268
232	2012-10-01	10	33	157
207	1969-03-17	-8	92	127
239	1951-10-13	33	6	830
235	1977-06-20	-6	37	727
292	1988-10-22	-10	17	144
224	1961-08-15	-10	23	530
292	1973-10-31	20	25	980
284	2011-05-05	23	58	1814
300	1962-10-16	-13	96	567
297	2000-09-23	14	76	498
224	1945-12-12	34	23	609
236	1995-01-18	41	97	1148
270	1978-07-01	26	31	1740
247	1990-03-07	21	4	661
214	1987-03-09	13	66	278
206	2005-10-20	27	1	1998
279	2009-01-17	6	27	1041
277	2011-10-25	34	11	1437
264	1997-02-18	39	67	388
283	1974-02-14	-13	87	1472
261	1983-11-25	-11	38	1515
232	1976-06-13	-14	83	397
270	1975-07-11	4	100	1686
219	1999-01-09	-9	97	1450
203	2011-03-08	30	0	1133
233	1967-04-16	22	31	1591
260	1950-07-09	18	10	552
255	2000-11-21	35	71	392
249	1983-09-29	-12	95	1818
244	1945-06-11	11	17	1068
242	1968-07-18	33	32	908
279	2000-04-02	-14	64	919
263	1954-05-07	3	79	1087
219	1984-10-13	31	32	182
259	1989-04-11	31	55	1292
223	1983-06-14	10	26	808
243	1981-07-02	-13	88	194
257	1970-10-21	41	86	1951
243	1950-12-08	-11	52	1657
264	1973-04-01	15	72	1490
230	1962-09-29	16	70	1098
274	1977-08-23	11	49	481
269	1959-07-11	-2	94	709
300	2007-12-30	28	100	57
267	2019-05-15	29	84	1777
244	1969-08-13	40	76	368
293	1994-01-10	-14	21	117
235	1985-01-08	26	42	1978
248	2019-01-25	20	17	1814
241	2016-02-07	39	29	55
209	2017-09-10	-8	32	1289
277	2000-05-03	16	49	1457
295	1964-10-24	23	54	628
250	1983-03-28	-12	12	804
227	1944-12-31	40	68	670
266	1959-11-04	23	22	1711
245	1982-05-13	-3	96	828
243	2000-03-05	17	88	1417
263	1950-08-29	-12	7	1964
263	1955-08-05	22	23	1682
232	1988-09-04	13	99	117
211	2004-02-25	37	66	178
238	1989-07-13	19	52	769
245	1958-11-05	-8	6	1548
251	1949-08-12	21	87	257
215	1955-01-31	-6	98	1437
254	1967-07-06	1	43	1432
209	2014-12-16	29	28	1972
273	1959-02-15	18	84	1483
275	1951-07-04	41	33	563
226	1962-11-15	4	40	433
270	1999-12-07	-1	64	747
291	1982-09-14	-10	27	1911
251	1997-11-15	-4	63	229
260	1981-06-20	33	32	801
284	1954-09-22	14	91	984
251	1974-08-06	14	51	330
202	1998-10-21	-6	73	980
212	2010-07-17	9	29	122
221	1973-05-24	17	36	1983
