231	1988-06-03	11	35	769
277	1987-07-15	-6	54	686
281	2006-03-26	12	28	1632
250	1993-09-03	34	90	915
231	2010-08-19	-3	82	323
211	1986-07-30	-13	11	1720
266	1954-05-15	1	55	1666
233	2002-10-07	-8	74	1835
270	1963-03-15	-7	82	1196
201	1993-01-12	35	88	907
255	2003-03-18	-1	81	48
233	2013-01-12	16	34	1966
285	2003-10-06	32	44	1004
236	1940-08-30	38	7	903
291	1947-12-08	0	67	900
249	1985-05-06	-11	95	906
232	1983-07-30	-3	100	1452
235	1945-08-04	31	26	785
284	1989-04-04	2	43	1167
212	1961-01-14	38	41	574
207	1955-03-29	-10	29	1370
211	2020-03-25	10	85	1361
230	1987-01-09	7	62	13
212	1956-01-25	-9	88	847
266	2006-10-19	-13	24	1470
232	1952-10-10	39	44	1372
242	1979-07-14	38	5	1369
257	1994-08-25	7	64	1994
212	1961-08-05	9	56	510
234	2016-07-24	30	39	332
277	1953-06-29	20	18	1456
278	1979-04-11	2	49	1857
253	1977-04-08	-9	42	1981
294	1967-07-05	42	76	1566
229	2016-03-20	-11	49	1000
209	1947-12-22	-9	32	70
247	1958-11-18	-13	4	1287
275	1979-10-31	36	96	1570
273	1945-06-08	8	1	898
298	1957-12-15	22	41	1635
202	2012-02-10	2	72	490
290	1983-10-10	3	82	375
215	2001-09-09	4	92	101
222	1947-12-30	-14	7	193
209	2005-07-24	9	34	863
235	2013-09-13	20	0	1309
241	1946-05-07	37	86	1372
298	2002-11-27	36	47	1740
247	1959-04-01	-14	12	1437
242	1989-11-03	5	98	1223
210	2007-06-08	0	50	356
296	1977-06-02	-15	63	932
245	1957-12-17	6	48	776
296	1953-01-07	32	44	1251
281	1997-04-18	29	72	406
274	1952-08-14	33	62	822
300	1996-04-05	-7	34	1454
236	1943-07-05	15	44	268
202	1955-09-30	22	1	1341
251	2012-08-31	30	18	236
255	2018-12-04	9	38	1322
237	1981-09-17	27	32	445
272	1984-03-25	-3	65	678
269	2015-02-08	-2	3	1152
286	1990-04-09	7	92	1187
282	2006-06-01	20	64	1533
258	2010-06-23	-5	77	643
234	1992-06-18	-13	62	281
248	1943-07-03	9	70	647
264	1947-09-12	8	30	141
230	2000-09-12	37	49	1351
286	1949-09-02	21	69	1556
221	2011-05-01	-2	47	301
218	1945-10-14	-2	12	1866
235	1963-08-01	10	31	1157
256	2010-08-15	32	29	2001
242	1973-05-29	3	1	128
228	1989-12-06	13	69	1252
300	1991-06-15	15	51	1533
258	1955-06-26	2	29	729
279	1981-02-16	31	30	64
229	2015-02-01	16	18	119
219	2014-09-18	16	36	1766
291	1984-12-26	32	39	1963
233	1990-10-28	-9	72	384
234	1980-06-26	34	32	60
201	1970-05-16	-11	8	460
215	1996-06-24	35	15	915
255	2012-04-30	2	14	161
221	2019-05-30	23	23	84
224	1997-04-24	21	86	489
255	2000-08-01	6	12	938
235	1940-02-06	13	46	1396
224	2013-11-19	2	13	981
247	1990-11-17	22	63	1818
204	1946-07-30	39	65	1692
286	1973-06-17	12	51	1479
225	1999-05-23	26	5	487
262	1959-09-23	29	3	1389
238	1960-07-29	22	12	599
228	1996-04-11	-13	100	1989
213	1970-03-22	26	82	638
204	1942-04-23	33	60	172
238	1999-08-18	-12	51	1192
262	2018-06-03	0	37	1131
225	2000-09-03	4	31	1317
244	1972-03-22	31	11	866
211	1955-10-28	29	23	138
287	1981-08-03	9	89	1525
266	1991-06-11	26	43	76
243	1944-10-29	3	14	1626
286	1956-12-14	-2	23	977
252	1989-07-29	37	59	35
252	1993-04-13	24	28	767
278	1969-05-16	35	44	1104
237	1962-02-13	22	90	830
241	1987-10-17	1	79	1051
248	2003-02-04	4	9	356
294	2013-06-08	41	53	1273
218	1977-03-20	27	89	1753
277	1950-06-02	27	68	979
258	1954-07-13	12	79	57
218	1970-04-04	7	88	868
207	1962-11-18	31	17	1499
290	2017-11-18	41	42	389
224	2019-03-24	5	60	1422
268	2000-07-04	23	71	748
226	2018-09-23	10	99	1546
201	1943-10-18	-7	10	417
296	1999-05-14	15	26	1424
269	1992-10-05	-4	96	438
226	2007-03-15	39	82	1599
300	1952-05-01	15	45	1064
265	1987-10-08	14	91	1455
272	1968-04-23	-2	77	1600
210	1945-06-09	-7	30	29
292	1955-02-09	-7	65	321
221	1942-12-07	36	53	1485
293	1993-06-03	-10	94	1522
239	1984-09-08	-14	78	1009
230	1940-03-01	19	56	1148
271	1990-11-29	5	61	396
254	1945-10-28	28	87	1625
226	1975-01-15	22	45	356
227	1988-05-07	-13	42	661
211	1993-12-02	-9	63	68
295	2007-04-10	24	60	1094
214	1966-11-26	39	47	107
219	1967-05-23	9	45	999
266	1953-11-27	4	22	294
281	2012-02-05	32	66	1164
300	1986-07-23	15	66	331
221	2004-07-21	-10	81	1027
239	2017-10-27	6	66	1587
211	1947-12-12	-4	87	737
269	2019-07-25	-14	71	240
251	2006-07-25	41	61	1413
209	1953-02-18	2	90	1270
293	1960-06-29	36	91	18
294	2018-05-31	-7	13	705
226	2009-12-07	17	79	246
249	1970-07-01	22	54	753
210	2012-07-17	-14	67	1242
293	1942-01-12	-12	14	1871
204	1983-05-04	-14	30	711
247	1955-02-20	31	71	575
243	1954-12-28	-15	63	467
220	1957-09-20	28	70	868
224	2000-09-12	18	91	136
260	1970-05-23	19	42	245
232	2010-05-01	12	51	50
291	1999-05-26	-15	95	1423
249	2001-12-04	39	61	1693
228	1971-07-30	-10	41	1187
281	2006-03-09	12	84	1524
224	1943-09-07	23	99	1186
243	2016-09-16	41	39	756
226	2001-04-07	12	68	1619
233	1953-11-21	8	56	33
293	1945-11-09	23	2	1226
241	1978-10-13	5	83	1666
243	1989-01-22	21	36	1543
237	1944-02-19	26	58	29
239	1942-08-18	26	30	1176
274	1967-12-21	1	76	1920
235	1989-07-10	-6	51	597
272	1975-08-03	7	39	1372
291	1988-08-16	-8	7	1435
232	1995-08-07	10	92	154
229	1993-03-13	-6	88	435
253	2006-07-07	0	53	696
296	1949-02-21	28	72	431
254	1949-09-10	5	47	552
253	1959-07-30	30	80	1467
273	2003-07-29	29	33	83
216	1965-03-26	23	80	1088
294	1946-10-02	9	71	360
236	1996-12-25	-7	26	318
232	1963-01-16	2	6	1556
280	1944-07-03	28	86	1700
245	1955-10-24	-13	66	589
209	1965-01-17	-5	51	30
205	1944-03-30	2	29	1272
202	1963-04-13	14	4	1224
285	2016-05-03	0	43	546
263	1958-07-19	21	82	1228
255	1962-06-19	26	70	296
291	2006-03-07	22	15	1143
227	1976-01-10	-5	33	1570
262	1950-11-23	4	39	789
248	1968-10-29	40	27	250
225	1984-07-11	42	20	1962
208	2008-01-29	31	13	728
295	1969-06-27	30	26	1136
244	1987-06-28	2	21	597
218	1977-11-16	12	50	1248
293	1982-09-01	19	36	1365
223	1948-10-22	-11	91	917
229	2009-03-14	13	81	1544
264	1970-12-24	-4	61	962
287	2007-08-28	-3	91	1681
223	1962-08-08	-3	80	206
256	1965-08-25	31	59	870
272	1946-01-05	31	67	36
250	1974-09-25	-2	52	135
295	1987-12-30	28	38	828
259	1982-03-28	26	45	105
225	2007-10-04	21	88	831
262	1977-11-17	-8	31	668
280	1986-03-10	33	43	1945
270	2020-06-19	40	45	1576
299	1946-05-17	22	25	631
272	1944-07-07	9	33	922
222	1993-10-25	-15	72	825
242	2020-05-05	10	61	1303
202	2002-07-20	5	7	287
232	1991-02-18	36	79	539
267	1958-03-16	11	2	1944
237	1940-05-25	10	37	565
245	1979-05-05	3	75	1730
259	2001-03-05	10	72	1048
221	2012-11-20	12	59	1117
276	1940-06-26	32	66	1744
227	1975-04-23	6	83	695
248	1969-02-02	36	68	1866
229	1941-08-26	22	7	1957
290	2017-10-19	-13	5	1552
210	2005-03-01	14	15	1665
208	2004-05-25	1	78	1714
233	1997-04-23	-11	57	1238
237	2009-04-07	7	67	866
231	2002-06-27	32	33	1571
