281	1959-02-23	1	99	1155
250	2011-07-09	32	43	1661
265	1963-02-08	35	83	573
266	2018-04-05	-5	39	1397
220	1987-10-04	31	83	13
281	1987-03-02	-15	50	1295
243	2012-10-11	10	51	1884
242	1951-10-30	21	83	615
250	1981-08-17	25	34	1693
247	1945-01-02	23	58	1280
248	1990-02-01	-2	0	1507
209	2020-03-07	-1	99	346
277	1980-04-11	0	76	1466
256	1954-03-03	19	89	1503
257	1972-11-06	41	14	525
252	2007-02-01	-15	9	407
208	2014-12-20	7	21	402
287	1955-03-21	6	41	982
211	1985-07-26	18	46	1588
236	1971-12-26	34	35	1115
208	1979-02-11	3	75	343
220	2012-02-08	-7	72	271
242	1992-08-08	28	3	985
248	1968-12-16	20	7	7
284	1999-07-13	-15	5	1569
282	1988-10-26	39	12	409
269	1983-11-02	15	33	648
245	1944-12-21	-8	46	1178
283	1983-02-04	22	31	821
261	1940-04-20	29	45	1076
224	2020-07-11	19	94	606
241	1987-05-21	41	66	1363
215	1984-11-09	-5	97	67
223	2002-05-26	26	72	1354
262	1972-05-31	1	16	447
261	1971-02-17	17	34	1271
235	1965-08-22	39	29	115
204	2012-01-12	35	77	1390
288	2016-02-26	15	47	1725
240	1958-05-04	2	0	1344
243	1959-04-30	23	36	1367
211	2003-05-29	14	50	1478
262	2007-07-24	24	51	1619
285	1989-05-15	10	41	1453
289	1961-12-08	16	46	430
259	1977-02-20	-7	52	1769
273	1953-11-29	38	26	1499
273	2013-12-19	0	66	1344
238	1969-07-04	-14	60	138
239	1985-09-13	-5	36	1395
210	2002-10-26	19	20	1939
202	1978-05-17	33	22	635
280	2011-07-04	11	60	1414
258	1953-10-04	2	63	1111
256	1994-05-04	32	48	1573
217	1977-05-18	6	89	1101
235	1954-10-27	1	98	1288
218	1993-03-13	-2	55	1416
285	1956-02-04	42	41	1976
242	1954-01-16	30	44	389
228	2011-04-30	7	34	523
270	2011-11-28	11	63	1861
292	1968-04-12	7	25	696
277	1953-06-17	26	25	781
222	1946-09-16	3	56	917
286	1973-02-15	-6	45	1923
255	2019-03-08	6	49	1791
263	1961-06-05	2	89	1948
264	1992-05-22	5	30	1193
280	1980-08-06	34	39	1194
272	2009-11-18	-3	56	1682
260	2008-09-17	18	90	1109
253	2007-08-16	-15	25	392
268	2000-05-16	-4	32	1562
288	2010-03-14	13	60	854
209	1954-12-24	39	75	447
261	1992-10-13	-11	45	1423
261	1963-11-26	-2	67	803
254	2009-12-02	-4	75	80
225	1967-06-26	8	49	1455
201	1941-11-01	18	70	1604
242	1985-03-29	40	46	1700
252	1976-09-19	29	93	825
292	1998-10-21	13	57	408
281	2020-05-13	-6	98	1895
217	1994-10-25	-2	27	556
288	1970-04-26	22	26	474
210	1964-07-17	40	95	1858
300	2011-07-01	15	33	712
248	1970-04-15	-5	30	1366
246	1957-06-05	35	12	306
274	1971-07-25	1	86	422
273	1991-02-25	14	95	722
205	1947-04-29	12	3	1829
300	2014-05-23	12	89	242
277	1984-12-12	-9	81	392
252	1977-02-16	-11	16	1889
228	1980-06-28	9	17	528
236	2015-01-31	42	11	508
275	1990-04-06	42	69	1870
229	1941-06-10	11	47	1825
