215	2000-04-18	11	23	659
262	1992-06-05	10	82	1080
251	1961-11-15	30	64	1035
207	1993-02-27	23	19	1173
203	1980-09-15	42	48	1530
233	2007-11-22	-8	82	1686
223	1974-05-16	23	31	703
212	1972-08-19	16	17	1915
246	1978-08-05	34	52	1025
279	1946-10-27	8	11	1871
285	1979-10-12	21	83	726
220	1962-03-15	-2	64	1554
267	1976-11-20	13	2	727
291	1997-03-03	-14	98	1425
230	1957-07-05	10	51	1652
265	2010-12-08	37	67	1120
245	1965-05-02	-5	4	711
248	1948-03-10	-6	79	342
231	1950-12-16	-15	69	452
295	2017-02-18	12	35	1999
204	1957-07-02	-13	9	207
218	1944-07-17	30	98	980
210	2017-03-13	-13	75	876
263	1971-10-19	-14	100	1999
275	2006-10-18	15	77	505
205	1957-09-26	26	61	322
299	2003-08-14	12	42	1985
248	2003-09-06	9	19	292
207	1953-01-02	4	56	1128
219	2020-01-28	42	59	1832
279	2006-02-09	18	77	535
242	1996-11-26	29	18	1223
203	1964-07-27	32	7	1304
223	1969-01-03	-12	39	973
220	1998-05-15	-11	4	958
240	2018-03-18	9	68	857
281	1957-10-21	37	44	1929
275	1942-02-14	15	62	717
231	1994-11-10	38	86	1905
227	1957-05-31	25	48	1631
269	2003-11-01	-9	19	588
228	1961-02-01	2	11	1719
235	1941-07-12	14	90	1759
237	1971-02-28	39	52	91
255	1946-03-06	-4	64	410
249	1992-07-08	-8	77	1940
211	1975-03-14	42	34	347
290	1984-04-22	-9	69	673
275	1977-06-02	16	76	318
238	2009-11-24	20	46	461
262	1944-09-18	-10	42	1090
274	2011-09-28	3	12	732
297	1984-05-31	23	74	1131
269	2020-03-21	15	55	552
210	2007-06-15	14	55	1291
205	1991-09-01	-4	3	122
274	1991-05-27	13	28	1905
233	1972-12-02	23	55	415
234	1972-07-03	-9	22	909
201	2011-08-16	7	71	968
296	2019-09-21	12	18	1186
256	2001-06-23	28	60	771
209	1953-05-18	28	46	1256
242	1972-04-12	41	66	1858
271	1940-08-12	-4	54	1724
222	2010-05-08	12	43	504
229	1982-09-12	-1	75	432
253	1971-11-26	42	0	1154
211	2002-01-17	16	75	1793
263	1951-08-12	20	21	1869
297	2006-01-20	16	54	904
226	1990-01-22	0	45	457
287	1952-12-25	9	34	1501
278	1965-12-26	36	21	1815
219	1940-07-30	40	82	1133
223	1987-03-22	14	65	724
269	1941-01-23	18	49	1088
249	1953-02-01	2	44	740
242	1990-07-03	35	15	1823
235	1953-12-04	-13	75	544
268	1950-12-05	6	2	1223
252	2001-06-23	7	53	1866
215	1971-01-27	8	40	1647
286	1947-02-13	21	88	880
242	1940-05-04	10	48	95
261	1976-04-08	-1	23	1922
265	1979-02-07	6	83	558
274	1999-02-02	3	46	1786
289	1993-11-24	21	19	1389
291	2007-07-11	-4	6	1236
286	1983-11-14	19	28	111
219	1978-09-09	24	19	571
300	2007-04-22	17	33	37
230	1942-01-15	32	61	1072
267	1981-11-12	30	99	582
239	1975-05-07	-5	38	445
265	1979-12-08	41	87	582
221	1943-10-02	40	47	710
288	1990-12-18	35	3	405
285	1941-12-06	-4	56	223
265	1952-08-16	29	65	1390
265	1992-12-13	-10	7	850
297	1951-01-29	19	49	1554
246	2004-12-09	17	22	31
249	1961-04-16	7	54	214
298	1992-03-21	33	79	1496
295	1962-09-09	27	27	108
267	2012-05-23	30	43	179
244	1947-07-08	-14	13	1158
261	1953-04-09	8	1	1256
202	1959-08-06	1	9	1508
300	1954-12-21	15	33	378
222	1944-05-19	22	89	1863
215	2001-12-04	-11	61	517
289	1940-02-03	10	88	298
300	2017-10-29	28	82	158
284	1993-02-25	4	51	751
236	2019-04-16	4	87	1829
258	1950-08-30	31	31	1558
218	1979-11-15	-3	30	798
295	1960-06-15	-3	49	1080
249	1990-04-29	9	19	1314
210	1959-09-06	-12	56	72
235	1955-10-16	6	90	299
268	1975-10-12	22	81	717
265	2018-03-01	9	18	1497
230	1941-04-12	31	16	1760
270	2011-07-05	-3	87	251
273	1942-02-04	13	24	911
244	1999-12-07	23	41	1867
202	1977-07-01	23	4	1740
229	1990-03-06	37	35	845
210	1951-06-28	-14	82	1613
278	1988-05-06	36	8	82
248	2016-06-13	-3	82	148
299	1968-02-18	25	70	1068
239	1974-11-05	32	74	1988
265	1953-07-26	24	92	780
254	2017-09-05	32	17	1772
233	1947-09-25	14	31	143
291	1961-10-14	9	56	1305
222	2012-07-30	-9	22	613
244	1979-01-27	36	53	1157
226	1962-12-19	36	85	264
286	2005-01-27	7	67	227
241	1973-01-23	-10	55	435
288	1964-09-03	30	43	48
275	1972-01-24	-6	44	650
206	2001-09-02	22	61	87
282	1992-10-04	9	66	304
274	1949-02-18	-5	39	129
238	2003-01-05	-2	1	484
297	1962-06-10	-14	92	465
271	1969-12-05	-4	75	655
274	1949-07-03	16	86	1752
238	1952-11-18	2	93	1170
264	2010-12-14	14	27	1432
220	1962-12-26	2	40	372
204	1981-03-10	-13	60	843
243	1954-06-20	7	43	804
245	1961-05-11	28	97	446
285	2019-08-22	28	55	163
277	2017-12-07	38	5	1200
229	2008-07-14	17	85	1614
286	2004-06-19	20	26	572
255	1968-01-17	-2	7	1351
264	1995-12-13	-8	67	1057
221	2009-03-01	30	49	573
214	2018-11-28	12	24	305
271	1956-05-16	14	35	106
278	2012-07-31	39	91	1438
213	1950-02-21	-4	11	1525
287	2010-07-06	15	58	307
246	2004-11-18	1	77	1390
251	1976-05-09	10	69	387
208	2003-09-12	0	4	1024
210	2019-08-16	-11	33	476
233	1971-11-28	-4	33	1672
236	1953-02-05	33	53	837
219	1956-12-22	20	53	379
276	1995-08-15	36	59	872
213	1945-03-20	36	45	1745
246	1987-02-06	7	63	505
246	1948-04-06	7	12	1430
287	1972-08-02	38	6	951
258	1943-01-16	25	57	597
277	1966-07-01	-11	40	734
207	1968-11-15	24	56	1452
