283	1996-12-26	36	96	1642
222	1975-07-23	-5	31	1550
287	1951-09-06	4	47	476
272	1989-08-31	-3	93	1714
202	1942-02-16	18	85	170
225	1986-11-16	-1	54	1439
242	1957-11-28	22	6	991
224	2006-04-29	22	85	3
252	1979-12-16	-10	73	583
231	1960-09-21	24	23	932
208	1991-08-05	34	72	728
296	2004-07-23	37	56	1190
274	1966-06-21	-9	84	633
250	1947-06-17	16	49	1098
259	1946-09-21	-10	17	1343
278	1993-09-22	14	27	801
270	2004-10-20	27	25	1912
281	1986-08-22	33	11	842
231	1975-04-10	24	84	1257
216	1988-03-05	28	20	1969
283	1970-04-24	32	13	1719
284	2013-08-29	9	60	1878
256	1943-06-08	4	37	39
297	1953-11-01	25	30	85
238	1962-01-11	23	68	987
231	2002-10-05	23	79	1462
300	2004-01-14	15	11	985
201	1953-05-09	2	87	271
262	1943-06-02	37	28	1781
237	1962-07-12	-1	43	618
239	2003-07-05	24	5	1680
217	1974-04-22	-9	19	1997
292	2018-03-26	-3	22	180
251	1948-09-05	-14	26	1528
274	1954-01-20	23	43	1853
299	2018-03-30	31	71	490
209	1969-11-02	36	46	356
257	1999-05-08	5	68	282
216	2014-07-01	24	51	506
254	1987-01-21	-8	87	1419
240	1940-08-17	-15	2	1714
272	1940-01-12	33	49	1272
230	1961-11-21	25	31	803
286	2014-10-19	18	38	871
287	2019-08-14	35	30	299
290	2012-03-07	29	29	1385
210	2014-11-14	18	66	1387
270	1957-11-10	35	54	262
263	1981-01-17	-12	91	833
297	2002-11-06	6	66	179
264	1942-06-22	34	23	581
233	1980-07-28	7	87	47
236	1953-01-13	2	4	52
202	1953-07-13	14	28	655
256	2008-09-06	-7	13	1536
228	1987-11-28	8	48	1161
292	1970-06-05	10	20	662
299	1942-12-17	31	11	1637
223	1972-03-24	20	21	409
203	1984-04-13	37	69	1235
269	2018-12-07	-14	27	255
265	2016-02-09	2	47	945
248	2007-07-20	7	46	616
217	1988-01-01	38	68	162
235	2000-10-25	3	11	377
213	2006-02-27	10	42	1450
208	1978-11-03	28	16	598
252	1956-05-06	29	65	1450
227	1955-05-07	-7	17	311
273	1999-04-04	1	98	1445
217	1980-02-22	34	10	1202
260	2007-12-20	42	38	727
217	1998-02-14	8	56	1845
231	1993-01-09	15	35	442
224	2013-07-25	22	62	809
209	2006-06-22	-11	47	1463
236	1976-03-10	32	71	1541
294	1981-02-19	34	67	127
249	1987-01-30	-12	3	1035
211	1980-08-07	-1	57	435
219	1968-12-23	-8	84	808
221	1954-01-19	-6	64	468
216	1969-12-20	25	68	578
242	2016-07-23	14	81	1388
294	1978-06-04	-5	0	726
275	1976-12-13	-3	56	1869
287	2006-05-30	31	100	993
269	1988-08-04	40	64	1388
237	1995-04-02	-3	27	1970
237	1977-10-28	31	60	422
240	1955-05-12	-3	28	268
249	2001-09-26	36	36	1583
283	2010-10-15	-11	2	1295
256	1944-01-10	-2	37	1759
201	2009-05-29	24	21	309
241	2000-08-21	37	88	960
211	1958-07-23	19	89	630
217	1969-06-23	4	35	509
239	2008-11-09	16	85	270
267	1968-09-06	36	15	1287
218	2000-02-09	-8	59	808
298	1972-12-19	30	16	119
241	2000-04-04	21	31	1118
239	2005-03-26	3	24	557
221	2000-09-03	31	97	520
227	2017-04-08	0	85	1750
219	1983-11-06	15	9	1073
244	1962-03-23	22	41	1305
217	1969-11-18	38	55	1207
278	1979-09-28	17	66	224
297	1997-03-26	37	14	1376
266	1998-03-26	13	72	1227
255	1990-04-04	2	34	538
300	1985-10-16	14	17	1752
262	1944-10-24	40	50	510
223	1995-01-29	3	98	565
278	2001-04-16	-8	21	1331
237	1978-06-27	14	54	303
255	2015-10-02	35	71	1180
212	1967-01-07	16	16	1344
259	1961-09-22	10	91	979
285	2008-03-25	38	90	1438
215	1999-03-22	8	30	1807
206	1976-08-15	42	25	1654
232	2003-09-07	-7	69	209
203	1950-03-04	1	9	392
245	1987-06-08	42	97	357
297	2017-06-03	1	67	1709
260	1992-04-16	31	7	1984
205	1952-10-26	-6	50	1551
237	1974-02-03	17	55	642
283	2005-07-31	24	28	1502
246	2009-10-22	7	26	1277
252	1946-10-09	7	49	1618
246	1985-04-25	10	94	53
