235	2005-01-12	0	38	627
271	1971-06-02	18	22	1132
232	2019-11-08	2	65	1154
236	1952-12-11	-5	56	116
262	2004-03-30	-12	39	1189
236	2009-03-14	17	62	1815
263	1946-01-30	40	62	82
216	1968-01-28	2	100	1055
283	2001-02-18	34	6	499
260	1962-04-06	41	45	1587
255	1973-11-10	-4	27	1306
218	1975-04-27	-1	66	98
286	2017-10-23	24	82	1557
202	1962-05-09	-9	23	377
290	1998-04-09	28	88	1249
249	1985-12-25	37	70	700
262	1958-11-30	-11	45	1722
261	1994-05-01	29	98	113
221	1942-05-02	-7	20	206
209	1958-06-19	-6	14	217
258	1973-03-21	7	7	1623
228	2000-03-01	14	18	1439
260	1996-03-13	35	71	941
204	1983-05-26	24	93	890
253	1949-07-25	16	58	1640
296	1976-04-11	-14	57	1169
205	1953-04-18	16	46	1402
271	1974-02-18	-5	61	1182
282	1977-07-16	-7	85	104
212	1990-10-26	32	23	26
297	1954-01-19	25	74	1981
266	1947-11-30	21	19	1534
284	2017-12-17	-6	88	1802
232	1950-05-28	0	38	1765
219	1971-08-09	18	9	256
274	1993-03-01	8	92	963
244	2011-04-30	11	64	1605
230	2015-08-24	22	10	774
272	1976-05-18	27	41	530
288	2016-06-06	0	8	1838
222	1991-06-21	-14	13	1447
276	1954-02-22	26	56	155
256	1969-10-28	-5	82	1400
247	1947-05-18	38	39	40
286	2004-08-26	-10	48	1376
232	1983-06-08	-15	41	302
239	2017-09-03	26	78	72
282	2016-03-28	4	30	1658
278	1951-04-02	21	6	927
290	1956-05-02	4	12	932
269	1966-06-29	5	64	264
203	1949-11-23	22	13	1943
225	1953-02-09	5	59	1532
290	1996-01-09	-5	86	959
283	1945-10-24	33	6	841
251	1974-08-30	-15	91	478
207	1946-08-18	24	2	651
275	1991-10-19	11	46	1682
228	1991-07-18	38	3	811
211	1963-01-04	-7	26	1783
279	2012-12-07	33	85	284
205	2005-09-06	42	20	95
297	1955-08-13	9	73	293
205	2017-01-14	-15	0	1189
239	1994-09-25	36	1	883
280	1948-01-17	28	14	224
209	2011-10-04	7	13	732
219	2018-05-22	14	40	62
282	2011-07-25	36	71	167
218	1998-11-13	-14	71	605
282	2005-04-28	35	62	1983
255	2014-03-29	-7	53	581
271	1972-11-14	17	41	383
218	2017-10-03	12	38	320
227	1959-02-04	16	6	1874
227	2014-04-04	4	74	41
220	2003-06-21	-6	47	525
241	1945-12-05	6	68	160
254	2018-07-06	10	5	325
235	2017-03-01	21	43	1673
223	2015-06-11	31	3	204
277	2003-10-02	-12	1	1796
225	2017-06-10	21	92	1528
274	2004-04-09	17	75	1553
264	2007-12-08	-7	57	1462
295	1940-04-10	36	30	571
294	1971-01-12	22	60	1168
202	1963-02-23	34	22	420
204	2014-07-12	-14	58	192
239	1981-09-15	20	2	1678
250	2016-05-26	-4	40	1980
225	1956-03-13	34	15	160
278	1950-04-25	1	1	1813
281	1986-04-07	6	28	815
226	2017-06-11	27	32	1689
253	1983-02-05	16	75	1061
237	2001-09-07	-3	47	436
294	1966-06-17	16	18	1759
292	1985-05-14	15	45	93
281	1974-07-19	39	85	529
283	1991-04-02	-9	7	77
250	2020-08-17	-15	82	1978
235	2012-08-09	5	89	1668
231	1973-01-02	21	72	1995
249	1974-01-01	-7	98	1609
250	1999-08-06	-6	0	1593
262	1963-12-31	4	50	943
275	1993-10-26	-6	10	1719
229	1996-03-31	9	96	414
293	1968-06-30	-1	100	308
241	1986-02-03	-9	21	286
293	1941-04-16	12	5	654
264	1943-04-25	6	27	397
235	1962-07-07	12	1	998
267	1986-08-16	12	71	326
249	1994-02-16	18	80	917
230	1995-03-12	35	81	66
230	1947-08-06	30	82	907
201	1952-04-16	36	46	325
233	1956-01-16	29	43	1527
249	1957-03-26	19	61	1609
277	1944-09-02	34	72	1388
286	1960-01-25	40	7	822
223	1958-11-02	-7	36	1056
267	1982-08-03	-6	38	799
254	2012-07-27	24	99	967
249	2017-09-25	32	89	1041
214	1998-04-30	38	60	1253
270	1968-04-22	13	3	1389
287	1948-07-15	28	40	1094
226	1988-09-08	39	26	1684
265	2009-10-05	16	89	1225
231	1975-08-30	4	2	1995
293	1949-08-27	37	63	755
232	2010-07-06	5	30	1525
209	1962-02-14	-9	95	661
223	1977-05-04	28	99	1841
259	1956-10-28	-9	9	1482
224	1998-02-26	41	89	1896
215	2009-08-07	9	61	1634
218	1958-02-28	-5	24	1133
290	1994-02-04	-10	38	1963
218	1961-08-08	-11	38	496
258	1999-01-25	25	60	311
260	1980-08-30	32	52	131
248	1943-12-12	6	92	98
249	1987-05-23	39	32	183
285	1995-08-06	41	38	400
208	1954-02-27	-2	82	729
276	1963-08-22	-10	61	391
282	1961-02-15	16	8	1314
218	2016-04-21	-14	20	1007
267	2002-12-16	7	100	509
278	2000-06-15	36	100	1481
209	1981-07-16	30	62	1060
209	1960-11-02	4	26	1456
209	1995-06-23	-7	74	870
227	1983-04-13	3	91	600
296	1986-03-08	19	32	1759
216	1994-08-16	36	34	887
249	1986-07-11	24	85	1888
279	1959-05-04	30	29	1547
236	1944-01-27	23	38	972
237	2012-08-05	15	40	773
220	1970-07-01	33	19	557
273	1976-09-16	24	92	733
239	1988-12-31	42	51	1634
220	1956-01-27	21	18	503
284	2016-04-21	21	14	1029
286	2011-01-15	0	21	1383
299	2004-02-10	9	66	393
287	1982-05-26	42	77	212
228	1984-11-29	3	92	1518
247	1967-02-15	-14	96	1862
299	1940-08-24	-14	57	836
229	1960-07-01	26	37	1718
212	1980-12-11	36	47	1326
288	1946-02-05	32	81	1678
258	1983-02-23	-13	32	481
299	2008-12-25	42	60	1501
297	1961-12-03	22	94	194
255	1984-09-08	-2	12	926
245	2011-02-28	-2	8	135
220	2018-01-31	13	5	1775
248	2015-11-12	39	1	1857
261	1968-02-07	20	90	1510
273	1986-12-18	41	48	1443
220	1993-05-23	30	25	90
250	2017-01-08	-9	37	1021
287	1974-04-06	34	87	1173
207	1985-12-09	4	25	1026
246	1993-04-13	-6	61	1615
210	1984-01-18	13	91	1235
221	1941-05-26	17	7	674
280	1948-04-06	42	7	317
271	1998-03-02	39	26	1408
282	1957-11-14	20	21	1140
267	2004-06-03	-14	57	1795
259	1979-07-21	34	43	204
247	1986-02-15	26	33	531
276	1952-06-15	41	21	376
289	1957-08-02	-8	68	1344
215	1943-09-28	-8	33	1927
280	1998-06-12	17	1	1891
247	2003-07-06	34	16	1247
228	1975-09-06	34	16	685
290	2010-08-07	16	96	1254
283	1975-01-16	23	12	643
221	1951-09-09	5	3	579
289	2018-10-20	-5	19	1889
257	1963-09-12	14	83	1848
284	1986-04-16	-7	29	1241
232	2015-05-13	-15	42	1071
285	1957-04-24	-11	76	1306
224	2019-03-19	39	26	1395
232	1955-08-02	33	36	1470
269	2012-03-31	18	21	1106
288	1950-04-14	24	90	1509
282	2008-05-05	-1	63	774
268	1960-09-01	-12	68	20
286	2011-10-21	32	43	1321
278	2012-05-21	8	82	1274
230	1985-07-28	8	3	854
228	1953-05-24	23	87	1628
245	1967-06-10	29	22	1993
242	1964-09-29	28	81	522
245	1993-09-09	23	14	902
286	1942-08-26	12	38	197
204	1967-12-11	32	41	1060
234	1983-08-21	-2	33	1029
237	1940-02-07	27	28	1564
220	1983-07-19	35	44	1889
293	1946-08-28	17	84	1239
226	1997-08-16	19	22	1253
271	1967-12-16	29	67	595
207	1991-06-17	-3	63	948
211	1992-09-21	18	17	1601
217	2012-12-10	2	71	1210
232	1981-04-02	36	100	293
242	1978-03-03	40	94	56
209	1965-05-01	-11	16	246
217	1956-03-13	40	35	1523
293	1975-11-14	-12	61	445
266	1979-06-20	12	28	414
297	1966-09-02	2	65	464
235	1969-06-01	40	73	912
213	2015-01-14	29	29	47
271	1993-05-24	-5	23	1384
292	1955-02-18	26	34	1267
280	1967-03-07	39	74	1408
276	1962-03-22	-3	82	420
204	1988-07-07	-5	89	329
214	1996-05-16	22	12	824
259	1951-04-17	38	35	1516
293	1944-09-05	0	99	1393
237	2009-10-05	19	10	1213
246	1993-09-19	10	83	226
216	1976-05-06	29	28	234
226	1954-01-16	31	85	1713
272	1944-04-27	7	63	1985
204	1994-01-13	6	56	975
224	1987-11-17	9	76	1195
259	2015-02-25	21	12	1301
282	1971-02-13	31	52	1514
282	1971-01-12	-15	44	1763
262	1967-08-03	41	96	575
230	1966-12-28	-14	23	822
255	2016-04-11	9	99	848
208	1953-08-11	12	42	1138
250	1988-03-18	-2	77	1681
243	2019-01-02	34	84	1594
216	1949-04-15	-7	78	393
237	2005-11-25	10	39	1640
292	2009-07-28	31	2	610
218	1988-11-24	31	4	454
233	1960-04-15	-4	100	702
283	2004-05-12	-12	91	1972
259	1941-12-11	15	77	698
210	1974-04-06	22	62	1105
278	1987-02-13	20	6	1444
287	2006-05-04	11	88	236
270	2011-02-06	15	55	1616
249	1940-10-08	-13	7	345
218	1981-01-20	-2	90	1961
296	1983-06-08	16	60	1278
255	2015-09-03	-11	0	486
204	1986-07-08	28	59	1655
275	1966-03-26	-14	44	934
299	1985-02-18	25	79	1898
241	1944-03-23	24	6	200
251	1984-12-15	32	6	427
296	2006-11-06	6	99	1028
250	2004-08-25	42	37	681
280	1959-12-21	7	5	140
227	2017-05-08	5	43	309
250	1970-09-07	-11	47	86
