273	1987-07-01	-2	15	229
269	1986-12-28	6	28	206
232	1970-06-03	31	66	321
267	1953-05-14	36	43	1019
252	1966-04-12	16	63	68
272	1965-08-21	-14	47	537
208	1956-11-30	42	38	1832
294	1984-09-30	14	100	1594
216	1974-04-09	-12	46	1548
275	1991-01-17	1	98	1267
270	1952-09-26	-11	7	1050
295	2015-04-27	37	23	405
233	1940-07-12	-5	76	30
275	1959-07-23	-12	91	1284
258	1959-01-23	-11	93	163
236	1993-03-01	6	10	1689
240	2007-11-28	-3	79	1026
241	1984-03-04	0	58	1784
203	1991-10-10	19	25	490
209	1950-06-02	-6	23	754
215	2002-04-08	37	56	707
246	1982-05-18	1	63	170
208	1976-05-20	23	99	1612
260	2000-08-25	19	67	469
232	2003-07-13	12	83	226
209	1952-11-29	34	33	1592
251	1965-10-13	-10	52	946
280	1988-07-28	20	54	1706
286	1940-03-18	39	22	1209
262	1976-01-09	22	45	1492
243	1949-08-06	1	62	440
227	1941-07-21	15	11	948
263	1950-09-14	-4	100	1120
210	1980-10-15	32	79	296
216	2002-01-03	-13	36	1135
238	2010-05-03	41	64	194
233	1987-04-07	-10	100	446
213	2011-11-14	11	18	900
223	2000-03-02	-2	31	1172
277	2014-03-18	-3	51	253
287	1994-04-07	-2	100	108
278	1993-07-26	7	5	1843
269	1973-02-20	11	46	179
227	1979-07-09	-9	89	1802
239	1962-05-22	27	71	1976
276	1944-04-01	-13	96	776
287	1944-04-04	-4	26	828
222	2000-03-28	28	93	1336
278	2009-02-21	-3	30	1897
271	1985-05-27	13	61	442
254	1971-10-03	40	23	348
202	1997-01-14	11	53	1998
213	2000-07-10	19	12	1316
276	1960-02-21	11	38	1444
214	2017-05-04	34	76	1649
263	1997-07-27	9	39	506
204	1984-08-19	41	6	1889
227	1997-06-30	-8	52	1107
233	2013-07-02	11	61	528
300	1969-10-02	18	8	668
286	2018-05-27	-10	42	321
290	2002-05-08	-10	9	1013
220	2004-01-01	30	52	1152
295	1974-01-11	20	70	1387
264	2019-04-18	9	78	449
249	1986-07-20	39	72	1802
228	1979-10-22	9	65	139
246	1980-02-21	13	18	570
208	1948-09-10	4	46	1553
202	1940-05-20	17	92	0
271	1971-04-28	-2	35	436
234	1999-03-03	9	41	1977
240	1973-09-15	-6	61	1887
204	1978-08-08	16	99	1799
259	1953-01-12	25	93	1676
276	2006-07-02	37	52	1169
260	1955-08-30	6	10	1080
278	1997-04-01	-15	99	1580
276	1972-11-30	42	14	1406
250	1943-12-10	-13	92	252
296	2009-05-11	3	23	430
206	1949-01-04	-13	4	1496
284	1975-05-29	9	81	1204
206	1940-09-10	-14	61	1456
280	1966-05-11	39	96	876
218	2000-12-15	-15	46	890
201	1943-09-02	2	18	1064
206	1951-09-29	20	64	62
251	2014-01-27	-10	48	1783
249	1969-11-03	-7	25	91
255	1999-04-11	-9	48	987
214	1971-07-24	-8	30	1133
212	1940-04-30	16	32	1811
257	1967-11-24	-15	14	1826
289	2015-12-10	-9	24	784
244	2008-09-05	6	93	689
207	2010-08-13	33	38	2001
242	1997-01-30	20	64	267
226	2018-07-03	37	57	1995
277	2002-02-08	19	69	389
242	1994-01-17	28	94	117
256	1962-04-17	31	29	1649
222	1991-11-02	37	48	321
