255	1998-03-02	35	95	1952
266	1983-02-15	-13	7	1414
213	1981-03-17	-15	80	11
238	1970-02-17	8	6	1938
245	1947-06-04	36	71	1229
277	1986-04-24	-15	97	1371
292	1999-02-21	16	69	1071
293	1977-04-30	1	98	496
248	1948-07-10	17	86	478
281	2012-11-24	-1	99	728
242	2009-02-27	15	1	1811
241	1995-02-14	34	29	971
260	1955-03-09	37	87	723
288	2015-07-11	29	97	1355
248	1959-11-27	25	2	1879
210	1950-02-03	12	96	1910
262	1958-11-28	-12	38	998
300	1971-02-21	40	8	1286
272	2013-05-16	33	95	1787
217	1950-09-07	26	39	813
298	2002-06-01	18	50	823
287	2016-10-08	27	13	252
205	1940-03-26	38	56	1566
229	1975-04-19	15	23	546
300	2019-08-20	13	21	277
242	1980-02-28	31	58	879
300	1996-06-15	4	85	96
222	1993-01-29	11	17	667
272	1955-12-06	-10	60	1097
279	1962-10-29	-9	42	979
286	2002-09-09	41	98	1336
215	1961-09-05	-3	78	1919
233	2007-07-25	-1	2	1799
210	1961-04-23	30	29	216
224	2005-08-09	21	62	1508
223	1979-06-12	27	35	1138
251	1995-12-06	0	85	1212
275	1951-12-24	40	100	717
298	1997-02-18	-5	56	1402
223	2018-08-05	36	62	724
291	2013-02-24	6	73	1935
297	1982-09-21	-6	26	541
250	2006-10-30	41	48	648
214	1942-10-31	25	54	1731
254	1946-09-20	-15	31	1215
299	1993-11-28	2	52	115
272	1993-09-04	-13	26	1865
243	1954-11-23	3	64	535
299	2018-08-24	24	83	981
252	1985-01-26	38	98	1681
252	1991-11-06	2	14	995
283	1989-07-03	2	94	1328
204	1951-12-14	9	44	68
285	1953-04-14	33	37	996
221	1940-06-07	41	22	1378
283	1958-02-22	17	33	432
263	2015-03-25	20	26	195
221	1993-07-15	42	5	1989
225	1993-08-13	37	4	119
293	2010-12-16	10	52	556
284	1980-11-12	40	14	1200
275	1972-01-27	5	11	1684
217	1962-11-18	-6	41	1428
289	1967-08-23	37	96	1537
215	1984-02-23	16	57	566
253	1976-10-04	-11	92	1148
277	1996-09-27	23	77	1333
210	2006-08-08	23	54	1662
245	1944-08-25	-13	39	1248
272	1978-10-08	-15	63	1608
243	2014-01-04	-10	9	954
278	1970-03-29	13	82	1731
292	1987-02-28	3	26	1468
231	1985-02-05	26	91	184
220	2005-12-25	-5	10	691
297	1967-02-27	29	70	467
267	1977-04-08	20	53	234
266	2018-11-01	37	13	117
247	2011-06-20	0	92	1480
249	1990-02-05	4	68	1077
286	2013-05-22	27	5	1175
229	1983-05-18	39	39	110
221	2001-09-28	19	40	807
255	1971-11-16	19	63	639
231	1981-05-04	-1	47	1455
283	2007-12-25	39	61	1103
223	1940-09-08	14	19	535
251	1949-10-29	22	4	1381
291	1986-11-25	5	68	1890
229	1999-11-21	-9	4	1212
279	1951-02-25	37	46	1602
232	1943-07-04	1	68	382
280	1950-08-22	42	94	1767
234	2003-10-31	25	50	781
209	1998-09-03	14	83	11
213	2010-04-29	9	2	5
207	1952-05-01	0	33	1574
221	1964-07-29	4	64	1238
255	1952-02-23	29	74	575
231	1970-05-11	5	7	1835
278	1974-11-17	34	66	1640
240	1990-01-01	29	54	1578
223	1995-01-06	32	12	590
242	1973-06-15	39	9	1707
223	1962-12-02	22	63	1376
250	1968-12-26	19	98	1089
284	2010-01-30	9	68	1894
232	2001-08-08	2	21	904
253	2008-08-15	14	51	1180
206	1967-09-19	34	23	1644
244	2003-11-29	-11	53	1610
261	1968-07-26	-13	16	378
215	1968-08-23	40	8	677
236	1986-11-24	31	93	900
254	2002-02-22	12	69	908
233	1949-05-05	42	54	28
218	2018-08-31	-15	15	967
271	1954-06-05	16	55	1612
243	1962-05-11	10	40	1329
268	1962-06-28	41	56	722
204	2016-02-21	0	32	1039
263	1993-05-10	13	33	1543
258	1989-08-18	0	11	1494
258	1945-10-01	19	96	1452
262	1941-06-15	0	74	314
296	1977-04-14	31	56	348
295	1950-01-12	-12	34	1549
283	1944-06-04	12	40	52
272	1964-03-17	-6	2	620
288	1982-03-26	35	34	1553
251	2005-12-31	-14	42	1095
268	1970-03-25	28	89	967
207	1990-12-14	12	83	1565
211	1994-07-18	30	16	1904
272	2015-08-29	8	42	1355
288	1975-12-20	4	77	250
265	1944-09-24	-2	98	53
300	1950-01-18	22	2	1762
