298	1963-12-22	0	80	1898
277	1948-05-01	35	77	510
300	1993-11-02	0	46	9
292	1994-04-22	-1	34	507
201	2008-01-19	38	53	1843
296	2019-06-13	22	70	110
256	2006-08-31	2	87	1436
284	1983-08-27	6	50	1015
277	1940-03-17	13	35	121
214	1945-03-01	3	91	526
298	1989-11-06	19	56	1402
298	1995-01-24	8	33	1147
249	1971-06-30	8	58	127
248	1994-09-29	41	35	1053
264	1954-11-29	36	100	325
245	2009-08-02	42	58	1470
274	1967-10-04	31	17	1133
204	2004-11-22	39	32	1991
233	2013-10-25	5	6	1190
240	1957-06-24	30	1	989
210	2009-08-27	7	59	1652
202	1987-01-20	-6	15	1014
255	1965-09-12	1	48	773
229	2005-10-25	39	47	483
280	1992-03-30	1	42	1891
233	2013-02-11	5	85	484
206	1951-12-23	35	24	1634
239	1980-09-24	35	67	135
212	1996-07-22	-15	46	530
290	1981-11-05	31	98	1856
297	1966-11-17	25	92	1826
241	2014-06-01	23	13	895
224	1957-07-17	28	83	85
269	1973-11-05	36	82	1147
253	2006-12-21	23	81	843
279	1940-05-25	38	75	444
239	1969-07-29	0	49	424
251	1989-09-24	-10	85	1019
211	1955-01-30	23	23	1141
241	1951-01-28	4	79	1520
268	1993-07-07	-13	32	516
234	1986-08-16	41	62	1379
216	1954-09-28	-13	34	1438
214	1983-09-24	-12	15	360
283	1985-05-04	-7	73	129
287	2000-11-08	21	22	886
253	1958-07-30	26	85	1252
233	1997-06-12	-3	91	562
243	2003-06-10	12	1	11
246	1966-06-26	-13	2	1007
232	2014-11-25	0	24	222
272	1983-07-08	13	40	1312
285	1945-10-25	10	64	103
222	1961-10-14	24	93	571
269	1944-10-17	30	50	309
255	1993-04-02	-12	42	1949
294	1984-04-25	-9	64	1742
229	1983-07-18	21	60	56
262	1983-04-10	23	3	116
258	1998-05-08	6	40	298
286	1976-02-18	2	12	1156
242	1944-07-30	42	30	1810
207	1943-02-05	36	42	548
252	1960-08-20	10	49	1821
214	2001-05-15	21	66	616
241	1995-10-21	40	18	1175
242	1977-07-27	1	36	1926
203	1972-06-29	24	84	1951
257	1983-11-05	37	95	856
239	1967-10-26	38	7	1104
208	1977-07-14	-7	18	1698
241	1996-05-12	16	5	1441
286	1951-01-21	-12	26	1038
253	1997-06-17	-1	18	222
234	2012-10-13	17	67	823
236	1947-07-06	7	24	1693
229	2019-05-24	8	53	30
221	1980-04-14	31	26	297
252	1961-03-08	0	4	595
247	1982-04-19	21	100	272
247	1948-11-30	16	12	1849
237	1942-02-11	-11	21	1108
284	1985-09-13	41	35	33
294	2016-07-22	20	67	1139
251	1989-12-17	23	14	1939
214	1964-05-06	35	49	765
231	2000-06-17	27	98	994
277	1946-02-24	23	82	1520
236	1941-01-27	-8	85	338
243	1951-09-25	36	33	120
246	2004-02-07	36	4	1561
265	1990-10-24	-11	60	933
249	1952-03-27	2	43	362
291	2014-10-10	-9	44	1762
275	1988-12-14	11	24	937
297	2011-07-01	-3	17	698
255	1993-07-28	22	85	290
237	2018-03-29	24	18	1052
219	1975-12-09	-14	95	46
291	1992-01-08	-10	38	1400
276	1940-05-14	15	11	189
276	1977-04-03	23	94	578
271	1941-04-25	30	88	1036
272	1968-05-29	15	38	537
260	2000-08-12	-1	79	1312
234	2003-12-30	8	1	494
272	1974-01-29	-14	38	1933
213	1965-03-26	42	15	457
209	2015-09-20	8	44	908
224	1978-11-10	35	70	633
234	2000-10-17	21	30	1141
238	2010-03-11	7	12	684
264	1972-08-27	28	42	620
298	1953-06-29	34	82	519
262	2012-10-21	21	32	914
264	1971-05-04	37	42	1683
237	1995-03-03	32	88	1172
233	1948-03-15	32	58	1035
206	1951-08-24	4	77	14
209	1977-11-26	12	31	131
275	1994-08-29	-12	32	1604
203	1977-08-10	18	35	1617
282	1970-01-01	2	50	40
292	2011-01-13	32	72	1721
279	1978-06-15	0	55	1987
283	1949-04-12	1	92	1000
213	1975-10-01	11	7	901
218	1948-02-29	34	24	406
275	1987-10-11	38	10	1101
283	2013-01-07	21	13	1267
297	1953-06-18	-2	29	663
241	1983-12-30	11	60	1960
288	2012-08-31	2	92	411
234	1995-08-12	-5	26	1105
297	2001-04-19	-9	62	1034
231	1968-09-28	14	68	714
231	1943-11-29	33	3	1325
226	1951-09-01	20	90	433
229	1996-09-14	6	48	1520
229	1989-07-17	35	54	1672
201	1965-06-07	41	5	267
273	1977-03-26	26	97	1370
246	2020-01-30	17	1	1892
257	1959-09-29	30	57	773
261	2016-06-10	15	3	637
265	1980-04-21	-8	42	1116
266	1964-11-06	18	97	882
230	1973-05-17	-5	29	1873
290	1987-08-01	26	42	1875
297	1975-06-02	-8	56	870
283	1976-07-05	12	27	29
299	1975-12-06	-10	36	935
221	1976-04-19	-13	72	1869
289	2008-09-14	19	26	325
286	1970-11-01	28	94	851
232	1999-07-09	18	23	1745
208	2008-05-19	28	5	1570
274	1963-09-28	19	75	771
219	2002-12-03	34	52	908
252	1985-05-02	3	15	618
262	1961-09-02	15	1	198
233	1967-03-03	30	9	1427
300	1941-10-12	38	91	448
233	1997-02-13	8	15	810
214	1967-08-16	3	96	1324
277	2012-01-09	35	35	1466
247	2002-04-02	-6	73	1402
237	1969-11-27	9	83	1827
219	1969-10-02	-13	71	1350
208	1983-12-15	0	14	933
236	1979-02-28	16	28	1961
262	2007-05-22	-2	35	680
207	1946-07-09	19	48	845
207	2018-08-13	-14	78	188
223	1990-10-08	3	14	1264
209	1983-06-06	-11	45	1693
220	2012-01-15	9	12	1539
201	1996-09-10	25	5	1173
206	1988-05-20	15	3	1488
294	2006-03-02	-11	7	1992
253	1995-09-10	39	27	1593
251	1988-06-17	5	62	757
249	1985-01-15	34	100	1321
286	2011-04-03	3	32	1861
263	1975-09-21	-14	18	238
233	1989-07-04	10	86	1157
221	1960-01-30	4	33	1339
270	1998-08-04	0	100	388
228	2012-01-05	2	5	930
238	1959-03-29	27	96	828
203	1966-08-02	10	21	598
211	1988-05-11	23	9	104
263	2012-02-13	9	49	1814
220	2009-04-14	1	91	1930
278	2001-11-19	10	20	1678
268	1994-05-11	11	63	1444
215	1969-11-25	-8	95	1222
284	2012-01-22	27	39	1642
270	1993-04-02	7	58	366
269	1951-05-19	-15	23	1455
224	2003-07-23	-14	21	1279
283	2011-09-08	-11	91	1870
228	1981-08-03	17	56	1522
280	1959-08-18	-7	53	1673
266	1991-06-08	34	96	1339
246	1954-08-26	42	11	1238
224	1956-09-15	-2	8	1362
223	1985-08-30	19	65	1338
236	1942-02-13	29	52	843
256	1949-11-17	2	23	1594
214	1985-08-16	41	63	864
256	1957-09-03	4	83	1715
254	1987-02-12	24	45	928
269	1947-07-06	21	38	1862
234	2016-05-09	34	3	778
241	1979-10-29	23	30	430
230	1996-10-16	27	73	918
212	2014-04-01	16	77	1860
284	2019-09-15	16	65	1356
256	1982-05-20	13	61	36
279	2004-01-06	23	55	1197
222	1942-02-05	13	43	1734
273	2017-01-09	-8	36	1505
206	1959-12-27	-7	67	1246
231	1946-07-14	31	23	347
244	2014-03-31	5	92	128
210	1958-10-02	28	87	1305
244	1943-03-11	25	97	143
236	1983-07-03	0	12	1842
273	2015-12-12	15	37	1406
233	1948-01-24	33	24	1112
222	1948-06-09	30	68	1481
296	2010-12-05	-2	33	1670
212	2015-03-05	21	47	1812
268	1956-03-22	17	78	1052
230	1974-09-02	9	1	1885
227	1995-05-26	15	33	180
277	2014-08-15	31	23	1162
264	2006-10-19	0	81	792
211	2016-06-10	26	30	1386
292	1953-11-17	-6	85	300
287	1942-07-04	8	81	992
220	2011-04-22	3	28	1990
289	2011-01-06	7	31	118
262	1988-06-04	19	22	955
298	2011-03-25	30	12	1390
214	1944-04-07	20	31	1194
289	1954-05-30	27	17	952
272	1986-05-26	0	87	1211
