224	2018-08-16	1	53	1036
214	2011-04-15	6	77	1067
241	1951-03-11	26	80	2
268	2020-01-08	1	90	951
281	2011-03-08	11	37	97
295	1941-01-18	14	26	1981
218	1950-11-04	31	35	1035
218	1975-11-17	16	12	1695
299	1962-02-20	-12	41	1905
278	1980-01-29	20	35	322
273	1959-10-15	5	46	6
254	1950-05-01	41	0	801
290	1940-07-21	4	26	247
273	2007-01-30	29	65	1142
210	1941-03-27	34	34	1284
282	1943-06-03	27	68	1611
250	1986-04-06	41	70	773
298	1995-04-14	39	17	1531
248	2017-12-28	-4	66	73
267	1984-11-10	23	61	1990
216	2018-04-27	30	16	253
232	1963-03-06	23	6	1760
288	1990-03-17	9	51	578
292	1992-06-17	0	43	613
208	1983-12-15	37	68	1382
281	1976-11-08	20	72	22
249	1995-02-26	-12	85	1460
246	1999-09-02	2	72	95
286	1981-07-25	12	98	1927
294	1974-05-07	14	91	601
294	1954-07-25	-10	75	35
270	2004-05-19	-1	9	1003
274	2011-10-23	39	88	40
272	1987-07-09	-6	24	1900
284	1944-01-01	42	33	1518
277	2017-05-21	31	40	1377
234	1959-07-24	-13	67	1969
231	1968-02-05	21	70	1082
256	1955-10-24	24	57	1484
257	1971-07-07	16	70	1826
219	1997-01-12	22	59	1587
239	1981-10-26	-4	5	286
226	1983-03-07	36	94	1307
268	1957-02-13	42	11	1511
265	1947-12-29	21	34	1809
261	1983-12-09	41	76	737
234	2017-07-17	18	45	587
277	1951-10-18	21	86	784
241	1969-01-30	-12	32	1256
220	2010-11-07	26	9	1404
246	1993-08-29	30	100	148
266	1992-09-15	5	29	1967
269	1999-05-17	35	12	550
264	2003-11-14	15	53	118
206	1996-01-12	36	82	1257
237	2009-11-12	22	39	1700
260	1983-05-11	36	67	1166
255	1968-12-15	-9	2	240
213	1953-09-19	4	100	1610
292	1955-12-20	15	44	1988
240	1963-05-22	13	17	337
203	2016-12-15	-13	100	531
285	1949-04-08	34	3	510
255	1974-07-19	13	95	39
292	1967-09-07	14	83	1252
300	1976-05-19	6	26	1757
221	1985-10-26	30	97	1083
226	1943-05-15	13	11	1070
201	1971-04-10	22	46	685
230	2008-03-28	-5	32	355
217	1959-01-21	9	97	258
238	2008-02-05	40	24	1001
234	2018-10-12	-12	22	1130
211	2019-05-25	7	19	143
272	2004-05-05	21	36	1167
243	1987-05-15	25	82	678
261	1953-07-01	30	53	230
202	2013-08-25	28	1	1972
265	1942-01-08	-10	48	1417
261	1961-08-05	9	1	834
217	2011-12-13	32	74	1862
227	1987-03-21	-5	39	1330
258	2007-12-24	-11	8	1027
269	1982-12-14	12	89	1197
290	2017-07-23	-12	84	1642
229	1949-09-08	7	46	859
288	1976-09-14	13	78	173
281	1947-05-01	24	26	1604
270	1983-07-06	-10	51	1025
201	1967-08-15	9	56	602
208	1966-08-29	14	35	791
219	2014-12-27	-3	76	1205
286	1993-05-28	-6	26	1584
295	2018-09-26	-1	47	778
254	2018-01-02	-12	83	391
220	2005-09-28	11	72	1587
259	1991-05-08	-7	13	1817
207	1971-09-09	10	13	1870
247	1948-09-27	-15	10	1605
284	2002-08-05	-14	20	986
226	1987-03-08	14	95	778
284	1991-05-08	32	7	1509
268	1953-09-01	36	12	1146
254	2009-10-23	29	85	76
220	2002-08-18	14	35	1906
217	1951-06-01	-15	1	39
271	1977-11-24	26	57	739
247	2000-05-04	0	47	128
280	1991-01-31	15	64	332
283	2006-05-28	-10	22	1060
285	1948-01-05	40	79	943
221	1970-05-30	21	56	1788
268	2014-11-28	-15	95	345
284	1981-05-21	31	47	749
252	1985-06-24	-14	98	1682
285	1975-09-10	0	75	382
227	1974-02-13	14	44	1680
216	2004-02-17	5	6	818
291	1996-10-11	0	59	1309
296	1972-07-23	-1	72	1135
277	2011-04-05	14	53	8
213	1942-09-10	7	97	987
238	1972-02-01	36	43	1980
284	1976-06-23	31	64	1805
208	1944-01-21	-11	72	801
218	2008-04-23	-11	25	1136
245	1970-01-04	41	15	1751
245	1954-08-12	-10	35	651
240	1959-02-06	41	31	578
268	1971-08-18	26	86	1516
220	1975-11-10	33	44	215
290	2015-12-05	13	91	166
250	1973-01-13	37	100	943
207	2019-04-10	18	72	1470
233	1971-05-29	-11	80	1125
280	1966-06-21	2	35	386
249	1979-12-05	40	11	593
246	1982-09-29	6	72	632
223	2005-08-06	34	100	834
261	2001-10-03	5	4	1516
264	2015-06-15	41	35	729
228	1999-10-27	-1	86	832
262	1951-01-04	31	75	1247
251	1993-04-20	31	85	184
248	1976-12-30	32	81	502
247	1965-05-22	10	56	706
291	1995-07-05	10	13	1667
219	2017-07-02	27	51	941
290	1980-09-25	-11	62	1581
233	1952-12-23	-13	36	132
211	2003-05-29	15	14	79
233	1946-05-01	40	42	1472
281	2005-02-18	-6	0	1650
207	2013-09-10	32	31	295
261	1966-08-02	4	37	721
236	1943-03-22	30	36	721
275	1973-01-31	19	71	1894
278	2011-08-31	5	75	1018
277	1975-03-10	6	72	940
244	1976-05-26	27	32	558
255	1990-08-24	19	92	0
262	2004-04-01	-5	82	1
230	1985-08-08	0	13	744
270	1942-11-10	7	87	75
257	2006-07-29	34	19	345
252	1958-11-09	19	23	504
264	1972-03-19	-1	73	560
250	1994-03-24	-7	80	443
294	1958-09-24	36	69	870
237	1966-05-14	26	27	197
281	1942-03-20	5	80	615
210	1968-12-06	38	86	757
244	1960-09-26	32	71	1481
272	1987-04-04	8	49	1561
241	1947-09-30	42	85	1172
244	1960-09-10	-13	77	905
247	1953-08-26	8	7	1951
233	1972-06-20	36	60	1389
287	1992-05-03	17	38	874
242	2013-06-17	15	27	1344
282	1996-02-25	40	57	1999
203	1980-08-24	-12	39	1109
266	1989-09-28	-4	1	1805
279	1976-04-07	2	46	1604
213	1973-08-22	-12	17	1823
209	1959-09-18	30	53	716
253	2010-12-13	11	88	1233
269	1983-11-03	0	3	1451
205	1953-05-24	36	11	1205
245	1972-12-11	-11	30	2
293	2001-08-16	17	60	1354
255	1968-12-24	-9	7	1644
222	2006-03-05	-14	28	1277
277	1981-03-19	3	97	1209
225	2000-09-06	39	54	969
257	2003-09-11	-2	30	674
234	2013-11-14	35	68	1777
249	1951-08-08	31	96	455
240	1957-07-03	-15	34	549
229	1972-11-10	17	58	1074
222	1949-10-02	-8	42	752
208	1961-01-12	34	38	1513
283	1998-03-17	28	38	663
258	1945-05-02	-7	80	1852
257	2003-12-11	-6	25	546
280	1962-04-11	-15	67	843
203	1949-03-15	27	97	933
275	1950-04-28	21	38	1848
246	1993-07-16	8	41	1343
248	1943-12-01	24	92	1131
241	1950-09-07	10	69	1684
283	2020-08-01	4	70	324
290	1984-12-29	34	2	1250
271	1942-08-02	23	20	110
222	1993-08-11	13	48	45
298	2014-09-06	-5	74	259
235	2011-06-25	-6	32	1116
211	1950-07-08	13	16	320
280	1955-01-09	0	28	799
208	1957-04-16	21	46	1047
230	2001-10-08	13	61	86
234	2016-09-29	-12	48	953
277	2007-02-03	12	30	168
261	1940-01-23	-15	71	961
267	1992-08-02	6	90	608
258	2018-03-08	15	7	27
274	1964-02-20	13	35	1627
247	2001-03-12	6	65	663
225	2008-09-29	25	82	797
294	1964-01-03	9	15	160
293	1989-09-08	24	45	347
231	1965-01-08	21	44	412
232	1987-12-03	8	7	56
248	1952-05-09	-7	26	103
261	1948-10-07	17	88	1133
240	2013-10-15	38	22	626
286	1955-03-07	-11	64	1037
255	1978-03-03	27	7	311
205	1960-09-29	-4	33	1519
272	1945-07-17	10	63	1119
294	2002-04-15	2	27	1062
247	2006-07-23	18	97	1343
284	1957-05-03	-7	3	1335
286	1950-05-11	-9	48	211
285	1944-05-07	-6	90	1493
299	2001-08-27	39	82	295
210	1940-11-24	13	94	1558
275	1956-06-02	17	14	703
235	1988-05-09	-7	82	1345
232	2007-08-16	18	18	1840
232	1947-06-06	23	25	696
213	1987-12-12	29	68	857
263	1960-02-27	38	95	1911
220	1941-03-06	-11	22	340
203	1951-01-10	28	93	1360
235	1957-01-09	-6	56	1103
216	1998-07-04	2	54	783
215	1993-03-01	-2	0	99
237	2013-09-22	26	48	1735
233	1975-04-28	4	90	63
246	2016-11-01	38	72	1458
260	1974-04-04	14	52	230
221	1998-03-16	19	60	887
225	1969-12-02	6	24	1601
277	1952-05-27	7	21	889
220	2012-10-05	-4	29	1643
292	1974-03-12	28	50	1731
236	1973-11-12	25	98	432
219	1942-03-23	3	75	1624
251	2004-01-16	-11	56	89
208	1952-06-02	31	70	37
266	1947-10-28	28	50	998
293	1953-03-26	35	27	1210
268	1952-02-26	35	66	556
287	1966-07-31	22	80	755
234	1980-08-08	31	80	1504
230	1976-06-19	25	37	403
288	1979-12-12	7	22	1584
244	1986-09-07	25	90	572
237	2017-11-09	32	14	1771
236	1954-02-10	20	55	314
296	1954-11-27	16	50	1905
228	2018-06-12	-9	38	1197
256	1973-10-23	-4	9	101
235	2001-12-30	35	63	1653
204	2015-05-12	31	30	1656
247	1986-02-07	0	18	505
279	1973-08-22	30	98	1525
210	2009-12-16	30	59	802
