228	2017-08-03	2	9	867
252	1970-10-12	3	64	418
244	2010-02-03	31	19	387
253	2014-10-12	15	20	921
256	2020-03-20	15	1	584
239	1984-08-07	34	94	262
218	1964-08-10	-12	24	939
278	1943-01-19	-5	93	1986
219	2006-07-03	38	38	1840
286	1999-02-15	9	62	1328
300	1988-09-13	-3	9	1001
275	2002-08-20	11	73	416
263	1976-01-05	21	5	508
293	1994-06-11	40	10	688
243	1955-09-04	26	6	1923
273	1953-12-27	18	26	807
201	1971-10-21	34	48	724
255	1979-12-31	11	5	1593
267	1988-11-08	29	79	1808
239	1989-11-14	28	28	680
242	1997-12-13	-5	49	1121
272	1956-10-08	31	86	524
213	2001-05-06	30	52	472
261	2001-10-07	11	28	1598
222	2015-08-17	42	51	962
212	2005-06-11	34	46	1147
276	2001-10-04	37	12	1252
220	1971-08-11	0	73	508
293	1989-05-29	12	42	257
225	1952-03-18	34	88	1509
231	2017-08-18	41	68	601
282	1957-02-11	42	83	1695
209	1980-01-14	39	60	562
235	2001-07-16	26	59	699
252	1995-11-15	22	68	1902
294	1973-05-25	41	58	503
233	1973-02-09	-8	61	722
236	1955-07-30	26	65	186
263	2007-08-14	-8	5	863
282	2004-10-26	33	100	726
219	2005-12-15	-13	25	760
208	2008-07-02	35	4	443
277	1988-10-07	26	47	382
236	2011-09-12	36	11	1036
221	1969-08-09	8	70	1173
259	1984-09-04	11	51	1887
276	1987-09-14	16	32	918
236	1976-07-04	40	5	389
274	2005-10-20	40	15	743
292	1984-02-24	15	39	1785
239	2003-07-23	11	81	1329
205	1953-09-05	-5	27	1238
250	1987-01-03	39	70	1588
244	1987-05-13	32	51	1646
207	1940-02-23	4	27	544
201	1998-12-09	16	87	1460
228	1960-04-25	8	83	870
209	1999-12-12	22	100	445
266	2013-08-19	28	19	329
232	2014-12-07	21	57	1798
272	1940-06-07	-7	49	1316
218	1996-02-10	38	54	722
274	1963-03-06	6	68	1039
207	2007-03-26	13	100	924
218	1971-10-28	18	39	1021
242	2012-05-07	14	12	773
239	1989-12-08	-1	92	709
233	1970-01-11	-10	23	1376
270	2018-08-24	32	61	306
290	2013-02-20	3	20	1112
271	1993-08-09	34	25	1853
249	1961-07-06	8	41	650
267	1991-07-21	13	7	1142
202	1976-04-19	32	31	11
217	2004-07-11	9	80	1705
273	1987-01-24	-3	93	993
250	1986-03-10	34	56	440
259	1975-10-02	39	57	1311
296	1971-08-25	41	24	477
284	2005-02-16	-13	15	1581
253	2001-05-30	38	34	618
224	1945-10-01	6	26	1549
202	1980-12-23	14	39	1026
233	1955-01-10	-7	90	1095
230	1940-04-28	30	25	73
205	2013-01-08	20	61	946
255	2008-04-23	-8	78	39
238	1964-02-03	13	6	187
218	1964-04-22	10	64	439
226	1944-04-10	5	38	1437
258	1947-04-22	-11	60	328
223	2012-04-14	-13	69	1127
284	1947-07-02	41	2	220
221	1954-10-13	24	71	28
292	1999-06-17	24	35	183
271	1954-09-20	31	89	428
237	1973-06-04	16	46	1200
207	1956-04-26	25	1	1095
220	1975-10-31	9	39	321
275	2002-02-10	12	13	823
230	1968-01-14	12	52	737
229	1942-11-25	30	57	2001
217	2009-03-05	1	81	1889
203	1948-10-15	6	2	1198
207	2002-06-14	1	14	1422
293	1984-08-04	9	67	1908
220	1950-05-17	19	53	32
254	1987-02-22	31	95	1809
202	1988-01-04	8	83	1777
272	1992-08-31	10	72	1218
244	1982-06-29	2	49	931
224	1959-09-26	33	71	260
261	1973-07-13	40	42	1604
231	1941-12-28	-3	5	188
288	1948-03-14	22	44	1413
211	1975-06-06	-2	32	1748
295	1978-07-19	-11	9	972
211	1998-08-01	-13	47	61
