267	1985-12-06	34	47	26
254	2016-10-03	17	52	503
205	1997-01-06	36	45	170
295	2013-04-15	35	26	491
247	1998-01-17	36	56	910
233	1991-11-06	14	21	1874
255	2013-11-11	28	11	1569
212	1993-07-25	33	83	1324
270	1948-01-22	-6	63	332
216	2004-04-25	-7	32	862
270	2003-01-13	33	21	1416
261	2006-11-01	32	31	989
282	1981-11-02	26	99	776
229	1991-09-29	2	8	1953
235	1948-01-20	17	60	1716
290	1962-01-10	24	82	675
249	1985-10-16	22	90	1974
281	1996-10-19	41	1	591
275	1961-10-25	39	76	507
293	2001-07-19	34	47	1212
283	2015-06-14	36	45	1391
220	1944-10-05	-6	29	1846
226	1988-10-06	17	57	1077
282	2000-04-13	22	17	1896
224	1970-10-02	36	99	1706
282	2013-11-18	26	68	1513
247	2008-11-30	33	54	527
237	1957-06-07	25	82	1114
289	1989-09-27	23	71	733
262	1982-08-12	34	15	180
207	1980-10-10	41	47	806
285	1967-03-13	10	22	239
210	1979-12-27	13	19	1611
215	1991-03-14	7	75	1014
207	1958-01-20	31	92	1836
215	1972-05-12	26	79	365
231	1997-04-28	7	17	1157
232	1979-02-13	15	40	909
259	2001-01-25	-10	71	592
259	2013-04-05	40	40	872
285	1973-03-05	27	47	1353
206	2013-10-24	37	54	1225
300	2012-04-26	10	24	439
300	2001-06-07	23	44	718
209	1975-06-26	-9	12	1696
229	1961-01-08	30	37	1348
237	1941-02-23	29	66	820
217	1973-08-05	5	92	790
248	1976-08-15	18	72	1761
278	2004-06-28	-3	95	413
239	2001-06-23	-4	4	641
278	2000-10-08	17	55	1876
235	2013-04-13	36	93	1565
230	1991-09-19	-7	28	1900
248	1946-11-02	-6	26	554
241	1982-01-28	-2	5	437
226	1974-03-04	-9	25	1003
284	2019-03-31	15	93	1254
248	2008-04-15	-15	35	344
265	1962-01-24	39	100	110
259	1960-04-30	-12	28	712
283	1994-11-14	29	55	1746
260	1946-07-14	3	85	496
207	2020-06-28	33	32	1790
299	1971-10-26	39	65	846
257	1992-04-21	28	45	1770
273	1984-01-05	-12	82	545
241	1940-11-28	36	66	1998
236	2005-09-14	-11	60	1310
244	1947-07-11	-7	96	631
255	1995-11-09	-3	47	1866
258	1991-05-28	23	95	1357
300	2013-11-13	-8	2	1298
295	1954-01-06	-2	88	508
206	1987-10-14	13	100	273
235	1995-02-13	4	62	1549
215	1996-04-30	12	17	852
267	1941-10-28	-7	25	694
277	2005-10-17	-6	46	988
292	1955-12-26	32	64	1229
256	2011-11-12	7	44	1184
242	1940-11-19	-6	58	393
243	1972-09-30	-6	55	1969
224	1948-04-04	26	5	1703
238	1987-12-02	0	72	758
238	1989-06-02	0	20	1498
262	2016-04-25	11	48	775
235	1955-12-30	32	26	1388
296	1961-11-16	37	23	311
270	1946-01-01	4	95	1929
290	2006-02-21	-10	49	1856
211	2011-04-20	-5	56	1124
235	1967-04-02	14	85	1418
272	2010-04-24	41	25	12
226	2003-02-26	36	100	1724
278	2011-07-10	12	63	1019
252	1960-03-27	-5	51	790
298	1963-07-30	-3	28	284
264	1965-11-13	17	75	926
234	1972-02-21	33	12	482
225	2001-07-23	10	93	162
228	1959-01-24	-5	4	1139
260	1976-01-13	36	96	1906
251	1997-02-22	39	48	274
217	1974-08-20	37	34	375
239	1974-07-30	-3	25	325
236	1974-02-11	34	28	717
281	2006-01-03	-1	90	684
276	2012-01-10	41	13	1404
210	1955-08-16	22	42	570
246	1964-04-05	-15	69	616
215	1958-01-01	-1	20	273
253	1950-03-18	11	57	755
230	1961-11-18	28	95	328
240	1988-05-03	-7	38	1499
221	1943-12-03	14	69	1685
299	1999-07-10	30	42	1991
274	2016-01-13	9	32	800
228	1947-03-28	15	20	780
275	2005-05-08	-4	65	1571
259	1982-08-21	22	8	1237
218	1991-03-19	25	11	1562
273	1959-02-03	0	21	940
254	1989-06-25	20	16	1072
230	1995-01-22	-11	66	1252
201	1988-11-28	-3	72	110
270	1992-09-08	-15	50	618
232	2004-06-29	31	27	1144
247	1973-07-20	42	62	1308
259	1977-08-10	-3	90	647
290	1979-05-21	18	43	557
219	2004-06-28	15	51	403
234	1993-09-21	27	47	1401
204	1975-02-08	32	27	194
290	1971-07-28	18	5	1782
299	1974-01-23	0	29	119
296	1974-07-03	28	82	337
202	2010-07-25	30	90	719
253	1996-05-20	36	97	1514
262	1991-06-21	24	50	1535
214	2016-08-15	37	41	301
258	1945-07-04	41	32	389
253	1976-04-24	4	78	120
246	1987-06-16	27	25	654
238	2012-05-24	39	89	1252
230	1965-01-21	20	85	1278
232	2018-08-13	42	97	1624
218	1990-09-11	5	57	1707
282	1962-09-02	25	9	1179
257	1991-01-01	17	78	1701
275	1949-10-26	30	90	774
294	1950-08-09	42	48	1878
274	1983-04-28	32	61	1222
289	2018-06-19	12	88	1233
286	1992-04-18	41	69	67
239	1987-12-22	20	15	1155
215	1962-03-20	29	22	1843
252	1950-04-09	-10	61	918
226	2006-11-18	12	32	1547
285	1969-07-25	26	35	531
283	1966-01-13	12	46	153
243	1958-01-27	13	15	576
299	1990-08-12	5	73	1362
296	2019-02-12	-5	18	1603
278	1976-12-13	-9	74	1575
238	1984-03-06	33	53	701
222	1966-08-22	38	27	935
260	2018-06-24	23	92	476
205	1996-12-25	19	85	1754
289	2008-11-07	-9	72	235
245	1956-06-26	-11	73	1714
219	2012-10-13	42	87	1412
263	1950-05-28	28	22	1257
249	1953-12-28	32	48	970
226	1974-11-24	-10	10	1948
298	2009-02-05	6	32	1783
299	1968-08-25	12	100	1411
299	2016-06-23	14	100	716
243	1979-02-03	-6	62	1069
203	1989-01-03	42	0	230
286	1966-11-18	20	96	1568
244	1987-04-09	-8	12	933
286	1959-07-20	-4	18	1653
274	1962-12-16	27	56	1978
294	1958-03-01	13	35	1613
253	1975-05-03	12	78	1792
248	2005-06-13	35	97	1328
215	1973-02-09	-13	59	1420
203	1999-11-30	20	19	734
290	2020-07-13	-12	40	532
251	2015-07-07	23	80	127
226	1976-01-09	21	1	976
285	2019-01-24	-1	87	1728
262	1943-04-12	-1	16	176
202	1980-05-06	-3	39	736
295	1951-05-20	3	64	536
298	1949-09-29	26	100	501
207	1986-08-12	20	80	13
229	1962-03-03	-6	89	1263
260	1998-10-26	2	61	583
241	1999-11-14	21	12	594
251	2018-05-03	-9	72	683
235	1961-02-04	8	87	1622
224	1959-02-03	35	26	1543
297	1977-11-30	22	62	1299
216	1984-11-16	35	18	964
201	1972-02-23	21	82	1975
288	1972-09-02	36	32	1269
271	1941-05-02	32	96	1382
264	1991-12-09	9	43	720
206	1976-06-19	16	77	669
266	2012-01-27	12	95	529
224	1947-04-11	-4	25	388
245	1947-07-31	37	30	894
298	1984-10-28	28	55	323
