256	2015-03-02	35	9	1918
203	1953-05-18	33	49	1488
210	2002-03-17	34	62	935
223	2020-07-17	19	62	1747
238	1959-11-18	-10	44	986
237	1962-01-14	31	87	1194
225	2017-10-31	41	97	1392
232	1945-10-31	-1	30	869
255	1992-04-01	27	0	5
234	2003-08-28	-6	18	863
214	1951-06-13	39	71	800
228	2006-05-18	36	36	226
298	1981-01-10	37	27	1011
297	2014-05-28	35	78	308
289	1966-04-10	19	77	1219
294	1961-04-03	4	67	887
244	1960-05-08	16	30	448
288	1946-07-16	4	80	799
205	1963-03-15	6	44	750
274	1964-05-25	29	20	1256
226	2012-10-04	6	91	690
203	1955-08-10	-14	1	1190
247	1962-09-03	23	98	136
281	1999-12-04	10	100	203
288	1948-09-12	10	64	1337
239	1975-01-06	34	51	1427
229	1948-09-20	-4	7	1186
293	2010-06-08	40	50	1180
220	1941-10-14	3	19	58
265	2004-01-09	25	83	1910
224	2017-02-06	-13	80	1365
204	2012-06-20	21	97	838
294	1971-11-08	28	17	1937
292	1969-09-30	40	92	470
205	1987-09-04	29	55	298
223	1942-07-11	23	13	40
284	1957-03-12	20	82	962
278	1995-08-09	1	12	168
299	1982-10-13	-3	11	323
285	2015-03-05	16	41	489
224	1963-01-12	21	62	866
278	1964-07-23	36	41	1898
292	1991-07-06	33	18	1237
210	1942-05-18	25	45	475
228	1986-07-13	29	32	689
291	1944-01-29	13	21	1914
253	1943-04-20	7	6	811
211	1945-04-24	39	81	147
286	1999-05-22	40	35	276
232	1965-04-05	22	38	1204
282	1979-01-07	-12	35	1779
252	1942-04-23	19	14	1942
224	1976-08-28	33	51	1151
269	1944-11-28	38	10	897
269	1992-04-07	-2	57	1587
239	1976-06-10	32	62	1443
217	1951-10-27	35	44	1951
298	1987-01-30	30	62	1183
293	2013-04-28	10	19	18
289	2011-07-10	-11	99	1730
245	1968-10-19	-1	47	1622
221	2015-11-15	-8	81	1191
284	1961-05-07	27	4	1460
296	2011-07-07	27	99	1792
261	1942-04-18	13	56	1340
244	1942-08-15	42	67	1521
208	1982-08-05	2	89	1413
232	1994-07-07	7	5	928
296	2007-10-10	-5	21	678
271	2006-10-22	2	2	1930
222	1956-05-13	0	31	608
215	1963-08-07	9	38	93
298	1956-11-18	6	63	1781
232	1983-01-27	39	64	22
265	1956-06-05	33	60	1369
253	1963-08-01	14	1	577
246	1956-06-28	-6	57	1703
257	1949-12-01	17	26	415
266	1964-03-11	1	67	285
262	1948-05-16	31	1	1608
253	1998-11-10	30	50	955
264	1946-06-07	0	43	1955
204	2017-04-10	36	81	328
254	2007-01-04	11	65	1544
211	1948-10-24	9	24	1744
281	1987-01-07	9	22	694
267	1968-08-11	10	35	1263
293	1951-07-27	-11	64	345
243	2000-06-12	38	73	1237
272	1965-01-14	8	40	220
261	2012-08-06	8	15	1334
276	1954-08-04	-9	33	1441
295	1965-06-02	8	90	1511
263	1976-07-01	13	23	1054
275	1956-03-03	-6	78	29
260	1978-07-18	21	51	1206
298	1944-02-02	7	84	387
201	2019-09-24	34	100	540
296	1945-07-16	25	38	1573
254	2017-10-24	21	44	1987
294	2014-09-03	-7	10	732
237	1966-11-28	33	13	1490
249	2003-05-04	20	1	550
268	1951-03-22	-14	84	767
256	2010-01-15	6	71	1623
297	2019-12-19	-14	49	1397
284	1994-11-04	-5	72	667
291	1944-08-15	22	41	672
250	1959-12-23	-6	23	208
208	1981-02-07	29	20	1294
265	2008-12-07	0	8	732
215	1993-12-03	1	22	625
259	1956-04-19	-12	87	1326
246	1957-05-08	10	26	272
286	1964-04-15	-8	62	474
217	1975-04-02	29	68	1577
229	2018-09-29	7	42	1178
300	2017-07-16	1	47	1426
241	2014-02-05	13	28	896
258	1981-07-26	25	55	1367
254	1997-05-14	8	11	931
288	1954-10-30	-8	47	1753
297	1985-11-02	16	27	1603
269	1960-07-29	21	81	599
242	1951-07-03	16	98	12
280	1951-07-22	-3	14	910
205	2002-12-13	5	52	1988
244	1996-11-05	20	74	478
238	1975-10-16	9	9	847
259	2001-04-10	39	5	941
212	2007-04-07	19	37	137
262	2017-11-25	14	90	367
241	1940-12-31	41	29	1237
269	1971-10-18	14	70	992
265	2001-08-01	30	42	1560
208	1987-01-08	-15	11	176
287	1957-06-24	28	91	281
255	2008-02-24	-4	12	226
227	1949-07-31	20	3	1244
260	1954-03-24	-10	81	1355
229	1983-04-02	9	51	1780
287	1957-12-29	42	81	1737
246	1974-12-04	17	96	484
219	2019-09-21	38	71	916
204	1987-03-10	7	21	1704
261	1983-12-10	26	9	1204
237	1969-02-12	-8	10	1443
259	1945-03-17	25	36	1890
252	1962-02-08	6	98	133
222	1946-09-28	-13	35	933
289	1947-01-20	26	30	1827
249	1974-02-13	2	12	1818
219	2000-02-02	-6	76	1994
239	1977-01-30	-12	85	1095
272	1946-03-08	-4	55	1591
297	1969-04-12	-7	21	1820
296	1953-12-04	27	2	1463
234	1975-12-03	-2	88	836
258	1964-07-25	13	65	1982
220	1989-02-13	4	48	501
225	2010-04-05	26	92	1948
206	1963-05-02	21	86	1465
250	1942-12-20	10	62	947
253	2009-05-18	39	2	12
297	1982-08-20	-15	20	1709
240	1951-12-02	33	58	1134
275	2013-11-09	0	23	1600
