268	1948-09-13	21	59	548
293	1966-01-11	37	98	1901
224	1968-05-31	25	88	940
299	2006-09-17	12	77	1649
276	1964-03-18	32	61	1801
241	1976-12-09	-2	29	132
250	1965-12-10	8	33	1960
223	1992-08-29	33	42	906
256	1954-08-30	-15	73	827
275	2018-05-04	1	65	1510
254	1947-05-31	-13	73	709
297	1944-05-09	28	42	1135
204	1993-02-20	-6	18	978
260	1972-11-23	38	40	1884
201	1994-09-14	36	81	1030
246	2011-04-06	-6	2	1980
255	1946-06-08	-15	77	736
291	2001-07-31	20	60	81
266	2004-08-15	-14	99	296
286	1981-12-29	5	22	873
239	2019-09-17	12	69	1992
292	2016-06-30	17	45	1691
229	1949-06-18	3	55	1033
210	1957-08-06	23	36	1088
255	1980-07-01	38	48	356
212	1986-02-06	-6	19	573
208	1967-09-24	28	85	123
244	1944-08-27	40	17	506
259	2015-10-17	6	82	739
264	2020-02-07	-12	97	1872
203	2003-03-14	12	35	1575
266	2004-05-20	-8	77	311
240	1983-11-19	28	58	1403
254	1976-04-30	32	54	772
210	1992-03-11	25	41	235
259	1979-10-23	33	3	1006
223	1956-02-06	5	5	543
221	2017-07-09	-7	39	1663
226	1960-05-30	-7	86	1398
214	2003-09-12	23	97	1391
242	2000-07-12	17	24	1479
260	1944-03-13	-14	90	865
211	2017-08-30	5	69	151
234	2014-09-01	23	31	1066
300	1960-03-28	-5	63	1396
202	1951-08-03	15	95	215
289	1987-12-03	13	74	141
206	2012-10-24	36	41	1856
274	2011-10-07	10	25	1838
234	2017-01-01	38	35	1626
298	1999-10-06	3	51	1001
251	2012-11-29	5	99	265
274	1953-08-21	10	5	912
234	1969-06-03	38	83	256
256	1943-12-13	24	55	831
238	2008-02-16	41	59	1964
297	1966-10-30	14	63	1066
269	1941-02-01	11	47	1160
209	1962-08-16	-15	72	106
263	1989-01-23	37	43	713
278	1994-11-20	28	22	70
242	2001-11-03	15	76	1855
237	1973-04-03	3	93	1914
262	1942-01-28	1	7	1538
259	1943-03-16	30	73	678
206	1995-07-31	3	77	195
286	1983-01-17	24	9	914
276	1951-04-23	38	98	253
269	1982-03-14	29	58	1178
269	1998-08-05	22	23	578
226	1968-11-26	-13	92	1790
295	2003-09-20	37	5	277
271	1999-02-01	15	82	154
296	1970-09-17	15	100	221
291	2004-01-11	11	81	1300
261	2014-06-05	6	89	1563
268	1984-02-01	-13	79	1454
255	1969-11-25	31	90	824
279	1949-07-12	-8	67	502
293	2016-09-18	3	53	1190
250	1986-08-03	0	7	1741
202	2008-03-01	34	98	1612
204	2011-11-07	42	45	1099
289	1989-03-16	-4	50	430
284	2018-04-02	10	75	1029
205	1975-04-08	17	36	135
298	2003-10-25	-10	54	1016
213	2012-09-01	41	43	1626
235	1953-12-02	35	46	1192
215	1955-02-23	40	82	638
226	1998-11-08	-6	59	1477
244	2016-03-23	24	3	139
201	1946-09-20	10	66	221
234	2017-05-19	38	42	331
209	1960-09-23	30	16	363
259	1982-05-27	-15	74	928
216	1965-01-13	-1	2	1638
208	1940-01-29	-7	1	1026
253	2005-04-10	1	20	452
292	2017-08-19	-4	21	645
223	1998-08-07	9	35	1679
224	2019-11-15	12	20	853
251	2019-02-18	-8	59	1731
211	1971-03-30	-1	88	1755
279	2020-04-02	20	20	220
247	1982-02-11	4	76	866
276	1984-12-08	-8	67	175
214	1973-11-16	13	57	1981
212	2004-09-26	40	56	1811
278	2007-01-16	25	25	1543
263	1993-01-09	38	63	1312
233	1970-05-21	1	79	1947
295	1970-05-12	1	41	1589
201	1969-01-18	16	32	874
217	1983-01-23	35	0	389
218	1974-05-04	-9	61	966
205	1992-08-13	11	52	667
225	1964-12-28	-4	15	1554
206	1994-04-25	-9	59	169
237	1986-11-11	29	95	1792
276	1996-12-01	38	51	1422
202	2017-06-26	7	46	1956
228	1970-01-30	33	49	1860
207	1947-08-16	24	19	941
237	2005-08-24	2	41	263
217	1986-08-21	14	93	1969
212	1992-07-14	29	7	1836
222	1976-02-28	-6	89	665
277	2017-02-19	10	15	1957
297	1976-07-30	11	24	1109
217	1943-04-01	9	28	1200
274	2016-09-06	-7	23	1996
270	1973-08-11	19	47	1350
250	1986-08-09	33	83	1539
221	1958-12-05	26	20	698
268	1948-12-06	30	47	1645
223	1941-06-20	14	76	1155
258	1984-11-12	16	85	1792
