243	1943-12-28	-3	91	1606
282	2010-01-05	24	39	177
275	1983-05-19	25	25	558
272	2014-12-05	7	79	773
244	2015-01-26	23	92	688
248	1958-09-16	-2	45	1769
219	2020-03-31	5	87	1432
280	1965-01-27	-7	83	874
208	1949-01-12	41	93	145
263	1998-05-14	2	47	949
248	1962-05-15	23	66	181
207	1943-01-01	-7	28	652
241	2003-07-18	21	96	416
208	1964-10-06	27	23	991
285	1999-08-02	34	44	840
246	1970-02-27	-11	62	957
244	2015-04-20	29	70	1693
232	1969-09-08	22	0	667
281	1949-12-06	14	76	1095
236	1976-07-02	-11	86	1
270	1942-08-12	16	6	143
204	1976-07-23	28	27	1628
237	1974-08-21	36	64	1860
218	1955-08-07	2	98	494
252	2013-03-02	34	34	530
206	2015-12-10	17	60	1221
218	1974-07-02	21	95	1596
240	1991-12-28	-10	54	1474
248	1957-05-13	-6	74	1038
209	2006-02-18	-1	89	1238
260	1999-03-27	16	26	1784
297	1956-07-11	17	7	1942
240	2016-05-23	17	87	44
269	1981-04-22	33	59	308
276	1969-01-23	10	47	1868
296	2004-03-24	3	65	1060
275	1956-05-25	-12	75	60
287	2002-08-20	-10	44	269
262	1985-06-29	20	68	1917
249	2019-06-01	4	58	741
287	2006-08-28	3	83	1412
262	1953-10-29	26	75	1730
236	2016-02-13	-8	18	282
253	2001-05-13	24	55	1055
220	1943-09-21	-4	2	600
274	2017-09-08	-6	94	1547
224	1940-10-12	25	73	1461
265	1962-05-30	13	53	1876
263	1945-10-02	7	19	314
292	1989-09-09	42	13	709
283	1940-12-31	-15	10	976
233	1953-03-24	24	77	507
244	2017-10-04	40	96	1697
282	1985-07-20	-13	50	1296
215	1969-11-07	5	99	1240
297	2007-03-12	31	69	484
285	2011-07-19	-4	51	1739
206	1960-12-21	2	93	567
267	1945-04-02	-1	88	164
298	2015-07-13	3	17	40
288	1970-10-07	-2	20	1909
287	1992-11-18	19	23	1328
292	1969-12-20	18	9	1212
201	1953-05-17	13	57	1485
209	1966-11-11	-1	49	887
287	1963-10-12	29	8	767
270	1965-01-08	17	47	596
230	1968-04-05	25	74	745
209	1998-09-17	-2	32	1339
288	1983-06-16	19	83	493
209	2013-05-21	21	41	1050
287	1957-01-26	35	51	332
256	2009-12-29	8	29	924
300	1975-03-08	-3	96	1394
252	1974-04-23	32	99	904
232	1980-08-31	3	9	22
203	1987-01-17	30	51	1351
262	1968-02-24	21	71	1291
226	1941-02-09	13	28	1467
289	2017-03-20	9	94	1338
234	1943-04-19	12	51	1475
292	2009-10-29	-13	87	1386
280	1953-02-24	40	69	1083
231	2017-08-22	1	7	381
242	1960-01-21	12	12	1555
251	1999-08-25	28	83	1691
209	1943-04-08	9	83	767
236	1957-12-07	1	69	1257
280	1957-11-07	3	84	623
204	2007-12-14	-3	47	1113
214	2000-07-09	21	39	1981
243	1958-07-21	17	90	440
206	1988-11-20	-6	42	1528
221	1950-02-27	26	67	271
276	1970-02-13	24	78	322
284	1950-10-05	-4	76	954
295	2003-09-28	20	94	1949
233	1970-06-13	9	58	1427
257	1944-01-22	28	7	745
283	1981-01-16	-2	63	17
237	2014-07-23	16	58	290
244	1976-03-29	-12	93	817
256	1982-01-21	18	33	384
272	1995-04-09	10	4	193
276	2004-02-07	40	5	33
247	1999-04-27	3	50	1527
258	1989-05-20	16	69	1569
259	2006-03-17	16	55	1989
241	1997-06-10	21	100	1210
247	1989-03-19	22	24	794
219	1982-07-28	21	49	433
211	1986-01-26	-11	76	1852
219	2000-03-14	9	5	1916
262	1966-05-26	-9	95	1886
258	1981-08-25	18	48	1540
222	2004-03-13	8	57	761
286	1996-04-13	-15	9	1550
248	1980-12-20	13	30	1992
263	2002-11-16	-14	85	1213
227	1981-09-21	38	5	429
277	1985-07-06	34	58	1144
243	1940-09-27	2	7	1441
250	2019-06-01	-13	8	1652
285	2004-04-16	19	34	1099
246	1951-12-27	-10	29	1568
220	1975-11-11	1	39	1945
244	1964-02-14	39	83	1440
249	1965-08-02	28	59	1666
267	1997-06-26	40	36	810
270	1998-05-26	30	6	1136
241	2009-05-20	36	13	1034
232	1996-12-15	7	77	907
286	1961-10-15	4	10	974
294	1989-04-01	36	78	1392
226	2004-08-14	37	26	1564
258	1988-07-13	3	69	626
296	1978-03-25	-15	40	141
276	2014-01-01	10	51	866
293	2016-07-13	20	11	1922
202	2007-11-12	39	18	1220
293	1975-11-19	-9	53	498
240	1975-03-23	2	65	268
210	1965-01-21	29	44	680
236	1949-11-24	33	48	1635
274	1951-07-25	41	63	1632
242	1983-02-10	25	82	1429
220	1967-07-25	32	6	312
201	1972-01-23	-4	72	1103
