264	1943-04-11	29	96	160
285	1982-07-30	27	38	1582
203	1942-06-15	6	30	1823
245	1940-01-25	17	46	1735
296	1946-03-08	-6	80	1278
242	1981-04-25	12	35	828
237	1953-02-10	14	25	520
274	1980-09-13	4	48	563
207	2004-06-13	13	69	1730
223	1994-04-21	26	96	1940
265	1997-11-08	-1	98	875
283	2017-01-12	33	100	172
204	1984-04-10	36	90	1745
248	1967-11-02	-5	72	35
255	2012-10-11	-13	93	1638
283	1959-10-07	-11	58	776
268	2018-01-13	31	17	1532
283	1970-12-25	28	98	1275
224	1950-12-18	-12	0	1976
262	1996-09-30	3	53	787
277	1988-02-03	27	82	1474
273	1983-11-28	38	55	157
227	1940-09-26	-5	86	1224
296	1944-05-19	21	53	998
286	1985-09-30	13	50	1024
232	1965-11-10	3	91	1389
215	1959-11-23	3	36	1161
274	2015-05-11	4	25	208
202	1988-10-30	36	88	1572
252	2006-02-23	35	65	1290
216	1995-01-08	2	50	1056
221	1993-01-19	8	16	1975
207	1984-11-06	7	0	525
238	1980-02-14	23	5	1744
229	2011-12-03	-14	77	1437
211	1965-04-29	20	84	211
266	2012-12-23	1	17	1528
268	1946-08-25	4	9	1084
261	1944-08-13	13	0	95
280	1960-07-02	41	30	1530
266	1989-03-24	-11	98	1991
272	1953-12-23	38	13	1543
223	2002-07-23	30	64	322
290	1987-11-19	-15	70	1395
278	1948-02-10	17	52	1059
209	2019-12-13	-9	90	1750
212	1979-04-19	8	14	1756
298	1968-10-31	4	97	1413
248	1963-12-01	-6	96	1319
226	2012-03-14	4	66	1593
270	1964-10-02	8	14	743
296	1964-11-06	-10	63	1499
203	1990-12-17	33	14	1918
253	1962-07-17	14	43	1280
270	2007-05-22	9	63	164
216	2000-09-14	14	73	307
227	1945-08-06	11	82	1715
217	1985-07-28	13	79	889
288	1968-12-11	-13	94	1225
300	1999-06-13	26	80	40
256	2011-11-10	20	12	490
202	2010-03-19	33	73	1342
297	1992-08-15	21	79	436
214	2019-12-25	19	11	900
277	2020-08-17	0	53	508
224	1981-03-22	25	21	327
201	1970-10-28	42	27	1841
211	1954-07-20	4	85	862
276	2018-08-29	0	59	1403
212	1963-12-29	1	60	875
278	1992-06-12	-15	28	1557
273	1966-02-25	20	45	1794
267	1992-03-17	32	57	1490
280	1985-03-06	-14	37	1655
259	2016-09-04	32	10	1484
269	1996-05-19	24	83	1008
286	1994-03-10	40	22	1921
208	1942-04-23	9	35	1399
296	1982-09-19	1	33	1681
255	1940-02-08	2	84	227
274	1978-02-22	11	29	1255
273	1954-10-26	4	70	543
235	2018-05-12	36	3	1125
235	1999-04-01	25	82	1551
220	1948-10-23	19	24	997
224	1996-03-04	30	23	412
231	1995-03-21	11	76	1691
244	1976-09-14	28	63	52
238	1964-08-03	-8	87	1482
273	2005-07-31	28	35	1104
250	1952-10-10	21	79	1469
236	1954-12-01	15	40	973
207	1954-02-05	28	90	336
282	1975-01-19	-10	15	1390
211	2009-04-13	3	50	1466
253	1989-06-19	38	55	412
241	1992-09-13	11	10	1507
226	1945-06-26	19	41	524
204	1975-01-20	12	97	1506
268	1954-11-25	30	16	1778
289	1959-07-18	21	87	1307
275	1978-02-14	8	54	1842
220	2010-11-13	-3	91	1887
269	2008-02-09	1	15	964
291	1989-07-03	28	77	792
257	1955-06-11	15	94	545
265	1977-04-13	19	81	1348
234	2006-11-25	-3	59	946
233	1955-10-24	19	9	897
212	1996-01-26	-10	15	329
291	1985-11-14	9	80	620
281	1983-01-31	-9	60	691
261	1949-01-18	27	7	89
238	1954-12-12	38	4	490
268	2006-01-03	41	83	1801
241	1959-01-04	-10	68	1999
210	1992-12-25	17	19	329
250	2017-04-28	31	72	1774
249	1969-11-30	6	12	1244
229	1988-07-05	8	6	568
251	1989-08-30	15	66	227
263	1987-02-07	6	9	1196
252	1981-01-05	27	64	1440
254	1993-07-11	11	82	160
290	2016-07-27	30	25	1919
272	1957-03-24	35	88	1828
252	1987-12-25	11	52	1546
299	1954-06-07	24	75	350
277	1992-11-01	37	70	1474
226	1957-06-19	34	8	1336
280	1965-10-10	42	85	882
243	1954-09-27	1	66	76
247	1951-11-28	-11	50	1228
291	1979-02-07	41	36	258
210	1999-07-17	41	95	1562
282	2014-11-16	41	36	1950
256	2009-06-16	-10	17	1444
283	2009-07-13	32	89	899
282	1946-10-06	24	84	997
221	1959-03-08	0	93	1867
213	1989-01-06	-10	29	6
257	1976-12-27	-4	38	1983
205	2014-10-30	26	88	1742
203	1986-11-23	20	2	1111
294	2015-12-08	-4	55	1437
279	1990-05-07	14	40	14
286	1954-09-13	4	59	807
274	1988-02-23	25	8	1920
244	1988-07-17	18	64	1700
238	1996-02-08	-2	34	1036
218	1944-01-25	0	70	1204
235	1957-09-18	-2	68	182
255	1949-04-10	-1	43	550
255	1994-08-26	35	76	1013
226	1952-07-29	4	88	338
290	2004-12-08	35	33	274
203	1998-02-04	9	42	1870
262	1977-05-11	16	8	947
247	1984-09-17	24	13	402
224	1943-08-03	-11	75	1336
235	1960-08-06	-2	49	1676
274	1956-04-27	12	30	708
273	1967-01-04	41	3	678
259	2018-08-11	-8	50	1076
272	1982-07-20	1	78	478
207	1993-10-28	21	5	1515
275	1994-05-31	30	29	755
222	2004-06-09	15	45	1212
271	2007-09-21	24	95	878
257	1992-08-31	-7	3	1911
292	1983-08-16	7	35	1864
224	1994-10-17	-13	31	1088
222	1941-10-19	10	33	115
273	1950-08-27	18	3	158
277	1960-09-01	27	4	623
249	2008-12-11	4	36	1031
235	1969-05-10	17	10	970
221	1953-08-15	32	5	1296
265	1965-07-11	38	25	966
298	2011-03-09	19	77	782
277	1942-02-13	26	13	391
215	1966-01-03	21	46	1351
280	1999-08-20	16	27	830
212	1940-07-29	-9	44	1226
241	1988-01-28	16	55	1846
219	1992-06-20	-8	74	708
243	1964-05-18	30	90	431
276	2002-12-24	-11	61	74
289	1985-12-12	21	5	495
219	1954-06-07	5	67	1976
228	2019-11-17	-8	12	1220
270	1975-11-30	11	55	227
205	1990-11-08	18	39	1584
225	2016-10-08	-12	33	785
211	1973-01-19	3	12	1518
245	1949-02-09	-3	9	1452
264	1994-10-17	13	58	1383
260	2008-08-05	31	61	1274
212	1995-03-10	-6	69	1462
251	1962-01-17	35	23	58
286	1972-01-07	-11	6	1225
283	1950-02-15	-6	76	1278
251	2006-03-25	5	8	944
300	1945-04-03	1	57	1438
262	1941-02-23	1	37	64
262	1949-07-18	-9	46	694
252	1947-02-08	6	54	1005
232	1956-11-05	-15	85	1067
256	1945-10-21	-7	51	430
245	1969-12-18	17	10	1776
261	1972-03-25	0	24	504
248	1988-11-16	-5	70	1213
228	1970-12-13	-4	29	747
258	1986-03-26	-5	6	1513
211	1975-07-16	-6	2	593
283	1997-06-27	19	25	541
268	1992-05-03	31	75	810
211	1953-01-01	-7	14	596
254	1983-03-26	29	13	232
236	1993-09-05	34	52	1977
232	1987-05-26	-15	15	607
270	1955-02-10	-10	90	1373
257	1979-05-11	27	69	1816
252	2018-10-20	3	99	512
265	1949-05-21	24	21	1054
238	1981-02-13	32	6	520
278	2003-05-05	-4	21	1170
291	1982-04-13	-3	98	759
220	1986-04-23	-11	98	1768
228	1970-09-16	1	98	1415
292	1975-05-14	-12	31	882
291	1942-05-24	-9	21	310
254	1976-01-06	-9	78	1401
281	2019-01-02	39	68	1223
256	1958-11-03	9	93	277
226	1958-11-17	30	14	320
217	2003-05-20	20	57	1592
266	1977-03-11	28	18	1928
236	1964-09-05	4	9	232
252	1944-11-05	3	54	41
284	1980-03-06	-3	52	1884
267	1971-10-28	11	74	1008
206	1945-09-22	21	24	1668
270	1989-06-28	23	71	666
292	1998-01-06	25	75	279
279	1996-01-07	13	43	136
233	1988-05-16	25	87	421
226	1985-02-04	13	43	2000
269	2011-05-14	33	14	698
233	2017-05-31	26	72	403
218	2010-07-27	25	10	449
286	1974-04-17	-7	87	592
226	2008-05-15	12	25	987
246	1980-06-23	8	43	1097
285	1986-12-12	15	18	1985
278	1977-02-23	4	43	343
210	2002-02-22	12	39	1424
263	1957-03-18	33	60	888
300	1947-11-12	12	51	1470
267	2008-08-30	34	31	240
208	1982-03-09	13	68	722
219	1997-03-25	35	100	1889
287	1994-01-13	-10	44	1243
226	1977-07-25	-13	35	1524
291	1966-09-08	27	23	1007
242	1988-06-04	39	66	1581
286	1981-04-09	-3	75	1974
208	1984-12-18	23	33	273
