270	1955-09-09	8	59	620
232	2008-07-24	-5	28	21
258	2005-03-29	41	6	1014
235	1991-12-12	29	34	170
241	2018-02-02	-5	8	190
298	1943-04-28	27	44	1871
211	2009-04-08	25	36	1440
213	2002-02-09	-14	64	1100
251	1975-12-30	28	63	769
273	1948-10-20	36	31	1227
221	1996-04-25	24	9	1413
262	1982-12-20	35	32	1916
240	1968-11-21	20	0	715
224	1962-01-05	-3	66	490
247	1995-10-17	33	44	1673
236	2004-05-17	-15	50	1718
280	1984-08-12	17	39	1171
269	1949-02-07	-3	52	788
288	1953-07-23	-2	41	1131
292	2007-06-25	20	2	438
278	1946-12-14	39	3	1817
231	1974-07-29	20	10	294
229	2005-10-24	2	0	1102
215	1954-03-18	40	17	153
209	1969-01-05	35	92	1861
214	1959-10-14	41	31	625
273	1960-04-30	35	36	925
209	1983-11-12	22	76	697
226	1965-03-28	12	3	811
290	1987-06-01	18	70	340
287	1978-07-12	18	99	438
300	1988-08-26	20	77	964
250	1983-06-27	9	78	525
222	1999-11-22	28	4	1000
285	1966-03-05	34	54	1349
234	1950-08-10	11	2	558
282	1983-11-27	-6	55	903
271	1971-03-14	12	38	509
257	1944-12-27	-10	48	1287
300	1980-02-07	33	36	1508
272	1973-10-30	-6	9	1363
278	2019-05-07	12	80	1720
276	1991-10-05	40	9	1448
207	1978-08-24	-12	94	1739
203	2015-03-29	-11	63	813
298	1943-08-30	34	48	1054
271	1967-12-26	14	1	1508
233	2018-04-27	-5	73	1443
206	1948-08-30	4	8	1341
201	2018-02-28	36	61	419
300	1968-11-12	-12	41	1025
292	1988-01-24	13	13	1594
233	1985-03-27	-1	40	748
227	1945-07-28	3	6	863
237	1941-07-21	-9	40	1995
270	1946-05-13	0	82	1048
284	1945-12-07	19	95	1504
296	2007-06-19	38	87	1185
253	1997-01-18	-3	83	408
216	1952-06-10	35	18	1990
226	1967-10-22	39	69	1527
208	1971-10-25	-6	81	1572
222	1998-06-04	41	18	1229
225	1953-07-27	28	82	159
266	1968-03-03	2	64	1162
202	1995-02-27	25	43	2001
235	1982-04-03	25	17	540
217	1943-08-26	-10	47	642
258	2011-01-24	41	53	1840
209	1974-01-19	-2	35	1090
274	2018-02-11	20	20	1918
219	1998-07-18	34	60	1835
222	1975-04-09	-15	84	751
300	1944-06-28	-14	4	1853
270	2003-05-03	25	54	1928
268	1981-11-16	3	96	452
282	1984-06-30	41	32	1459
213	2010-03-08	28	73	306
268	2000-11-12	19	6	1011
290	1973-01-13	8	8	1348
211	2012-08-06	-1	6	1434
247	1965-08-23	32	48	1833
279	1947-04-23	29	41	455
250	1974-05-25	20	97	1452
279	1948-02-02	-12	5	842
270	2004-10-11	-11	57	158
294	2003-10-31	17	88	651
249	1972-08-07	20	45	1688
236	1952-08-18	36	79	1472
204	1967-01-29	38	52	835
286	2005-08-09	1	7	462
223	1964-01-23	7	5	165
236	2010-07-28	28	89	84
201	1954-07-02	35	27	1122
289	2002-01-28	41	14	121
208	2018-08-02	-12	87	1288
229	2001-05-28	40	55	218
293	1978-09-30	29	52	707
203	1983-10-22	14	100	764
274	1946-06-13	42	25	1864
232	2020-06-26	-11	78	1847
223	1997-02-23	20	41	620
246	1960-03-19	29	7	1562
277	1961-03-22	22	97	1872
223	1984-01-21	18	12	1891
277	2013-09-08	7	89	237
268	1953-05-19	-15	70	1083
293	1960-02-22	-11	43	1138
274	1995-11-15	28	57	1754
213	2014-04-30	-3	91	749
238	1966-08-29	-11	81	427
285	1994-03-12	-6	31	1379
248	1964-12-03	39	72	1832
260	1985-11-17	6	65	1433
235	2005-05-09	-9	36	1313
289	1953-08-04	-11	49	1939
262	2003-11-04	27	36	874
262	1949-05-29	20	68	942
203	1941-02-04	-15	65	731
295	1977-12-12	42	89	1016
209	2004-01-27	-12	63	1230
245	1952-06-14	26	34	557
249	1990-11-22	37	40	1221
215	1978-07-13	15	60	1262
223	1957-11-26	39	94	1917
239	1982-11-27	26	99	451
214	1941-08-11	35	57	356
240	2019-05-01	-14	18	1836
256	1944-12-02	32	26	1090
270	2000-08-30	42	30	853
250	1973-03-02	7	35	696
266	1970-07-19	35	53	719
235	1957-10-27	32	6	644
276	2005-04-09	-6	41	804
269	1953-08-23	30	75	326
271	1968-06-10	-2	20	1631
223	1962-01-01	-13	41	1349
236	1952-09-08	33	10	986
297	1999-02-12	14	82	1138
248	1996-01-18	0	65	1031
261	1996-05-08	35	27	1267
277	2011-09-17	7	28	1747
226	1941-04-04	-14	50	1421
246	1979-10-27	28	36	155
252	1951-05-13	-8	39	201
247	1997-07-11	10	45	193
242	1994-03-20	25	62	1175
220	1987-09-20	33	12	37
253	1987-08-03	-10	34	246
263	1998-02-06	-11	87	44
205	2018-07-13	-12	63	1625
252	1953-07-11	30	30	1264
259	1972-02-03	12	47	614
233	1963-08-03	10	99	260
273	1980-02-09	2	69	927
297	1944-11-16	8	51	1668
242	2008-08-20	20	46	1157
251	1998-03-13	36	59	150
219	2008-09-14	12	83	582
271	1975-05-27	-15	18	1857
278	2007-12-17	29	97	231
204	2019-04-09	23	7	146
247	1971-04-05	8	61	1872
203	1964-07-18	40	57	974
254	1986-07-21	-2	22	827
289	1947-12-14	28	50	97
237	1957-07-21	38	74	750
224	1970-11-04	-2	80	147
241	2007-06-24	15	50	482
217	2009-04-10	5	78	550
281	1976-08-18	40	75	1243
284	2011-03-18	24	14	1313
231	1940-03-23	1	65	1673
272	2003-12-18	22	4	1756
261	1945-10-10	25	14	908
210	2014-09-26	2	36	954
272	1998-08-10	11	7	1029
281	1982-09-30	34	8	372
284	1974-12-19	3	79	1216
286	1970-12-25	-8	62	822
244	2019-03-14	27	35	294
300	1958-04-28	-15	96	465
284	1955-05-06	17	54	778
294	1954-07-06	31	60	1348
292	2018-07-15	1	32	214
208	1975-08-10	11	29	1695
243	2020-07-13	33	69	1752
245	2003-01-20	-3	92	389
263	1967-04-28	10	54	1111
287	1986-08-19	32	7	972
289	1989-12-25	36	22	153
229	2007-01-12	22	85	1721
253	1989-10-18	40	54	1976
246	2011-03-03	8	13	1253
271	1970-12-29	25	83	1490
212	1968-04-09	21	14	456
274	2008-05-25	-10	46	1851
208	1998-05-26	5	95	1736
270	1975-11-06	-3	35	1662
279	1967-11-24	-12	62	1643
274	1990-08-13	-15	90	1218
293	2010-09-16	5	72	1507
241	1955-04-19	-9	39	1046
250	2014-11-01	30	2	15
211	2016-12-30	23	21	1387
255	1987-11-14	17	92	882
263	1949-01-06	25	39	1250
224	1989-09-21	14	37	272
