229	1963-09-20	10	14	605
260	2006-12-12	-14	22	136
273	1976-12-09	24	8	515
293	1971-07-18	0	96	1128
274	1950-12-18	17	26	1365
267	2000-11-01	36	88	1328
211	1942-04-06	36	26	1200
222	1977-04-17	3	44	659
288	1983-01-26	-13	87	317
220	1993-07-15	38	4	78
252	1992-07-03	9	80	1684
288	2006-05-17	19	57	696
232	2006-05-09	30	6	110
217	1997-05-13	23	6	569
242	2001-04-05	19	94	884
274	1955-11-01	-9	39	1202
210	1991-01-07	6	19	1453
259	1994-06-22	25	93	434
276	1994-11-07	-10	77	1443
289	2007-09-02	1	98	90
232	1999-02-04	5	64	112
257	1973-12-27	-1	34	91
228	2019-10-19	7	15	2
287	1985-02-26	16	14	584
271	1990-10-07	22	84	814
205	1961-08-20	34	80	1259
250	2012-06-27	18	25	1869
259	1940-05-06	32	64	48
229	1987-10-12	41	36	1258
216	1989-04-09	-8	79	23
277	1956-02-10	16	1	260
238	1974-09-12	-15	89	441
264	1973-08-31	14	74	1022
254	2000-09-12	26	100	916
222	1972-08-29	-9	87	1473
258	1946-04-03	24	40	267
273	1951-01-27	-6	36	514
247	2005-04-05	5	92	1315
244	1966-04-14	17	72	1028
256	1940-12-24	0	31	1721
235	1965-03-17	11	8	99
205	2004-10-16	11	64	444
217	1960-10-23	18	17	327
243	1970-12-14	30	67	376
250	1949-11-30	33	84	1952
225	1973-07-15	-14	38	201
238	2006-08-16	10	65	1535
214	2002-07-30	26	93	496
214	1994-04-05	34	81	640
243	1943-11-06	-14	46	804
201	2010-05-14	4	94	114
248	1963-09-12	7	48	1044
249	1982-12-15	6	71	1045
202	1947-04-01	34	97	232
232	1960-06-08	21	87	1600
274	1951-07-21	-6	13	70
257	1948-10-20	10	58	1270
217	1977-08-05	27	25	1253
233	1983-01-25	35	79	1698
267	1957-10-30	20	32	1699
296	2010-04-21	25	11	1765
268	2004-11-04	18	37	6
290	2013-06-02	-4	8	1403
233	1977-06-24	37	80	1111
215	1974-07-15	16	8	1266
242	1975-10-27	15	49	190
286	1963-06-27	22	0	1508
279	2015-10-06	4	75	1530
201	2012-10-18	32	91	692
283	1951-03-02	39	29	1598
298	1980-12-15	35	72	989
243	1987-03-09	-15	54	162
270	1980-02-28	17	87	81
239	1975-03-10	20	82	1711
265	1986-11-24	37	64	249
219	1990-08-20	28	17	1610
260	1953-09-24	30	40	839
265	2011-08-13	-14	9	1634
278	2013-12-12	40	67	1605
286	1941-11-13	-3	0	1250
226	1964-02-24	6	6	1708
219	1994-09-24	40	35	333
254	1995-12-31	19	89	1290
250	2012-07-09	21	37	868
289	2007-12-13	35	91	801
285	1993-01-21	-7	37	1815
268	1952-05-19	35	38	1345
242	1976-11-02	2	38	1116
231	1980-11-05	35	25	1337
279	1978-08-06	22	63	692
253	1994-10-01	-14	10	15
247	2001-02-08	37	62	1081
228	2008-06-30	30	38	1595
291	1986-03-05	30	49	1540
283	1971-03-14	-12	17	572
241	1990-09-09	30	54	1763
287	1999-06-17	-8	83	1496
230	1963-08-26	-1	41	1343
227	1963-07-20	14	32	413
268	1992-06-13	20	99	228
204	1995-08-20	-6	6	1409
256	1999-02-07	5	84	323
223	1976-10-31	30	46	714
242	1948-09-23	39	9	1347
232	1964-02-23	16	19	217
224	2015-02-12	8	55	632
282	2015-12-24	11	96	490
224	1991-04-08	-15	69	1227
264	1951-05-28	-11	91	1359
227	1971-06-26	29	67	25
256	1967-07-20	37	55	1703
234	1982-12-24	32	61	459
225	1986-07-09	-4	74	1476
204	2019-09-30	27	65	930
298	1975-06-17	20	34	1480
259	2001-07-11	1	59	872
279	1945-01-18	-9	22	717
261	1981-01-06	32	69	1211
289	1945-03-12	11	47	1280
224	1965-05-04	24	19	1483
240	1980-04-28	20	75	1714
222	1976-08-31	-13	78	1539
208	1973-01-27	39	42	665
259	1967-05-19	-4	17	1850
232	1964-08-16	18	85	540
232	2003-10-29	-2	8	380
254	1955-07-20	26	9	924
208	1989-11-10	5	71	25
228	1990-08-20	3	90	1002
257	2011-12-15	35	43	728
226	1988-02-12	8	40	1218
221	1974-06-22	10	44	1923
209	1974-04-11	32	3	447
230	1975-12-22	-1	97	429
219	1952-04-06	28	76	1750
223	1966-01-05	22	44	255
246	1956-11-01	-6	7	872
257	1991-07-20	29	7	1931
247	1953-11-13	-4	47	683
267	1972-11-01	2	29	1299
201	1946-11-02	36	63	39
209	1998-03-23	40	69	908
226	1946-08-31	15	86	506
274	1974-05-30	-10	66	538
235	1941-04-28	27	49	1156
254	1944-01-06	20	26	1434
273	1987-10-08	16	7	959
224	2014-08-17	11	91	1972
207	1972-06-11	18	86	1028
260	1995-09-29	2	72	235
217	1995-12-06	40	24	1603
295	1966-01-04	10	10	163
215	2008-01-14	-4	57	292
274	1956-08-06	16	78	1871
221	1978-05-28	6	61	195
217	1997-03-03	-4	37	310
260	1950-11-12	19	0	1934
213	1964-08-29	37	48	792
255	2015-10-17	3	7	1544
224	1971-10-30	28	44	1083
284	2016-04-19	38	13	1216
247	2014-03-06	10	23	521
224	1998-06-24	25	60	552
206	1988-12-30	20	89	765
287	1960-06-04	1	22	1242
281	2009-06-16	6	19	1601
217	1996-12-25	24	82	278
235	1978-01-29	26	98	1730
204	1962-06-23	3	10	1892
250	1993-06-28	41	62	1367
242	2006-05-14	15	93	368
244	1955-10-17	23	32	182
289	1967-03-01	34	70	1693
260	1958-03-15	40	64	753
285	1976-03-21	-12	43	993
236	1992-10-18	9	79	1667
235	2009-09-28	-1	14	1113
213	1972-09-15	-8	46	955
256	1956-02-07	33	63	1647
291	1948-09-15	31	10	348
244	1941-11-16	12	1	1207
231	1987-07-15	-3	82	457
220	1973-09-13	-11	31	1000
224	1952-10-24	0	59	657
230	1952-01-07	19	50	144
219	1958-07-15	17	8	1365
229	2003-11-27	17	58	701
271	2017-01-30	28	38	85
300	1942-03-13	-6	56	1187
292	1962-07-08	7	1	1357
208	1986-04-21	-13	89	1464
257	1974-02-14	24	85	856
286	1969-01-22	14	23	253
224	1947-11-05	-3	67	655
295	2016-01-04	39	47	1918
215	1942-08-09	33	61	460
244	2014-09-18	17	88	1138
235	2007-09-15	26	52	696
276	1989-11-02	-4	64	1824
289	2018-08-11	-4	91	792
249	1972-07-19	5	88	778
207	1954-04-24	42	55	843
252	1994-02-25	18	29	476
230	1988-04-24	-9	8	275
294	2004-11-30	-2	64	815
275	1971-03-17	24	17	1782
243	2012-05-12	2	33	1826
212	1979-11-16	8	15	1895
210	1953-12-19	16	43	569
204	2009-11-28	15	35	1220
243	1983-11-11	0	20	1246
248	1946-03-03	15	49	680
224	1942-07-21	-2	88	1754
247	2018-01-14	22	32	1168
214	1971-05-06	32	8	1639
297	1972-05-28	39	5	1009
238	1982-01-19	22	96	395
267	1954-04-20	-7	17	1636
276	1964-11-18	-8	100	839
295	2008-09-14	40	22	1054
292	1962-04-25	28	73	993
244	1979-01-28	-5	33	1650
