271	1987-05-30	-11	60	106
262	1975-11-27	31	90	494
286	1954-03-19	16	50	789
244	2018-11-20	8	11	715
270	1980-07-30	-2	75	717
270	1963-09-20	9	88	1191
213	1960-09-05	-12	44	332
209	1960-06-24	-2	81	431
233	1998-01-01	23	18	1241
244	1993-08-07	15	87	39
210	2015-09-05	-1	4	1252
206	2004-04-24	-3	82	940
249	1965-08-13	-9	76	924
208	1940-12-08	30	16	1112
240	1973-03-20	32	44	138
268	1996-10-09	6	82	441
285	2007-09-12	-13	94	1971
219	2003-01-09	7	87	553
264	1988-01-29	-3	48	1338
288	1986-09-15	26	95	1403
220	1956-10-13	12	68	687
248	1976-03-19	24	24	577
284	1974-08-01	9	44	1285
236	1981-01-29	17	58	946
284	1957-05-15	39	67	304
293	1946-02-05	1	77	378
234	2008-07-01	-14	75	1559
277	1952-12-27	6	43	1850
288	2016-10-02	20	70	1789
276	1960-12-30	-9	86	150
275	1990-03-22	19	17	1593
247	2003-03-19	18	48	1095
265	2020-03-24	-11	6	1438
215	1992-07-15	35	28	1302
231	1979-09-23	6	92	559
278	1986-09-09	1	52	357
278	1976-03-02	-14	17	1323
256	1959-10-26	-8	76	1194
251	1956-08-04	10	13	547
208	1954-03-16	27	96	1739
214	1943-10-21	29	100	556
233	1995-11-12	17	92	1279
283	1990-04-16	21	96	682
231	2017-07-22	33	80	1655
230	1943-11-11	-6	96	1468
222	2008-03-03	41	82	1038
227	1973-10-14	8	72	1005
210	2014-04-10	14	31	957
290	1993-08-31	19	77	1311
267	1948-02-15	9	40	670
214	2013-07-10	17	94	1787
234	1998-03-22	1	39	1408
254	1946-10-26	9	18	1349
266	2008-09-02	8	43	1342
253	2016-05-27	29	14	661
274	2019-02-19	31	77	757
271	1991-09-23	-9	23	1449
273	1983-12-04	-7	84	1863
229	1985-01-14	40	41	1547
295	1965-01-09	18	31	1699
209	1955-12-02	11	89	813
272	2005-07-10	22	34	1182
214	1951-05-01	33	63	1495
223	1940-04-22	-9	38	316
224	1943-08-04	9	30	1680
267	1942-02-11	23	91	582
297	2017-04-24	14	47	499
257	1967-03-30	9	84	1202
244	1984-01-16	17	54	1424
284	1979-04-29	25	49	1128
210	2000-07-04	-5	92	1450
257	1952-09-13	24	43	506
219	1990-06-20	-11	4	822
243	1961-10-08	-8	65	1751
285	1990-01-23	-2	47	513
264	2003-11-07	32	47	310
206	2011-03-07	30	41	35
271	1947-09-13	-6	35	886
252	1967-12-24	29	34	1924
216	1960-01-25	40	7	1214
281	1957-03-12	23	69	142
221	1980-11-15	20	45	943
244	2005-06-21	33	100	568
254	1956-01-05	-12	19	1499
202	1986-12-13	34	48	1701
266	2004-07-09	15	93	1095
280	1989-04-23	-10	66	1922
222	1973-07-19	28	37	302
232	1956-07-20	34	1	1160
234	1998-07-22	5	47	21
228	1962-06-11	-5	37	1858
293	1947-12-17	25	1	1823
243	1961-07-26	11	100	1891
260	1967-06-07	14	54	1739
295	2016-01-14	1	1	286
284	2010-01-31	41	67	1258
272	1973-09-10	34	28	1623
229	1955-09-24	26	16	815
257	1981-03-08	11	30	263
226	1955-06-20	16	47	1265
267	1944-04-02	6	86	193
267	1995-01-22	-3	65	245
271	1950-06-10	25	41	524
212	1987-10-21	9	89	1470
273	2008-11-14	32	62	368
266	2020-08-02	36	32	64
255	1992-10-27	14	76	1924
264	1994-11-05	-13	2	493
280	1983-12-29	-3	35	1761
252	1996-11-13	36	9	456
227	2010-06-24	-11	7	444
210	1953-06-27	9	71	1233
298	1944-07-18	6	95	656
231	1962-10-12	36	56	1511
259	1940-02-01	19	100	1434
247	1977-08-18	-1	28	187
300	1996-03-30	11	2	1794
294	2016-11-01	-8	3	419
261	1943-10-05	-9	86	760
207	1941-04-03	-14	92	93
300	1955-08-03	-3	60	251
298	1942-10-14	-14	92	688
244	1992-07-03	25	61	1768
284	1981-09-23	2	38	1830
204	1945-09-26	16	22	798
245	1970-07-16	-12	90	85
210	2005-10-17	17	29	601
259	1946-02-18	12	82	1355
265	2000-11-20	3	18	1797
243	2013-12-12	-7	44	1571
262	1959-06-09	15	21	963
278	1994-07-24	28	47	1950
256	2016-02-03	13	100	1557
264	1972-04-30	38	22	871
264	2010-05-12	4	68	252
255	1963-05-23	-10	1	1358
245	2016-06-25	28	50	254
225	1961-03-03	9	85	1720
246	1986-11-18	30	55	451
227	1994-09-18	21	48	1088
239	2000-11-02	-10	8	1761
237	1998-08-21	-11	3	234
244	2002-05-07	-15	78	1319
241	1987-11-07	14	27	1226
279	1965-01-25	-6	76	717
250	1986-05-21	7	75	359
265	1942-04-12	28	91	750
298	1995-03-07	9	27	1719
246	2007-02-11	25	3	549
202	1985-03-11	20	32	43
285	1995-10-10	-5	90	59
241	2007-09-06	-1	13	156
231	2003-01-31	18	31	1895
300	1962-06-16	33	0	721
237	1961-01-28	24	91	550
294	1968-04-18	21	39	1524
243	1951-12-25	31	2	528
239	1946-07-12	28	50	1121
284	1940-06-27	20	69	1230
289	1975-05-14	1	62	720
289	1965-02-22	9	46	1119
224	1972-03-18	-3	16	363
285	1956-05-18	29	17	1639
246	1951-08-08	6	45	206
247	1958-04-26	-9	47	821
255	1978-04-18	7	51	1318
228	1972-02-19	1	76	234
214	2013-06-09	-15	33	1732
296	1943-10-21	6	16	1460
273	2003-10-07	42	36	151
264	1943-11-02	33	2	344
247	1994-07-18	15	70	1087
215	1981-10-07	21	23	1812
224	1945-08-09	21	73	311
255	2008-05-02	14	29	245
203	1994-02-24	-13	53	390
210	1959-02-04	40	54	1991
282	1962-10-21	27	66	1673
295	1980-09-06	-14	73	1281
223	1949-03-14	12	19	372
