256	1994-09-18	15	73	1958
209	1970-07-19	36	93	25
290	2001-03-14	26	41	1131
213	1952-12-13	-14	3	435
297	1948-11-24	33	30	1157
255	1999-03-29	20	82	1473
286	1997-11-12	21	54	1684
227	1972-01-25	34	50	111
235	1990-03-18	-13	6	120
246	1983-11-17	-10	1	1009
235	2010-01-15	1	97	694
257	1959-10-22	-7	65	1388
224	1952-06-13	13	95	1648
266	1997-01-24	40	34	321
239	2018-12-14	27	80	123
266	1995-11-12	14	71	617
290	1962-06-25	-10	93	1706
293	1956-04-07	-1	70	1208
291	1977-09-29	18	87	1012
236	2013-04-27	7	41	300
201	2020-02-19	42	2	586
206	2017-06-23	-1	8	812
300	1951-08-11	3	98	619
241	2007-05-05	-13	10	1059
279	2017-05-25	3	98	1847
244	2011-01-27	-1	89	231
283	2009-09-10	12	82	1358
202	1980-10-26	31	47	18
286	1989-02-11	-10	97	1346
217	1997-11-04	20	87	321
296	2010-10-13	13	78	620
215	2010-04-29	-5	93	1272
241	1965-09-13	-3	42	1466
290	1957-06-24	6	68	826
265	2004-11-16	15	86	714
284	1982-06-19	-13	31	1955
279	2009-11-05	-14	75	1464
246	1993-09-03	27	33	1552
219	1985-01-24	32	23	1780
247	1952-11-28	19	61	1721
291	1977-05-19	-15	32	1245
206	1948-09-23	38	30	203
220	2000-05-14	28	63	1954
264	1952-07-30	35	3	1709
206	1956-03-24	-2	45	372
224	1993-10-05	13	43	1082
287	2012-11-29	-13	11	292
284	1962-04-09	8	61	385
208	2005-04-23	25	62	1933
230	1976-01-12	7	83	297
273	1994-08-13	-10	89	19
209	2011-08-03	1	40	1666
207	1964-11-11	-5	65	320
229	1998-11-24	-14	89	893
245	1966-03-28	13	2	1973
293	1994-08-15	9	21	4
205	1980-05-18	13	35	1090
203	2013-01-10	6	30	116
300	1965-06-18	1	50	1142
229	1954-08-30	22	22	1740
252	1992-10-06	39	22	1924
298	2012-05-29	19	56	1118
238	1948-10-07	30	15	1511
201	1976-05-02	-3	53	746
269	2017-08-08	-11	4	113
210	2004-03-30	-12	91	1391
263	2009-04-16	19	21	1457
251	1998-02-26	-5	90	1508
237	1997-07-07	30	67	588
207	2016-06-20	-4	55	1871
254	2018-05-23	21	73	179
275	1955-09-10	13	79	1810
291	1996-03-01	-3	3	1700
219	1976-06-16	5	39	597
218	1962-03-15	24	27	1464
299	1992-12-10	14	42	1147
217	1990-12-01	-12	61	655
295	1985-06-09	-14	2	793
281	2019-01-20	12	13	451
243	2009-03-12	17	35	1375
204	1961-09-10	28	69	227
267	1995-12-13	-1	95	1922
263	1984-09-20	32	10	1373
251	1998-12-29	39	6	765
222	1967-03-13	19	0	114
230	2011-05-27	38	57	343
292	1984-02-11	33	18	431
217	2008-07-15	38	56	1432
263	2019-02-18	9	47	52
256	1989-03-06	4	57	1161
217	1944-02-10	5	49	768
216	2002-10-25	4	53	729
233	1957-12-18	-1	92	989
208	1941-02-14	17	33	1664
228	1968-03-03	17	81	537
250	1989-08-01	32	35	435
208	2009-08-06	10	66	1819
214	1967-12-23	-4	78	1180
245	1982-07-17	-12	27	1525
242	2010-12-03	10	43	502
266	2015-08-23	24	65	1693
270	1988-02-05	38	6	569
284	1986-06-16	-14	39	38
259	1983-04-02	5	83	1394
292	1994-07-18	-13	32	1529
289	1981-09-30	15	13	994
282	1969-02-25	36	79	1250
256	1955-02-14	4	5	680
278	1991-11-10	31	28	1587
226	1961-11-09	-7	30	104
241	2000-05-02	3	29	39
289	1989-03-08	19	33	1080
246	1963-07-14	-5	82	31
208	1995-01-09	33	22	800
289	1948-03-29	21	46	927
235	2005-03-10	12	91	1320
295	1949-05-12	-3	34	467
294	1978-06-21	-6	78	94
239	1965-07-12	22	69	1656
283	2020-08-04	27	94	1208
278	1988-05-31	-9	71	1327
276	1947-05-02	0	41	377
203	1941-09-20	-8	39	596
243	1993-04-17	10	13	385
255	2000-04-08	23	70	550
261	1961-02-23	3	55	1118
259	1983-07-09	-6	5	1303
221	2012-03-02	-14	16	621
297	1985-04-16	40	22	745
233	1973-03-20	-3	41	210
212	1998-06-23	-13	14	747
269	2002-02-10	-15	45	1171
210	1997-11-12	-15	71	1252
232	1980-04-17	29	56	1991
249	1987-12-26	-3	74	1829
243	1976-10-22	-7	42	653
297	1986-06-05	-11	62	204
202	1978-08-28	13	36	1838
222	1960-01-16	4	67	1771
299	1964-05-31	21	91	350
209	1974-08-17	-5	100	810
298	1978-07-07	23	62	1854
210	2014-10-15	-12	91	1245
291	1964-08-23	18	94	768
258	1977-05-14	39	34	79
226	1954-12-04	-2	31	642
269	2019-02-08	10	62	56
253	1944-06-27	2	23	798
255	1997-01-03	29	10	319
259	2006-08-05	40	37	1346
300	1946-04-08	25	62	262
285	2017-11-09	-12	26	1897
296	2019-05-24	-4	66	1844
288	2003-03-31	-1	35	1128
269	2009-01-21	-13	76	1694
209	1999-05-11	5	76	1056
257	1961-11-01	32	30	1578
243	1947-07-13	24	91	1186
261	2002-08-03	17	66	1838
223	1984-11-29	40	50	1054
203	1949-12-29	23	0	1727
255	1979-12-18	37	81	823
283	1994-05-17	-3	75	1995
262	1980-02-19	24	85	948
260	2004-03-26	40	76	1883
277	1957-03-30	11	20	630
276	1943-10-08	34	26	1637
238	1970-11-20	-15	50	1750
265	2004-08-29	36	11	1732
292	1952-05-28	12	71	291
230	1952-04-03	19	62	1473
254	1940-09-26	9	74	1529
272	1950-01-10	1	23	1742
294	2015-12-23	-4	61	1816
268	1955-09-02	-5	0	112
219	2009-12-21	-4	24	987
242	1949-01-10	-3	28	8
292	1970-06-26	38	76	667
241	1991-07-20	25	0	1071
212	1987-01-24	-6	53	1466
270	2009-01-22	15	8	916
292	1943-04-18	-11	82	534
212	1943-10-22	32	11	1444
211	2004-12-08	1	9	1506
285	1992-09-25	36	47	1759
256	2003-02-02	21	74	80
277	1943-02-24	33	77	1754
274	1985-10-29	33	55	1247
295	1970-08-18	10	64	448
258	2003-11-01	30	16	956
207	2014-11-15	-2	26	21
289	1968-08-28	8	32	1449
224	2012-01-15	19	19	662
240	1993-04-29	19	57	1914
241	1963-01-29	24	22	1412
213	1982-04-25	18	10	337
247	1973-07-26	41	38	928
274	1951-12-23	17	31	577
279	1995-08-18	25	37	1127
268	1995-06-07	25	54	1637
257	1949-02-27	-6	57	851
291	1982-12-27	12	75	1136
221	2018-05-28	0	76	1540
205	1970-09-15	32	12	64
261	1992-12-14	-13	64	1244
213	1958-05-15	-6	36	391
294	1979-09-03	10	89	595
236	1977-10-22	35	50	167
241	2009-06-28	37	25	339
234	1947-01-31	35	97	1773
202	1983-11-13	28	4	330
277	2011-06-28	6	20	520
273	2008-11-29	32	91	60
225	1955-06-11	-4	98	968
251	1967-11-18	-11	63	1308
283	1975-03-01	8	36	1924
289	1997-11-30	-14	32	389
265	1999-06-02	-8	70	1152
292	1940-01-17	3	16	1302
223	2006-02-06	13	61	1675
283	1946-02-05	13	8	962
203	1944-09-19	5	94	1371
274	1956-04-10	37	85	1133
256	1966-04-24	-4	15	298
213	1968-07-18	40	36	830
292	2009-10-12	31	77	1730
289	1975-05-05	-5	78	1858
224	1976-05-09	13	58	1642
291	1947-01-28	1	57	1562
284	1946-06-16	30	48	1504
256	1970-10-11	2	15	1887
258	1980-12-30	12	16	843
229	1990-02-20	-2	94	1183
288	1989-03-29	18	47	894
297	1975-08-12	-9	1	1202
294	1963-05-15	37	1	731
292	1946-08-05	13	18	641
245	1948-10-09	-2	26	1983
204	2017-11-07	1	62	328
261	1984-05-27	15	71	1951
260	1991-06-26	21	82	970
226	1940-09-22	32	29	1410
203	2017-10-13	25	22	1262
246	2000-04-20	37	3	1846
240	1989-08-31	23	32	816
216	1957-05-11	39	64	1598
226	1968-09-25	30	78	1785
242	1969-10-10	27	6	718
298	1980-12-20	21	47	740
265	2018-06-09	-11	77	1049
212	1974-09-17	26	78	1212
284	1997-11-20	7	0	846
216	1996-08-26	26	60	1248
289	2011-03-13	31	25	666
260	1989-11-25	42	71	513
273	1995-04-14	20	86	512
297	1967-08-25	9	88	785
284	1956-09-05	20	58	85
247	2013-12-30	-14	52	321
300	2013-03-22	-9	24	556
203	1973-10-01	3	41	353
274	1974-01-24	39	21	229
211	1942-09-26	40	68	1870
282	1993-11-25	38	75	1452
297	2013-01-29	36	7	294
251	1947-04-21	33	35	99
270	1981-03-18	30	94	150
274	1961-09-10	8	38	1631
268	1973-04-22	19	71	427
296	2010-08-22	15	4	1971
232	2012-03-29	-7	64	366
