264	1967-10-16	36	11	524
230	2008-03-28	20	49	1673
300	2006-08-11	1	69	567
238	1962-04-01	15	71	592
289	2006-01-25	-11	50	532
261	1999-06-03	21	96	620
211	2007-02-11	-11	62	688
266	1945-12-23	29	91	1539
214	1987-09-06	32	100	1851
233	1988-10-23	25	60	1480
232	2009-12-28	0	94	1628
220	1951-10-23	36	56	1673
284	1949-02-10	42	19	564
284	1984-09-26	27	94	1912
248	1994-02-24	6	72	1724
266	1958-10-21	-3	26	861
205	1962-12-29	13	15	669
268	2017-06-13	-5	86	923
222	1944-01-11	26	31	923
240	2020-01-26	-2	46	1233
230	1995-02-14	21	11	1970
252	2017-06-25	-3	70	959
238	1965-08-22	0	84	642
298	1987-11-19	31	13	893
250	1945-12-15	-4	78	1160
295	1964-08-30	28	78	348
230	2017-09-23	25	68	40
285	1971-09-03	-1	94	1432
284	1998-02-02	-3	1	367
254	1954-03-05	-4	77	463
282	1998-11-10	-1	98	1609
240	1954-12-05	25	85	1374
238	2001-04-14	-6	16	140
295	2004-03-16	-12	22	1309
263	1977-05-11	33	90	1177
275	1961-06-16	39	69	1685
233	1951-06-22	38	56	1293
258	1979-10-09	24	94	672
297	2018-09-11	34	100	1070
287	1957-09-04	4	48	5
211	1981-02-01	-5	26	1404
291	1990-07-14	35	70	128
233	2011-03-25	23	42	962
215	1998-01-03	-7	70	485
202	1951-05-17	-3	53	1549
271	1999-11-23	31	84	2000
253	1942-05-08	34	50	903
209	1979-05-07	-10	87	1507
294	1955-04-06	3	35	216
235	1947-09-18	21	6	702
289	1953-11-30	21	79	309
264	1977-11-03	11	76	1225
288	1970-04-22	1	5	413
268	2018-07-30	28	93	934
243	1958-02-12	-12	69	607
241	1942-05-19	-8	47	1796
234	1963-12-13	33	74	1197
212	1975-08-03	9	20	1796
255	2006-09-08	38	16	1623
270	1985-05-28	18	18	1099
251	2006-05-29	29	71	1163
249	1988-10-20	19	40	1968
283	1941-07-20	-13	65	840
214	1945-12-28	-6	23	1090
226	1986-09-03	16	4	1546
212	1957-11-24	-7	88	209
217	2007-08-26	42	22	921
218	1988-12-08	14	56	660
238	1954-05-25	3	59	556
298	1952-12-16	-15	22	1959
220	1968-08-30	36	91	537
236	1950-05-10	-1	46	1202
266	1988-08-11	15	10	1708
226	1978-08-23	-8	34	332
238	1983-10-14	7	94	973
228	1979-01-08	31	25	1445
271	1978-09-10	-3	58	1364
225	1954-03-02	9	36	462
279	2000-03-05	14	11	556
268	2003-05-19	-2	45	904
223	1992-02-11	33	43	335
297	2012-11-05	-15	97	1709
213	2002-06-13	29	4	394
237	1953-05-18	23	17	25
273	1978-09-07	39	55	1903
232	1959-07-23	31	83	1323
282	2011-07-01	31	6	926
260	1987-02-24	12	70	620
274	1996-03-07	-10	21	381
223	1951-01-01	1	40	1125
234	1954-08-06	9	87	1854
242	1958-07-16	-13	97	1669
255	1956-10-28	34	34	1445
268	1988-12-14	38	21	638
219	1980-06-26	-9	45	610
284	1993-06-03	-6	32	364
218	1980-12-05	2	35	966
284	1973-03-08	34	47	1000
202	2017-04-06	-7	49	877
276	1999-02-08	-1	91	1031
229	1967-02-22	-5	7	1757
216	1995-10-28	-4	39	1964
220	1944-06-25	40	32	50
203	1952-12-29	31	18	1166
251	1972-03-30	15	18	1674
288	2020-07-04	16	24	1120
234	1963-01-07	-13	23	659
202	2005-07-15	18	84	721
251	1971-06-05	32	97	1340
288	1959-03-30	-7	85	940
292	1998-03-19	39	40	934
217	1991-08-09	-14	94	618
216	2008-10-15	11	33	1036
232	1995-11-30	39	59	1752
297	1977-01-08	-10	93	1142
299	2017-08-23	29	7	1693
230	1994-06-18	-12	35	934
240	1992-09-12	11	41	436
206	1994-12-03	29	91	137
293	1947-07-27	27	25	1107
262	1982-06-21	25	39	1819
212	2002-05-29	-4	0	1054
256	1973-02-05	39	5	1071
277	1944-10-23	-5	65	1301
240	2011-02-22	-14	40	710
229	1966-06-18	-6	41	1468
209	1962-04-12	23	2	1349
247	1948-09-24	-15	66	1846
213	1950-12-02	40	71	1055
202	1954-10-17	-13	56	1204
265	1958-11-13	-2	45	1461
286	1976-03-25	21	63	548
268	1948-03-14	22	67	247
257	1946-06-19	32	76	845
256	1941-04-29	24	34	1791
269	1989-11-03	-15	12	748
256	1942-02-03	26	79	6
257	1953-12-29	9	36	63
270	1952-02-08	-8	56	1993
276	2019-12-30	-13	73	1132
297	1942-02-11	39	26	1679
224	1949-01-17	33	6	520
226	2011-06-04	27	85	861
247	1982-12-10	19	28	1038
245	2008-04-23	-15	74	1505
289	1965-09-02	-14	73	1839
293	2012-04-19	13	72	463
218	1942-06-22	-10	28	1288
284	1973-02-15	-1	29	481
