253	1979-11-20	1	74	998
228	1994-08-01	-1	77	802
204	1941-02-07	36	8	1462
287	1968-04-30	-5	72	1439
288	2013-08-31	-15	18	1611
299	1969-07-05	0	34	1608
299	1942-09-21	28	64	1282
241	1972-08-09	24	99	188
296	2017-07-13	16	89	58
284	1993-10-13	-6	66	1206
202	1992-12-25	-3	83	255
228	2012-06-23	35	99	618
239	1993-01-04	-2	9	879
215	2011-06-04	-4	50	475
275	1988-10-14	14	83	1493
214	2015-08-11	30	23	1939
269	1980-08-17	17	41	1575
257	1990-12-10	19	19	143
240	1986-11-03	32	70	1767
283	1957-03-27	1	71	742
266	1997-04-27	-14	2	371
220	1981-10-03	11	21	1093
275	2001-12-24	-13	41	1743
281	1954-01-21	-7	40	547
292	2017-11-08	28	93	740
256	1954-10-24	26	72	750
300	1974-02-27	17	97	1239
231	1994-07-02	-14	60	105
212	1966-12-23	7	50	1975
284	1943-09-10	6	67	160
246	1962-07-04	30	40	713
201	1948-07-05	40	100	1051
259	2016-03-12	15	65	1207
293	1982-09-05	27	58	1873
202	1984-05-18	10	42	674
294	1996-08-24	-8	86	1763
205	1945-07-25	30	41	1879
264	1972-01-13	18	39	521
253	1987-02-04	37	50	295
253	1987-07-14	-14	73	1588
268	2012-07-29	13	50	439
214	1986-05-20	3	33	711
232	2015-11-08	1	43	275
258	1979-10-01	11	62	1208
267	1976-01-19	13	16	80
209	1951-05-10	35	96	402
226	1987-03-28	10	2	784
247	1991-11-01	22	37	1365
296	2009-03-08	-2	56	1659
278	1944-07-11	17	69	1419
255	1970-02-03	-1	67	471
243	1943-02-26	17	12	887
278	2001-07-17	-4	31	38
203	2006-02-22	7	56	1801
296	1989-12-08	-10	88	1421
219	1998-09-17	8	67	455
293	2001-06-23	-10	81	681
207	1986-10-05	31	0	53
249	1999-08-16	19	40	1342
289	1956-10-10	11	42	1249
215	1969-12-07	13	25	1708
282	1998-08-15	36	6	770
273	1964-04-19	-8	74	675
237	1954-12-30	21	47	1202
216	1989-08-28	16	49	1994
249	1968-03-21	38	81	1982
215	1941-10-08	17	42	36
263	1989-03-13	32	16	354
226	2010-10-02	30	53	368
282	1970-02-09	42	22	867
238	1955-12-28	36	51	1179
220	2005-12-30	-8	70	1342
219	1984-08-04	17	94	704
249	1961-09-06	18	62	1292
239	1994-02-23	13	100	728
237	1998-04-17	1	75	1361
268	1996-08-13	42	82	1639
227	2016-03-11	30	39	1236
221	2020-09-23	19	15	1394
256	1951-01-02	25	20	394
252	1946-04-26	29	16	791
286	1952-08-20	-11	22	1154
233	1975-06-10	42	52	149
255	2017-12-17	38	31	1150
274	2019-06-18	37	71	866
284	1977-05-04	18	39	948
291	1963-08-08	-12	77	1062
256	2018-04-16	32	27	1883
285	1960-11-23	-6	83	853
274	1989-01-13	15	31	1947
258	2006-01-29	-1	93	1351
223	2009-10-02	29	96	40
219	2017-12-03	-12	79	1479
247	1951-08-02	31	45	71
267	2018-05-18	10	60	1177
234	1953-02-26	-12	47	1943
266	1963-04-10	31	23	1036
204	1996-05-28	35	93	855
242	1977-08-23	2	64	1479
238	1986-04-12	40	7	815
268	1969-02-19	4	68	1721
274	2008-07-15	7	67	915
225	1994-10-04	12	58	701
265	1943-08-14	23	56	144
263	2017-05-18	11	42	165
279	1960-08-03	40	66	1960
291	1997-08-30	35	47	383
279	1943-06-27	36	23	154
229	1984-07-26	-9	98	1569
227	1966-05-07	-14	68	1374
239	2001-11-24	1	52	1516
250	1967-03-10	11	50	1800
203	1953-12-21	15	11	1599
275	1984-06-07	30	96	1513
237	1950-07-31	3	75	6
204	1963-11-16	15	14	1616
283	1981-04-30	16	78	1711
266	1946-07-13	2	30	1414
238	1941-07-12	24	89	1421
243	1960-08-16	19	47	423
241	1956-12-02	37	99	1635
236	1998-04-03	41	74	1475
300	2014-10-30	21	94	307
263	2016-08-29	-6	96	123
262	2017-08-31	5	58	956
204	1960-09-09	40	57	886
252	1968-08-26	-7	76	1539
228	1959-07-16	12	36	369
277	1948-08-28	24	84	1290
235	1994-03-03	30	65	1327
239	1955-11-02	41	62	923
221	1988-06-08	8	21	1129
290	2018-06-20	7	84	1681
252	2018-05-04	17	29	1006
260	1993-04-30	-1	63	1569
249	2008-12-05	-5	62	1876
246	1997-10-06	-1	1	1985
237	1952-08-12	34	59	1309
232	1962-04-18	-7	9	1291
235	1988-11-02	32	94	674
236	1995-10-07	30	11	702
265	2004-10-07	-13	43	1269
227	1965-08-31	-1	32	604
263	1993-01-28	-2	57	1078
222	1960-03-16	9	40	1063
217	1997-05-08	29	98	581
218	1962-08-20	3	21	212
237	1941-02-01	4	1	827
223	1953-02-27	29	9	1672
292	1953-06-12	14	86	1705
268	2010-11-12	12	41	1804
204	1949-10-29	31	92	1658
270	1965-04-02	17	47	820
219	1995-08-22	31	59	1709
217	1994-12-26	41	71	1508
276	1956-01-27	18	94	213
225	1991-04-06	17	18	233
241	1955-11-20	11	5	448
254	1975-10-02	-5	10	1444
261	2006-12-18	29	95	1217
276	1946-04-06	6	93	1195
251	2004-06-22	25	46	594
215	1952-11-15	26	21	123
254	2020-06-26	25	94	1281
226	1960-12-18	33	13	324
252	2001-08-30	18	62	1815
237	1959-05-28	38	39	57
287	1992-07-24	32	57	1593
287	1995-04-22	-1	56	634
203	1940-01-20	-9	20	1920
238	1996-06-22	38	3	680
287	1958-12-19	-13	39	1390
220	2014-02-18	30	47	230
269	1940-07-24	39	2	1494
246	1998-07-22	30	41	1888
266	2015-05-21	12	17	1973
261	2005-08-21	-14	66	1198
223	1989-12-24	9	94	1841
222	1988-07-26	3	61	822
251	1963-06-07	1	21	437
284	1940-08-14	39	87	849
207	1949-07-16	-13	1	446
201	1944-08-07	28	66	569
221	2008-03-30	2	80	1898
241	2011-05-14	4	23	566
274	1957-05-19	-8	73	929
228	1964-04-19	37	39	183
235	1997-08-15	0	93	1545
233	2012-05-10	-10	80	1331
