233	1987-06-14	27	66	446
223	2010-11-04	31	80	338
263	1997-04-25	5	89	467
213	1982-07-26	16	79	263
256	1978-12-22	40	81	1651
266	1982-01-26	11	4	1849
270	1951-01-30	35	86	1951
270	1945-09-02	7	1	1353
209	1979-06-05	15	11	1332
291	1950-12-18	1	78	1344
249	1971-03-16	30	41	1361
263	1960-04-19	7	40	537
251	1979-08-30	11	36	329
203	2019-03-29	-12	80	829
230	1956-01-15	39	78	610
208	2000-10-30	-8	58	1043
274	2005-09-02	31	65	39
203	1973-10-12	33	89	1124
246	1952-05-10	6	46	1128
272	1957-02-01	-13	20	1808
241	1986-11-21	-9	65	972
256	2014-02-04	34	63	478
287	1971-10-26	24	7	728
235	1997-08-30	6	51	1979
222	1951-06-16	37	77	695
251	1956-10-29	-11	67	1714
259	1992-12-28	8	47	1435
251	1979-02-11	-10	57	352
241	1941-04-15	15	25	1919
263	1981-05-14	16	0	540
205	1949-05-21	8	81	1629
267	2004-04-18	25	21	838
264	1953-02-07	37	51	122
241	1976-01-07	-1	37	1927
249	1969-02-18	3	20	2001
221	1968-11-27	28	68	1859
231	2011-01-16	22	36	278
261	2013-05-10	-7	72	827
243	1990-11-06	-4	30	635
296	1950-03-18	40	12	1303
277	1985-03-02	-5	55	1664
300	2011-10-05	24	8	137
265	1994-07-15	29	26	213
258	1961-08-19	32	32	1282
279	1956-04-12	13	75	493
209	1954-12-29	-10	86	554
205	1945-09-24	32	92	1999
230	1961-02-16	-1	32	368
258	2002-06-20	27	30	301
294	2010-07-15	13	33	979
242	2016-11-26	-5	80	1912
229	2001-06-26	4	29	1665
287	1999-04-07	19	36	626
278	2000-11-18	6	15	1629
294	1952-03-12	35	27	797
298	1978-04-18	30	30	1177
258	1971-02-28	3	83	1653
260	2015-08-17	33	35	1837
262	1959-09-21	2	83	1984
246	2005-04-15	-4	64	1970
246	1990-07-21	-13	54	1222
233	1952-11-28	-9	44	297
213	1944-11-01	19	23	570
256	1995-09-30	22	21	795
230	1995-04-03	-8	23	1146
271	2017-11-22	29	79	680
237	2011-01-16	-3	77	1723
240	1948-07-01	-11	31	1360
295	1940-07-14	-9	71	1998
283	2018-10-08	-14	39	1592
291	1965-05-20	23	75	157
292	2007-08-12	-2	19	1277
265	1996-07-15	0	92	522
217	1944-12-30	15	65	726
272	2010-02-05	37	9	567
226	1995-12-22	6	53	1182
279	1946-07-17	14	81	1292
240	2007-09-16	-11	58	781
220	1986-04-15	-9	67	1494
261	2018-03-03	4	9	1580
253	1950-10-11	-8	58	401
207	1975-09-29	18	34	374
212	1957-09-19	39	44	1336
242	2008-11-20	14	100	121
275	1976-10-29	-6	47	124
300	1973-12-21	16	9	53
263	1975-04-17	13	3	1178
270	1957-10-07	29	31	1108
245	1989-06-23	16	0	1889
276	1966-07-26	27	22	1750
277	2011-07-05	17	11	517
243	1972-09-02	8	85	443
211	2019-01-28	36	44	163
244	1959-07-08	25	18	1912
300	1950-05-19	35	23	1771
250	1949-12-11	-13	78	709
249	1971-02-18	7	72	1746
245	1948-09-19	14	37	1462
223	1952-10-06	14	64	482
275	1970-02-05	0	66	794
247	1966-04-05	28	48	1220
242	1975-01-26	-7	0	1988
275	1943-08-21	28	26	1944
275	2019-11-18	24	76	357
246	1989-10-31	35	26	933
269	1968-10-18	-6	39	1204
238	1967-10-08	7	32	1436
207	1952-10-24	6	56	1452
268	1997-05-09	10	62	1747
278	1979-08-06	20	35	1149
260	1946-02-03	24	88	138
230	2012-11-12	30	39	621
280	2012-08-20	-6	7	1858
273	1973-03-16	20	60	911
282	1954-07-28	34	32	1981
284	2016-08-09	8	75	1974
211	1962-05-24	10	42	886
201	2005-02-02	-12	27	1362
231	1943-04-28	7	68	1897
258	2019-12-01	10	99	631
266	1964-08-29	6	83	753
276	1974-11-28	4	59	1570
268	1961-02-05	32	6	1440
261	2018-03-03	-3	23	1109
283	1994-01-17	28	99	1854
222	1942-02-09	33	8	481
240	1963-05-16	-11	31	1700
224	2020-03-28	-4	1	1080
221	1976-02-03	14	44	1848
228	1971-11-04	18	34	1520
289	1972-08-16	0	43	1500
