279	1959-10-23	0	3	1898
237	1974-05-07	-9	83	1985
233	1962-02-04	24	26	661
219	1973-02-21	35	71	1479
281	1969-07-09	1	71	710
229	1969-07-16	6	5	1565
208	1988-09-03	12	46	219
298	1945-06-17	35	31	995
272	2001-08-04	2	11	71
257	1978-08-19	6	97	1636
236	1960-11-15	23	23	679
291	1986-03-10	-12	13	829
205	1954-04-14	-6	35	1526
249	1981-10-27	-7	10	1202
211	1946-09-04	1	18	117
253	1950-02-07	2	65	1013
235	2017-02-05	5	92	372
291	1965-11-07	-3	24	1496
247	2015-05-28	-6	62	1523
300	1949-01-08	13	99	359
288	2018-08-10	1	39	1504
218	1948-05-03	7	88	633
289	1959-08-21	4	74	365
234	1980-07-11	-8	1	831
234	1969-03-18	-10	86	382
255	2016-09-27	-7	1	1231
224	2001-08-05	-7	58	1065
225	1979-12-01	2	48	74
210	1991-11-14	24	79	1574
239	1956-03-01	-12	7	363
249	1957-06-14	-11	31	372
279	1971-11-24	12	75	489
248	1947-12-27	21	16	1115
299	1948-10-23	38	33	352
242	1990-10-17	40	80	29
233	2016-12-14	28	50	1834
246	1944-06-16	20	17	1716
206	1964-10-11	8	34	1737
207	2003-09-12	14	82	1023
230	1985-05-19	-10	85	476
261	1990-11-26	-2	69	1619
246	1943-06-26	23	48	1831
262	1998-11-26	33	35	1876
225	1993-12-27	-9	83	1907
246	1963-10-05	16	12	1684
211	2005-06-25	24	8	1254
208	1957-12-05	38	11	1538
229	1981-02-13	29	33	697
222	1957-11-04	18	95	134
261	1952-03-15	32	59	1114
259	1954-06-08	15	85	1065
218	2000-07-08	-12	42	672
248	2008-08-13	39	47	992
228	1970-06-20	31	12	923
292	2020-01-29	-11	68	1394
238	1950-11-05	13	6	1089
273	1979-02-10	12	54	1291
271	1968-04-20	36	42	751
263	1952-08-14	-5	42	782
217	1989-04-23	-12	53	1569
231	1952-09-14	4	95	888
246	2007-08-07	7	88	985
271	1986-12-31	-12	97	1093
207	1975-12-06	22	66	1276
282	1955-07-29	31	41	582
221	1947-12-16	34	28	1551
274	1960-05-23	26	84	495
219	1995-02-26	-13	72	1610
218	2012-05-29	-3	84	1812
218	1979-07-04	-2	90	428
217	2008-08-15	-1	35	196
236	1999-02-18	36	58	332
239	2000-04-18	6	36	1042
242	1961-11-25	42	74	1914
279	1967-08-13	-1	33	1846
255	1992-05-29	35	66	577
291	1974-12-29	-7	11	1585
249	1992-05-13	16	98	740
300	1981-11-02	27	29	279
242	1991-06-12	24	78	1106
262	2015-12-18	41	28	1276
224	1985-12-22	-8	90	1996
268	1955-02-28	28	77	361
215	1966-06-17	22	98	1613
287	1980-10-28	1	85	41
224	1984-06-08	-12	96	576
275	1956-08-18	17	88	1720
218	1997-06-23	-1	70	1157
259	1985-07-10	32	34	775
234	1993-09-08	31	83	150
238	1944-10-12	5	81	612
263	1998-12-27	23	39	1970
286	1947-08-19	1	75	1861
287	1971-11-07	28	78	734
289	1978-02-21	40	71	467
276	1944-04-05	7	65	1358
228	1940-03-25	-14	37	189
231	1969-05-22	12	73	1757
296	1983-09-23	32	2	1804
239	1950-08-22	39	2	945
275	1989-02-01	30	93	1707
211	1998-07-10	-2	16	551
233	1953-11-09	7	84	894
298	1969-08-23	26	87	736
234	1972-04-08	-6	39	321
262	1956-08-30	10	82	323
297	2001-07-12	23	13	729
277	1989-06-19	20	86	787
286	2011-11-17	25	86	321
278	1996-01-29	27	88	1077
255	1975-03-14	32	28	1341
227	1969-08-21	1	97	17
236	2002-01-05	-8	67	530
291	1954-01-05	-15	14	86
274	1944-09-19	21	1	95
261	1987-03-30	-13	60	995
273	1999-03-15	-4	36	833
278	1946-06-20	36	75	509
223	1992-06-12	-3	75	1457
276	1956-11-04	16	25	1714
258	2003-02-28	25	57	1059
271	1952-01-29	32	52	1439
284	1953-06-29	-10	79	1041
300	1944-02-02	29	71	467
283	1978-02-05	17	2	1063
208	1983-12-11	17	43	1886
270	1968-02-22	36	88	973
300	1951-07-29	3	39	1883
