249	2008-12-02	-4	2	20
265	1962-08-31	-2	90	1692
261	1994-09-16	-3	65	1313
216	2007-11-02	34	93	38
226	2007-08-07	-10	1	403
267	2018-03-21	38	0	338
235	1958-03-08	6	2	518
221	1995-10-05	-11	6	1591
236	2013-12-03	-1	75	1035
267	1982-11-08	5	25	470
284	1952-12-15	4	32	1779
281	1961-07-01	19	34	1194
291	1955-05-10	40	46	211
248	1986-02-25	23	2	1704
244	1975-12-19	4	3	41
260	1996-01-02	4	11	129
220	1949-05-22	29	90	1775
271	1979-12-12	-6	23	287
225	1988-03-28	21	12	1119
216	2015-02-23	-15	31	268
247	2010-04-29	41	45	1341
255	1995-12-13	34	63	864
246	1947-09-01	-7	4	1115
300	2012-08-02	-1	17	1373
219	1948-10-25	25	94	534
215	1964-02-26	-7	46	609
231	1977-06-15	-9	76	617
283	1973-06-25	42	80	593
253	1965-06-14	-10	24	1522
216	2015-05-04	26	93	1694
245	1987-06-02	17	87	135
235	1973-10-19	21	18	318
251	1949-04-06	12	18	410
223	1974-05-13	24	57	199
250	1996-06-04	7	23	1934
245	1998-09-22	12	61	1060
276	2012-02-03	20	50	1952
241	2017-03-27	42	0	1322
286	1988-07-16	24	33	217
289	2007-08-16	12	81	1501
282	2015-03-01	39	18	1776
221	2012-01-01	19	88	912
273	2019-05-31	-7	77	132
256	1977-07-10	35	15	1853
216	1975-04-13	33	55	1817
243	1971-10-24	12	91	586
297	1973-10-15	-15	56	1327
217	1945-03-26	-10	15	665
274	1953-06-19	26	60	1781
244	2016-04-18	37	47	179
257	1976-03-15	3	30	289
288	1952-11-09	37	71	646
224	2014-01-27	-8	53	507
283	1940-11-13	29	76	530
260	1982-03-25	34	36	847
287	1986-02-15	31	67	1080
224	1944-05-14	-13	34	849
293	2009-09-29	20	51	219
241	1999-04-09	40	34	781
256	1997-02-22	38	54	29
235	2009-07-13	29	50	1085
219	1993-08-22	8	51	497
206	2003-02-24	41	73	567
272	1953-08-02	-6	18	14
233	1978-06-09	39	91	1258
224	1993-04-13	-2	3	310
220	1965-01-06	17	41	743
214	1952-11-10	10	5	58
249	2006-05-02	11	7	234
289	1986-10-27	19	15	971
214	1962-04-13	26	30	1516
207	1959-12-11	34	29	1595
261	1978-12-20	-6	37	1484
224	1940-08-02	12	92	1088
201	1970-07-28	35	100	1538
253	1942-12-24	-12	4	37
230	2016-04-13	34	5	1957
291	1949-08-11	-6	94	1194
234	1970-08-05	-3	22	1475
249	2011-11-23	33	20	361
297	1985-06-20	39	62	292
233	2014-12-20	41	64	699
211	1957-08-05	5	6	140
273	1988-04-12	23	64	137
292	2001-07-31	-12	46	797
277	2010-03-01	28	81	1025
226	1974-12-03	-12	14	1241
250	2001-10-10	18	7	1332
230	1947-06-18	-12	1	89
276	2004-10-29	-13	0	1938
279	2019-01-09	14	43	1721
263	1975-06-20	38	96	367
280	1997-01-11	22	60	387
243	1960-01-06	41	65	928
276	1954-10-05	10	30	1559
266	1995-07-17	10	13	1652
285	1956-11-06	-13	76	288
239	1987-05-19	19	20	1311
280	1989-01-23	13	38	724
241	2017-03-06	-8	20	1962
211	1983-11-16	6	16	1436
243	1988-08-04	-5	64	111
249	2011-07-31	9	64	727
283	1941-03-08	-2	4	513
239	1959-05-09	28	6	828
245	1947-11-26	-5	14	456
233	1960-08-12	32	35	1389
291	1989-11-26	32	99	381
257	2006-12-22	-14	43	1477
283	1961-08-10	-12	97	1301
287	1990-12-28	32	82	1132
289	1965-06-16	13	90	1258
211	1948-08-25	-5	5	575
283	1963-12-27	33	58	1677
266	2018-11-30	14	100	1469
202	1961-02-08	9	62	671
238	1965-01-03	7	30	1386
258	1999-06-28	22	69	113
274	2009-08-08	-15	84	1187
212	1963-02-18	-4	96	781
269	1944-09-06	17	80	527
268	1941-05-26	-10	30	753
258	1942-08-22	12	56	735
248	2006-08-10	-3	61	743
279	1961-02-17	-9	65	343
207	1946-10-14	30	73	53
299	1954-06-11	12	31	420
251	1975-01-09	-13	43	912
241	2016-02-01	38	54	924
239	2016-04-15	31	68	1390
210	2010-01-17	17	28	603
296	1940-11-16	-12	50	49
266	1941-03-18	-8	16	117
265	1943-10-10	2	21	1406
276	1972-06-23	29	75	1707
266	2018-06-03	-8	44	647
245	1970-10-11	38	18	1938
271	1997-06-05	-7	22	1294
281	1953-11-28	25	76	1775
227	1980-03-16	2	0	1012
261	1967-08-29	-2	25	1666
222	1982-01-08	-11	97	1024
275	1940-01-23	33	75	1504
263	1976-10-19	22	49	815
271	1981-04-18	15	68	1154
292	2005-08-23	-4	13	372
254	1986-11-27	-8	1	1548
260	2016-03-13	2	100	1127
204	1995-07-26	9	6	432
232	1978-09-06	25	15	869
233	1982-10-27	-15	16	1155
250	1963-03-05	-6	6	1222
282	2007-07-28	36	16	241
252	1986-04-13	4	34	1791
280	1991-02-10	28	70	44
253	1962-06-09	17	76	296
242	1968-06-05	-1	9	860
237	1963-08-29	7	41	308
295	1944-11-20	-10	72	131
214	2020-08-23	9	66	1926
282	1940-11-30	28	22	1098
254	2001-03-04	8	17	260
287	1987-10-27	38	16	637
264	2004-04-26	-13	28	1879
264	2002-04-05	19	68	378
285	1953-06-04	-9	5	1448
283	1960-07-03	0	12	1794
285	1943-01-15	16	69	1004
248	1994-03-21	4	9	529
292	1988-10-18	39	84	1034
275	1999-02-20	27	30	741
266	1986-03-21	42	90	604
