257	1999-05-05	33	45	417
294	2013-04-18	7	65	431
241	1975-01-22	34	41	1440
299	1941-12-29	4	39	520
231	1978-10-13	3	92	1715
235	2015-10-13	18	48	979
228	1998-05-04	-8	60	1422
233	1988-12-02	19	98	1201
252	1943-03-19	-4	52	187
252	1966-05-29	3	58	797
255	1988-04-09	-14	82	344
289	1969-02-02	34	10	1498
297	1945-06-05	39	17	148
220	1956-04-13	-6	52	3
203	2020-03-10	11	56	975
223	1946-07-22	10	17	1309
223	1984-10-16	13	7	1200
243	1980-11-19	25	34	1440
284	1950-01-22	40	74	1025
251	1946-02-08	-3	0	1523
203	1955-08-23	8	23	1079
293	2014-02-17	26	30	1054
274	2016-03-08	-1	31	549
282	2017-06-10	32	32	432
251	1984-10-24	-11	3	868
289	1982-03-22	-2	37	1587
277	1967-12-26	-12	38	1563
289	1990-01-14	16	93	205
260	1981-04-05	3	73	1332
292	1995-07-07	36	5	1182
259	2005-12-21	42	12	897
217	1942-07-28	2	64	676
260	2012-09-02	30	89	904
263	2008-03-25	15	54	1996
257	2009-09-03	23	79	1216
239	1984-10-16	16	4	1227
205	1998-04-11	4	36	1596
293	1977-09-19	26	45	1273
250	1948-09-09	23	71	1865
211	1957-11-03	-14	24	169
280	2005-03-14	-4	94	449
250	1967-12-16	3	4	1324
211	2002-11-05	2	46	764
202	1966-04-23	25	42	1822
223	1984-12-01	-5	36	606
217	1971-09-06	16	91	1565
219	1993-08-04	-8	16	1006
236	2018-08-16	-9	20	1610
293	1951-02-13	1	29	1849
242	1945-12-08	22	77	938
242	1976-09-02	33	27	193
240	1953-05-19	8	35	127
219	1976-06-26	10	12	1803
237	1992-01-16	21	46	1411
221	2003-11-16	34	68	189
287	2007-08-01	37	0	12
273	2010-08-04	1	86	1948
234	2000-12-04	25	91	1524
271	1996-10-29	33	62	661
278	2003-12-31	21	2	940
264	1953-11-02	36	95	1847
294	1985-03-10	-4	44	332
294	1965-01-30	35	12	1765
226	1941-03-02	-11	60	1398
273	1981-06-09	18	47	1643
276	1961-02-21	38	46	1150
235	1975-11-24	34	76	1523
205	2017-05-23	41	25	1700
296	1978-03-16	41	30	703
284	2018-05-06	31	21	676
256	1959-04-01	16	86	1728
276	1946-07-05	-4	76	1556
202	1967-10-19	-10	21	765
214	1979-06-03	2	7	466
275	1998-05-04	-14	61	832
262	1948-06-28	8	83	1274
222	1991-01-12	-15	38	908
203	1959-01-13	42	41	914
201	1956-05-14	38	41	1994
274	2016-04-05	39	86	1477
266	1987-05-18	27	79	1482
234	1961-04-26	34	9	1254
270	1951-07-09	-14	15	579
222	1975-10-16	16	96	159
239	1968-06-18	19	60	535
242	1973-04-20	1	6	1780
285	2017-05-06	15	49	1262
244	1969-06-07	1	31	1601
232	1998-09-28	6	29	206
255	1940-05-20	39	17	1857
238	1997-06-10	19	41	1720
287	1977-08-06	-5	13	281
210	1993-07-01	13	13	960
267	1944-02-01	22	6	994
220	1994-07-17	34	41	1439
232	2011-04-22	3	11	745
288	2001-12-29	30	38	1762
258	1954-05-24	28	24	421
241	2004-09-30	26	52	492
225	1955-02-21	34	41	686
294	1975-05-22	-6	47	831
230	1953-03-27	-11	94	1142
265	1980-05-26	31	24	329
225	1979-11-23	26	9	1452
277	1976-12-14	7	30	482
234	1969-01-19	-11	19	330
226	1980-09-10	-7	80	264
220	1990-08-04	21	71	1153
207	1949-12-15	19	62	490
221	1992-01-31	0	30	341
230	1979-09-16	32	77	1242
267	1961-06-21	36	74	1420
265	1975-09-06	20	48	1316
289	2002-10-18	20	35	1847
233	1974-09-04	14	88	503
237	1944-06-14	1	45	645
291	1957-11-22	18	77	1386
202	2015-05-11	10	41	107
292	1958-02-05	27	68	274
257	1992-06-07	-12	21	1203
233	2001-03-16	-15	55	1502
267	1974-07-30	40	52	1834
265	2010-09-16	-11	56	367
255	1972-06-13	9	1	1898
273	1997-05-09	8	99	1832
268	1960-10-10	18	94	1196
214	1976-12-27	42	32	483
220	1958-04-12	32	56	476
242	1944-04-11	16	89	472
290	1987-02-18	-2	46	1944
247	1954-11-16	-3	38	1465
239	1968-02-17	3	70	1700
271	1977-09-09	10	22	1186
258	1977-04-05	2	86	1926
277	1978-05-20	32	51	386
267	1992-03-14	-11	27	1149
290	1996-04-28	30	78	33
296	2020-08-10	8	29	179
249	2006-02-19	23	62	1773
296	1998-08-26	-4	84	1005
220	1966-12-20	39	65	1956
271	1954-12-25	-1	89	529
236	1940-11-13	30	46	468
209	1975-01-08	-2	67	1521
217	1993-03-28	16	11	1082
217	1945-02-26	7	23	1412
285	1999-07-23	36	47	827
288	2009-02-04	-12	19	949
252	1965-08-29	37	95	1625
291	2020-06-20	15	66	1407
221	1960-07-12	4	9	538
220	1993-02-17	17	55	212
288	1965-07-31	-2	53	1871
279	1970-10-01	14	43	688
221	2017-06-15	-7	44	365
223	2004-10-12	13	93	673
245	1993-07-29	7	39	1940
273	2005-04-02	10	14	1380
224	2001-02-10	32	79	1466
288	1958-08-11	-15	12	594
246	1948-01-18	28	22	1612
257	1970-02-01	30	28	1579
266	1949-05-31	-15	11	1247
288	1969-04-20	36	54	1435
269	2017-11-13	24	28	954
254	1976-07-18	0	86	176
295	1960-04-17	-11	6	892
299	1988-05-19	4	45	1350
284	1963-06-04	13	58	1954
284	2005-05-24	0	81	1208
252	1997-01-17	-2	100	1204
291	2000-12-06	-1	52	380
201	1995-04-07	39	50	916
268	2010-04-14	1	80	1444
279	2019-03-05	5	63	1203
230	1958-08-02	41	88	1182
230	1966-08-10	1	16	1146
221	1979-01-23	-11	4	1233
296	1947-04-26	0	79	1308
206	1973-09-01	23	78	1406
300	2011-09-23	33	47	1007
282	2017-06-13	11	85	427
219	1972-03-07	29	88	63
254	1950-01-28	40	65	1078
271	1998-11-09	32	11	237
262	1965-08-07	35	74	1188
257	1941-02-21	-4	55	463
201	1987-05-14	22	44	1743
231	1981-02-08	42	75	747
229	2001-03-24	-8	82	1323
239	1965-07-02	-8	75	1010
218	2016-07-20	27	19	1940
288	1974-06-23	16	31	1159
227	1992-07-29	26	77	1756
277	1942-06-03	8	95	366
277	1997-03-01	35	25	1117
257	1940-01-06	-9	100	1677
201	1995-02-26	26	28	910
218	2018-12-04	18	59	945
249	1960-11-01	42	45	783
241	1994-09-19	27	19	1314
204	1952-07-08	24	29	88
244	1984-12-22	-6	82	1976
242	1979-05-05	-13	30	37
224	1971-05-20	-13	69	894
279	1976-06-11	36	86	1614
297	2012-08-21	1	63	483
286	1978-07-27	28	49	1985
286	1987-09-14	-11	80	761
287	1996-12-07	-2	1	1060
264	2000-06-25	3	18	1893
277	1990-12-09	9	27	64
297	1945-07-03	21	0	1769
211	1951-09-11	3	14	1233
247	1962-11-04	-3	48	1071
241	1981-10-28	-14	14	891
244	1966-12-12	22	10	27
275	1986-12-24	-12	2	899
249	1999-09-30	33	74	1489
260	1955-06-11	33	16	175
201	1994-03-15	-9	10	1646
218	1990-06-29	-9	33	682
250	1941-08-08	-5	67	1190
260	1988-12-15	-4	87	1820
243	1946-01-03	9	49	752
264	1979-08-09	-14	69	977
286	1991-04-08	-5	38	1629
201	1947-09-08	30	16	1940
277	2002-07-20	31	97	137
254	1964-09-28	14	44	1124
293	2016-09-02	27	76	495
270	1984-10-26	-8	70	1714
233	2005-06-19	25	76	113
267	1967-03-12	-6	40	987
266	1975-04-11	-8	17	67
202	1943-03-01	25	64	807
261	1979-08-19	-12	82	434
220	1972-10-29	37	42	1055
215	1942-08-20	41	54	392
265	1968-10-13	18	78	1949
270	1955-10-10	31	37	1205
262	1957-09-10	25	91	215
262	2001-07-27	22	71	1257
296	1995-09-08	-9	81	1249
263	1971-04-10	-11	25	681
267	1941-05-09	21	42	1871
246	1960-09-24	16	90	107
249	1989-06-19	20	92	1017
242	2012-12-19	41	44	1071
252	1995-09-30	-2	18	646
227	1941-09-10	-7	8	174
249	1997-05-15	23	49	109
211	2009-11-12	-13	100	973
282	1984-07-03	33	79	502
244	1944-12-30	12	48	523
283	1956-01-06	7	84	1717
221	1982-07-26	21	98	458
203	2006-08-12	-2	13	1287
293	1956-01-21	23	76	1257
239	2004-06-13	29	97	876
272	1962-05-28	6	7	1599
209	1947-08-24	-15	24	1182
207	1960-08-23	-4	52	1096
277	1966-01-25	33	9	535
286	1954-04-28	25	75	1103
213	2006-07-28	1	77	747
256	1950-09-22	22	68	1032
276	1948-02-07	25	89	495
201	1983-04-14	14	0	733
251	2000-09-23	1	70	956
256	1992-06-18	-4	81	412
250	1959-08-22	-5	19	850
294	1964-10-14	-11	12	107
213	1997-05-17	28	87	938
241	1954-11-10	-9	49	1598
273	1972-12-03	15	33	652
256	2002-03-23	7	80	950
253	2001-12-26	-9	75	1500
238	1981-11-20	13	55	1654
282	1975-03-06	-9	54	1199
239	1944-02-22	15	42	46
239	1983-06-20	10	97	1243
266	1975-05-19	12	16	119
223	1953-09-23	15	58	819
223	1944-05-02	-12	100	1678
211	1944-06-04	10	37	747
247	2018-03-13	16	15	1827
290	1947-05-05	31	23	1701
296	2002-01-03	-4	67	1181
245	2004-04-15	15	75	1572
281	1951-12-02	-8	93	1370
291	2000-07-27	9	83	596
283	1990-04-25	41	59	549
231	1941-09-14	29	92	719
235	1994-07-15	8	93	1666
285	1955-10-31	31	99	46
