280	2000-10-02	30	49	327
294	1991-06-08	0	91	400
267	2015-08-01	23	75	735
260	1987-10-27	33	93	1427
226	1956-02-04	6	94	1907
236	1975-08-06	23	20	614
209	2004-09-25	20	39	257
201	1975-09-14	-7	7	177
272	1965-08-14	26	17	590
300	1989-06-07	22	9	1865
239	1945-02-25	35	39	1286
281	1997-06-12	26	54	406
237	2006-03-24	40	89	718
263	1977-08-30	28	37	720
235	1990-02-22	30	0	1704
294	2005-03-17	19	48	555
207	1950-07-24	-8	72	851
219	2012-08-09	23	36	126
234	2005-11-20	-4	31	1155
282	1982-07-21	-6	81	85
299	2003-02-19	10	8	425
291	1972-08-29	7	4	519
245	1970-02-26	1	38	1742
283	1996-08-22	2	90	26
209	1989-07-30	-3	60	1784
273	1941-12-15	3	45	836
249	2001-11-13	-11	70	1393
240	2002-07-28	4	10	1190
251	1952-02-16	-14	23	453
278	1979-04-17	37	84	1022
226	1996-09-11	28	22	16
293	2015-04-19	33	57	766
293	1996-01-01	38	65	912
254	1999-07-15	6	70	998
294	2005-09-12	28	25	1509
293	2012-08-18	41	33	1894
292	1990-03-04	40	10	654
205	2005-04-02	38	94	1108
224	1950-04-07	39	30	331
245	1958-07-18	32	5	1104
241	1974-06-26	7	59	1978
271	1954-09-22	22	38	17
297	1943-06-14	-1	63	1947
232	1959-02-21	19	100	458
276	1960-12-10	12	59	1699
255	1966-02-11	-14	22	1610
286	2016-07-31	30	89	295
281	1973-04-05	37	100	212
219	1967-09-02	9	47	979
246	2000-04-10	13	60	580
202	1944-08-28	25	0	1933
238	1944-08-12	34	32	1288
233	1961-05-24	15	37	848
248	1943-11-25	16	26	633
282	2008-03-11	40	4	965
234	1984-10-27	5	14	1185
243	1946-11-11	17	78	967
269	1972-12-26	15	91	1684
280	2007-01-31	34	58	759
223	1977-11-21	42	14	244
291	1959-09-08	22	78	493
207	1958-05-09	-14	61	1626
265	1977-09-25	22	44	1141
251	1991-07-03	33	26	1397
227	1976-04-04	39	32	299
205	1945-01-14	38	0	393
286	2011-02-05	25	7	510
281	1979-02-02	26	37	468
297	1946-08-18	42	34	1418
215	1975-02-04	14	50	1180
264	1956-02-29	14	29	1147
238	2009-04-13	10	91	665
270	1956-04-12	-11	28	1741
254	1988-05-03	-10	4	572
299	2010-07-19	6	71	937
280	2006-03-02	5	23	1404
254	1945-07-07	14	6	1130
292	1967-05-09	3	28	546
282	1983-05-02	34	83	622
249	1979-04-09	-2	71	374
237	2013-08-14	-14	73	969
282	1994-10-25	30	58	942
254	1963-01-19	21	50	1355
225	2019-02-08	5	5	1379
264	1961-07-06	-12	47	1563
282	1981-08-09	23	38	1400
291	1998-12-30	-11	84	1461
241	2001-07-14	22	18	906
263	1975-08-08	20	59	962
282	1977-02-14	41	96	1178
260	2006-04-22	32	70	1112
244	2006-11-19	22	27	330
234	1967-03-25	27	47	601
215	1995-07-03	42	89	855
282	1971-08-03	20	26	1609
274	2019-02-25	12	40	358
220	1992-05-30	23	47	1737
236	2010-03-28	-5	29	877
295	1951-03-21	18	69	1450
208	1947-02-17	-12	26	1340
229	1958-07-19	6	34	284
293	1969-05-28	29	39	1131
269	2003-08-04	26	77	1233
297	2002-12-17	4	37	575
261	2001-06-27	24	95	1128
281	1953-05-26	-11	55	624
270	2019-02-08	5	51	1139
246	1998-01-20	4	1	1185
300	1944-02-15	-4	73	21
284	2012-05-20	27	38	1764
224	1949-10-15	22	68	496
226	1992-04-08	-2	62	932
215	1953-11-25	-8	77	989
226	1975-07-07	14	62	1460
234	2002-04-10	35	72	683
237	2000-08-13	20	99	1207
228	1991-01-25	-4	80	209
236	2005-04-09	41	99	1493
203	2020-07-02	31	43	541
246	1996-12-11	35	1	1295
246	1961-10-10	33	4	293
298	1970-01-26	0	56	790
277	1973-07-17	27	85	972
220	1986-10-29	12	13	970
280	1959-08-03	5	8	380
295	1991-02-07	-3	28	372
215	1974-02-03	16	82	1445
243	2016-03-29	-11	77	1005
224	2019-07-18	-13	85	820
233	1994-10-05	11	16	1984
230	1950-10-22	18	48	513
243	1961-04-02	-15	67	1756
287	2002-12-27	16	90	199
258	1952-07-12	21	27	1943
279	1975-06-08	32	60	1303
251	1954-03-21	-1	48	640
201	1992-10-29	32	21	1514
224	1998-12-19	-6	25	1593
300	1949-04-13	1	64	88
219	1980-05-24	35	14	638
268	2013-01-02	19	67	1916
223	1942-02-13	34	29	681
293	1982-06-06	42	9	1447
202	1963-03-18	20	54	727
260	1945-02-09	37	50	777
245	2009-06-18	-8	61	667
221	1980-01-15	2	89	1345
282	1987-10-15	35	97	1216
249	2003-06-22	33	49	42
203	1992-02-16	36	59	1791
268	1952-06-04	34	52	596
218	1972-11-02	13	27	1170
290	1992-12-01	-2	56	749
201	1992-10-31	3	94	1834
201	1975-03-23	12	67	1287
227	1990-03-29	-2	45	1060
238	2005-08-29	-2	69	882
260	1957-09-23	4	40	1736
248	1998-11-23	3	31	831
299	1945-07-08	-4	18	1524
221	1951-03-13	34	74	1532
275	2011-09-06	7	47	1863
223	1966-04-27	3	36	122
250	1961-07-25	-9	40	783
204	1998-11-16	3	24	1230
300	1979-02-17	0	43	1214
261	1952-08-23	27	77	1781
278	2001-04-14	20	62	1274
250	2019-01-23	9	42	1803
209	1962-06-27	-10	12	465
284	1979-03-17	24	8	617
296	1955-06-08	35	85	755
288	2000-10-07	-5	30	347
274	1977-03-15	0	97	1375
264	1968-05-19	20	89	1624
290	1997-02-10	23	16	420
243	1946-12-17	-6	99	1330
218	1967-05-15	-12	4	1385
223	1986-07-18	18	27	504
287	2018-09-25	-4	0	136
230	1973-12-16	30	39	960
237	2009-05-26	19	77	1676
267	1988-12-22	30	86	1713
282	1970-11-27	10	79	1968
234	1955-04-30	35	6	868
219	1991-02-20	14	89	520
222	1958-07-11	9	51	1028
257	2000-01-28	-12	39	1857
207	1949-04-25	-8	38	1585
255	1976-04-08	6	38	624
250	1943-12-15	15	67	1820
268	1978-07-20	32	95	254
225	1947-01-14	26	65	154
285	1947-02-24	19	75	401
237	1943-12-15	15	37	1097
