268	1979-11-21	29	46	439
257	1993-01-18	4	63	1902
250	1948-11-26	-1	22	1868
287	1975-10-11	18	58	80
292	1947-01-18	-11	94	104
229	2004-12-07	38	58	490
260	1943-05-07	37	61	840
228	2015-09-16	40	78	1981
209	1944-03-11	-2	70	847
218	2020-01-01	20	71	1889
287	1944-02-14	-6	57	29
249	1947-12-25	20	59	647
203	2004-07-25	36	43	749
235	1993-04-20	41	96	1326
223	1970-03-15	7	50	1845
248	1951-08-28	6	67	1119
241	1961-04-18	16	18	1969
262	1982-03-30	-10	70	1021
215	1977-04-03	-6	26	1282
231	1988-07-22	26	27	1937
300	1995-03-16	2	57	1365
220	1978-10-11	23	0	762
245	1997-01-01	1	41	479
201	2018-07-11	17	32	1806
225	1946-09-25	22	15	1690
289	1973-02-07	26	31	1284
260	1965-01-02	21	68	1408
228	2006-12-23	-11	83	1259
217	2012-04-06	29	35	1593
256	1998-11-18	28	87	566
267	1997-10-24	5	76	1230
241	1951-03-07	29	91	1608
259	1985-02-07	-12	82	1656
296	1970-07-04	31	60	1052
296	2001-09-18	1	24	1604
214	1994-07-29	-7	19	1565
283	2016-06-23	7	86	1206
290	1945-01-29	5	73	1192
254	1975-04-12	24	61	590
232	1996-10-26	-7	2	1611
219	1990-06-09	-12	28	1131
292	1949-06-30	-2	85	1583
295	1960-04-06	5	73	280
234	2020-09-20	-10	39	1510
205	2003-01-08	30	8	945
216	1994-06-05	12	60	182
286	1984-03-16	22	90	1653
290	1976-05-22	28	51	1626
273	1986-04-26	15	3	305
217	1994-06-12	31	79	1724
241	1950-08-01	9	76	785
289	1940-03-18	18	63	808
217	1949-02-23	24	69	673
252	1992-11-25	22	39	186
267	1999-07-09	42	52	608
282	1996-03-21	27	96	1185
205	2005-10-06	-15	47	1461
244	1967-10-23	10	97	476
261	1967-09-09	38	33	331
260	2012-08-08	2	25	1556
270	1956-07-21	-11	50	1328
227	1970-05-07	36	68	742
274	2003-12-20	14	12	238
248	2013-05-04	30	8	289
210	1957-10-13	4	66	1068
285	2018-08-03	20	16	1414
223	1988-04-15	14	68	392
209	1952-09-16	31	63	966
230	1950-02-11	-1	20	784
214	1960-07-03	-14	47	1730
275	1941-08-08	-2	64	1158
254	1999-12-21	42	18	95
235	1997-05-02	7	76	1944
240	1985-08-05	17	89	99
270	1962-03-14	-4	66	116
249	1944-04-12	-4	18	281
207	2008-04-21	39	89	726
226	1980-07-18	7	96	1960
286	1963-08-13	34	72	297
206	2000-01-09	17	6	389
238	1986-10-24	1	82	1508
240	1985-05-06	8	55	207
210	1961-04-14	-1	7	423
213	1990-12-05	40	22	1408
245	2008-06-25	-5	20	1129
248	1985-06-14	37	100	1308
220	2015-08-17	10	31	241
251	2018-07-18	4	86	882
234	1969-06-28	20	91	1816
207	2003-05-13	17	42	449
264	2012-01-03	5	50	1997
254	2001-07-02	-13	82	280
271	1947-09-22	25	13	1169
204	2014-12-11	42	40	1877
255	1974-04-19	36	32	1981
287	1971-01-06	24	37	27
297	1940-05-10	-15	71	1883
276	1996-11-20	-11	70	1081
237	1979-06-11	41	9	1627
278	1954-05-02	7	40	714
256	2004-05-27	29	54	1098
272	1986-05-11	-8	45	1590
269	1958-06-11	-1	48	1999
291	2004-05-27	18	1	741
231	1986-02-11	8	15	1176
296	1950-06-04	28	85	1273
273	2001-04-18	25	36	599
232	1977-01-03	3	10	287
256	1998-10-30	26	17	560
