281	1993-12-02	16	84	1356
281	1976-07-20	41	72	1576
217	1983-09-03	27	36	54
264	2003-07-27	9	93	819
268	1974-01-23	-3	9	1568
254	2004-09-03	26	35	687
268	1956-01-01	20	26	157
231	1984-02-12	-3	39	770
254	1995-09-11	-8	80	1906
245	1945-11-06	-10	45	1851
244	1950-07-29	7	97	121
216	2015-01-03	33	72	631
242	1945-03-03	-5	38	1093
240	1977-02-14	-7	80	417
210	1980-12-07	2	37	296
272	1960-04-08	6	17	1227
236	2006-09-11	17	53	498
275	1972-05-07	19	59	21
214	1945-08-29	30	4	225
270	1987-01-28	5	70	67
229	1978-12-16	18	84	1066
298	1987-04-27	32	86	233
267	1940-04-01	37	62	1163
278	1987-08-10	7	8	781
271	1993-04-15	39	57	1106
223	2005-06-05	-5	51	1742
273	1944-01-27	38	1	762
287	1974-07-07	-12	13	1198
251	2004-09-14	-12	52	1453
244	1967-10-28	-3	100	1205
209	1992-12-22	38	94	1571
265	2011-07-05	26	50	344
268	1995-11-22	17	31	1333
253	2000-12-31	31	77	1314
244	1961-07-01	30	70	1182
287	1970-09-12	5	66	1460
285	1970-07-07	-3	59	1042
235	1971-12-23	32	42	1683
212	1962-11-08	-10	17	1768
300	1965-04-06	22	55	345
210	2020-07-16	34	35	436
268	1960-06-08	17	40	102
297	1976-12-31	34	80	1486
221	1992-08-24	40	26	1387
285	1992-01-20	9	57	543
294	1981-10-28	18	91	875
291	2009-08-21	26	55	495
221	1982-06-16	5	92	1441
300	1969-05-16	-3	50	1077
289	1962-07-14	-9	70	1246
275	1979-08-23	11	60	261
210	2004-04-28	40	35	1142
260	1972-11-02	18	93	1395
237	1950-07-05	11	52	178
283	1953-06-29	12	43	1082
277	1990-03-16	12	91	1867
293	1966-10-08	-15	80	321
257	1971-01-30	30	31	1280
228	2012-07-07	38	29	235
298	1951-10-24	-3	47	1767
223	2019-06-23	-4	66	1629
238	1997-09-17	0	0	1981
231	1988-03-26	10	86	2
204	1971-01-04	19	82	711
292	1955-07-28	33	69	142
224	1970-09-22	8	71	1404
215	2014-08-17	-7	60	1589
214	2011-11-19	7	72	1558
290	1980-11-22	11	10	942
291	1969-10-18	13	94	1281
268	1991-10-28	-12	59	1540
260	1950-12-31	-8	21	1708
267	1965-10-30	13	36	1385
283	1974-07-20	25	46	1280
296	2004-10-23	16	8	1661
293	1956-12-18	-9	8	1569
216	1959-04-05	7	22	347
229	1975-12-10	-5	72	1793
268	2003-03-12	42	61	260
224	1991-04-07	-7	67	1429
235	1944-06-10	10	62	1144
259	1998-02-25	32	60	1475
250	1998-06-11	13	55	329
264	1948-07-03	-15	29	263
279	1991-09-30	37	43	468
217	1978-02-13	31	95	832
204	2012-07-22	9	65	1715
251	1946-04-26	-3	83	1140
243	2004-10-28	9	80	1178
229	1963-11-03	-13	10	1645
216	1969-06-10	-7	51	726
299	1944-11-08	-11	57	1891
265	1975-04-22	8	51	1219
211	1950-04-19	-12	37	913
298	1969-03-06	41	27	573
230	1992-12-01	39	87	423
273	1950-08-29	34	3	1500
286	2000-04-16	-5	2	1862
269	1957-07-21	0	7	1335
217	2004-05-17	23	86	341
226	1992-10-23	3	50	241
233	1976-04-16	-9	1	221
264	1990-02-13	14	33	903
206	1962-06-09	37	90	360
289	1986-04-05	32	82	724
273	2002-03-16	40	43	116
279	2008-09-18	3	13	1501
233	1952-03-20	4	23	865
256	1961-07-25	7	53	1644
281	2003-12-26	37	63	197
285	2006-08-15	23	66	1134
245	1952-10-24	41	92	779
254	1988-03-26	29	87	784
233	1994-11-09	34	27	838
253	1944-07-08	-4	3	1799
261	1993-08-21	-10	16	1656
288	1974-03-14	-12	37	155
297	2019-08-22	39	5	1171
289	2010-12-28	2	43	691
257	2018-08-26	32	30	435
252	1988-08-20	7	39	918
269	2013-09-11	3	67	1331
261	1991-03-04	17	84	1140
299	1971-03-22	3	53	279
269	1980-05-14	41	46	999
250	1975-11-15	12	87	487
231	1963-05-25	-11	1	1911
277	1962-10-09	4	34	739
239	1981-06-26	-13	58	1274
218	1992-07-04	29	92	1043
252	1946-03-08	20	46	1216
249	1959-11-18	26	43	315
210	1984-05-24	36	12	513
272	2005-11-28	0	31	1996
237	1986-07-26	15	51	1547
