216	1980-11-16	21	57	425
228	1997-07-11	23	97	1118
260	1970-07-09	-14	49	7
244	1969-06-16	1	76	494
250	1951-06-09	36	23	735
298	1973-07-03	15	50	816
234	1979-11-30	34	88	256
202	2013-01-09	14	30	1997
296	1954-05-05	37	92	1413
215	1999-08-28	22	81	1822
287	1970-07-13	11	18	1278
227	1949-07-16	-3	53	951
212	1979-03-21	26	99	851
259	1970-08-01	0	59	747
210	1945-03-20	36	81	1008
300	1993-07-09	-6	79	1876
222	1985-10-04	30	69	302
240	1965-05-16	35	82	1979
254	1994-01-23	-12	72	472
268	1970-09-17	24	56	831
259	1957-07-19	15	61	631
238	1940-02-19	42	20	247
285	1982-12-29	39	88	307
286	1960-03-20	-8	96	1419
276	1973-12-03	18	20	6
206	1966-06-23	0	19	1375
218	2013-04-10	6	90	1303
234	2016-12-06	-2	56	502
205	1969-04-30	-8	36	546
234	2002-01-02	32	16	1178
206	1995-09-13	2	80	764
253	1986-04-14	23	85	1657
277	1958-01-01	17	92	99
255	1975-12-12	25	18	1037
279	2005-04-13	26	85	1493
257	1965-05-20	17	10	1345
292	1964-10-20	16	2	984
278	1952-08-29	22	14	1670
239	1958-01-14	7	81	95
239	1961-08-15	26	67	1979
235	1992-11-30	39	71	492
279	2019-10-07	36	78	1825
217	1961-01-20	27	49	1059
251	1970-12-22	29	1	98
250	1965-03-15	-3	57	881
252	2002-06-24	39	63	1001
250	1951-11-17	14	45	1215
217	1996-04-05	-6	77	45
297	1991-10-22	11	48	1895
270	1969-10-09	2	84	1132
276	1969-02-14	31	13	1968
286	1940-11-29	25	35	682
201	1984-07-28	15	24	63
267	1951-05-13	25	44	1735
287	2009-05-02	9	34	320
251	1971-09-28	28	15	2000
202	1964-10-02	30	0	453
213	1941-03-30	19	12	337
257	1962-11-18	21	21	1162
221	1945-03-21	42	72	1821
300	1982-03-01	33	80	176
286	2012-09-05	31	88	1832
227	1946-03-13	-3	43	766
210	1953-11-03	33	95	266
230	2001-07-19	18	23	1464
249	2002-10-20	-9	83	802
220	1991-03-03	25	2	1554
209	1951-12-26	30	86	35
296	1977-11-15	-9	86	1397
285	2016-11-08	29	35	1968
235	1940-02-20	28	83	1200
275	2002-03-28	11	30	1409
292	1945-04-10	33	14	166
278	1956-03-05	37	65	632
280	1978-09-06	0	8	425
265	1957-05-26	39	59	770
266	2007-04-16	31	69	1039
287	1999-03-21	12	44	1656
213	1969-03-14	35	74	1300
299	1980-02-03	22	65	1667
262	2018-07-02	18	25	2000
279	2012-09-09	4	83	331
278	1974-07-05	40	34	1568
210	1983-10-31	20	95	414
209	2019-05-13	-9	10	1089
211	1949-07-05	13	19	1290
267	2000-10-10	18	0	1302
264	2014-01-25	24	12	346
296	1969-04-28	9	39	1309
233	2006-02-24	-4	48	1198
235	1975-02-03	31	92	996
298	1978-06-10	38	4	839
300	1993-12-30	27	43	505
237	1992-05-28	2	53	862
244	1990-07-27	42	86	314
245	1993-01-04	15	76	783
278	1983-10-01	16	25	1233
201	1992-01-06	10	88	1370
295	1968-04-27	41	63	1995
281	1942-06-04	25	62	1656
289	1975-02-05	-11	42	1770
238	1957-06-21	-4	18	1999
279	2005-01-20	13	29	1603
292	1998-01-03	17	38	626
203	2015-06-16	31	10	1722
294	1983-07-24	12	76	1218
285	1979-08-28	4	72	791
215	2012-01-29	10	83	1618
284	2000-07-02	22	24	1973
271	2015-06-03	8	89	867
296	1942-09-17	39	41	1382
222	1970-07-23	-1	42	992
272	1946-12-13	11	18	396
225	2014-06-07	-7	80	1454
201	1999-02-23	-1	15	1793
234	1974-10-25	7	36	912
252	2009-01-14	26	7	1002
286	2015-10-20	11	71	141
259	1994-02-17	-15	19	913
294	1951-09-29	-8	95	1725
257	1962-05-06	1	35	565
266	1972-05-29	9	69	1763
273	1941-02-23	11	11	1006
266	1972-05-01	-7	12	1428
300	1977-02-12	18	78	597
232	1986-03-21	33	52	1038
247	2016-09-05	6	33	211
217	2016-04-27	-8	39	1023
228	2008-02-06	28	88	297
224	1953-05-30	-6	4	1646
289	1944-10-12	29	4	1245
213	1945-03-04	36	59	379
219	1998-09-24	-13	27	1423
208	1944-05-11	6	89	1985
290	1992-05-10	10	57	1012
281	2000-05-05	32	4	687
258	1945-11-28	10	35	1676
279	1944-06-14	16	52	1503
218	2002-11-26	39	83	1470
217	1953-01-04	-10	73	515
202	2003-02-08	7	49	922
230	1953-11-02	24	87	532
224	1988-04-17	18	46	1254
225	1943-03-19	21	14	1395
233	1989-05-17	13	15	1580
230	1996-08-17	15	15	970
230	1983-11-09	15	60	854
232	1964-09-09	-7	84	1314
203	1953-02-03	-15	66	1495
245	1957-03-16	28	54	1441
289	2008-06-28	-13	61	1585
201	1976-06-21	19	73	299
287	1980-12-28	-5	69	595
289	1999-11-07	22	0	1137
277	1945-07-03	28	51	1960
256	1955-05-10	6	5	1722
249	2001-03-23	20	18	1391
217	2000-05-24	27	16	718
245	2018-08-07	15	5	237
300	1996-10-12	4	84	1029
269	2003-07-06	-10	50	302
289	2019-04-27	-10	58	1634
203	1988-05-20	9	95	1917
271	2017-12-30	32	46	1640
292	1995-09-11	2	80	701
248	1970-09-04	25	57	1794
213	1984-11-29	5	68	532
284	1975-02-15	-8	91	125
252	1958-06-09	40	47	1441
281	1984-06-16	-14	48	9
240	1941-05-19	33	38	1118
202	1976-05-20	-4	17	683
248	1994-06-30	26	51	323
209	1989-03-15	-2	58	1629
296	1952-06-08	-3	57	1367
285	2011-02-02	17	58	1219
239	1994-02-04	-2	74	1349
251	1946-05-17	13	22	1573
288	2017-10-30	-15	45	496
211	1998-09-12	18	98	1034
204	1957-06-29	17	20	1433
242	1982-12-13	24	68	722
267	1944-10-11	19	62	753
223	1999-06-01	5	80	1863
211	1946-12-19	16	55	605
277	1959-04-29	21	63	866
206	1942-12-04	28	91	893
260	1950-08-26	3	88	104
274	1998-08-30	36	38	228
252	2001-06-24	-6	2	1174
211	1977-10-29	42	42	697
218	1972-12-24	-13	64	891
237	1982-05-30	-10	61	336
266	1988-12-06	16	44	870
211	2009-08-16	-11	41	1490
231	1969-04-04	15	1	949
213	1941-02-24	8	66	27
286	1993-09-05	23	5	1290
298	2001-05-04	10	97	576
212	2019-04-09	-4	48	247
260	2006-08-24	40	100	1391
221	1970-11-30	6	5	1276
231	1997-04-07	30	83	1378
206	1998-03-17	-10	27	1321
219	1941-11-28	29	11	35
277	1944-01-24	-7	36	1469
293	1994-07-31	16	33	1629
300	2015-07-05	16	60	199
211	1994-12-09	-4	59	1074
260	1974-04-05	18	59	1822
237	1991-06-03	-1	91	1273
269	1990-09-28	3	43	431
245	2015-09-03	11	80	1456
209	1997-10-25	19	7	847
235	1965-08-26	-5	25	1735
278	2020-07-04	12	100	558
299	2016-12-05	-5	40	1809
284	2004-10-06	18	25	174
256	1975-10-27	13	20	534
269	1962-12-11	13	40	1204
273	1952-12-20	0	0	332
292	1983-09-15	-9	6	402
275	1950-06-10	29	41	998
276	1941-08-14	36	67	700
241	1999-02-28	32	78	573
245	1988-07-08	42	42	1132
223	1975-06-23	14	89	1919
275	2008-01-20	35	63	56
288	2001-01-12	9	97	1834
236	1977-08-06	-11	11	1531
261	1984-07-31	17	61	1785
285	1976-03-21	12	13	1147
298	1962-09-24	2	86	1599
248	2008-11-24	29	50	1328
273	2013-07-11	15	91	651
215	2014-01-09	18	77	1749
234	2010-05-31	13	59	596
270	1949-05-28	4	83	146
295	1958-07-26	16	62	875
238	1949-11-21	19	27	1784
209	2011-03-25	4	2	482
233	1971-10-05	22	53	1604
210	1955-10-28	15	8	1589
226	1996-12-30	3	26	218
285	1999-04-15	21	44	1231
221	1973-12-20	30	53	1457
260	1995-03-06	41	98	1123
280	1951-11-20	14	24	1999
213	2003-11-20	20	40	923
276	1996-10-24	24	15	929
218	1945-12-06	9	84	1747
277	1989-10-13	15	8	1388
219	2014-01-06	5	26	1959
229	1997-03-18	12	96	222
299	1978-09-15	38	85	1407
296	1949-05-29	-7	78	464
262	1972-04-23	3	67	1642
282	2016-02-20	0	100	567
267	1940-05-10	21	10	525
208	1985-07-27	8	48	269
294	2008-12-05	-1	69	1355
282	2014-11-01	8	36	1367
213	1950-06-12	17	46	1972
230	1944-03-16	42	88	798
247	2012-10-12	14	12	818
232	1987-05-18	11	38	1354
221	1956-10-18	42	25	734
240	2017-11-24	33	25	1649
206	1959-10-08	35	36	1214
201	2002-07-12	20	100	1674
268	2016-03-16	-12	17	958
266	1951-10-11	-15	78	955
234	1986-03-02	8	80	654
285	2016-10-22	40	19	1566
297	1968-01-02	-13	39	1976
208	1996-10-07	-15	27	1996
201	1996-11-05	-1	56	551
216	1966-05-13	26	68	1395
296	1964-12-21	-11	29	579
