269	1992-03-06	10	68	201
287	1977-05-02	24	1	152
209	1947-11-03	-7	72	1741
288	1995-03-27	33	62	1392
230	1994-11-20	20	36	1548
210	1996-05-31	-12	77	1753
221	2019-03-01	40	84	1074
293	1982-07-12	42	18	53
285	1984-02-03	41	4	942
274	1981-11-06	-5	82	1635
292	2016-02-21	-15	69	669
285	2014-02-06	-13	15	226
252	1998-07-14	-10	65	457
294	1973-02-22	32	14	1510
272	2016-04-21	-1	6	1657
287	1982-11-24	16	62	1398
237	1943-01-10	2	63	1654
230	1961-02-27	-4	52	48
278	1968-03-16	12	62	534
267	2010-06-20	4	35	789
280	1954-03-13	12	28	811
233	1987-04-18	14	69	1344
201	2005-09-16	26	7	1773
242	1958-08-04	40	58	1934
291	1988-12-12	28	70	604
207	1971-03-23	7	2	294
219	2018-09-07	33	65	173
211	1959-08-27	24	75	718
201	1973-03-24	27	61	517
212	1959-01-13	-13	79	66
222	2009-07-25	-7	17	148
297	1994-02-24	20	84	782
265	1958-07-06	6	39	914
237	1971-11-21	1	97	134
246	1965-12-14	-12	5	1731
224	1960-04-27	30	87	1017
240	1945-02-10	-10	98	1664
248	2017-08-12	20	70	1355
271	2004-01-17	-2	13	1163
218	1953-05-25	2	59	1144
254	2005-08-09	-11	6	722
235	1944-03-25	-8	4	1251
256	1940-04-04	30	79	327
294	1951-04-09	-6	13	328
238	2000-07-14	7	11	1254
274	2020-08-28	33	85	87
213	2006-07-22	15	14	1484
203	2020-06-13	-2	72	367
292	2018-03-05	-14	17	349
289	2000-12-16	-9	6	202
230	1993-10-28	10	24	1707
262	1991-09-30	25	26	1012
229	1983-09-15	34	29	182
266	1946-04-24	25	68	1823
294	1962-08-31	36	27	967
273	1946-01-24	26	17	397
250	2007-08-01	38	19	889
238	1990-05-03	-11	68	1814
297	1945-11-07	17	100	791
227	1961-07-12	-5	4	1882
291	1989-02-04	-7	54	15
209	1995-01-18	10	86	1318
240	1978-02-03	11	63	1871
285	2000-10-09	6	97	396
259	1958-07-14	4	35	1624
253	1981-07-16	-9	68	1665
242	2000-04-07	-12	75	892
298	1999-09-09	10	49	1427
272	1950-03-02	33	26	114
213	1967-03-09	28	70	1467
208	1974-01-27	40	16	1034
249	1979-02-26	16	92	167
203	2014-06-25	-5	32	1167
249	1970-03-12	-11	63	447
205	2001-08-10	26	78	1496
296	2003-08-22	20	21	1156
243	1969-06-25	19	93	1790
210	1948-04-13	12	90	815
287	2006-07-12	10	32	638
215	1974-02-10	2	80	1755
217	1964-06-24	27	64	905
284	2007-02-16	-3	66	969
289	1988-09-11	-8	76	1981
205	1966-07-16	38	72	1590
231	1973-07-10	22	99	268
219	1953-03-10	23	91	1878
276	1993-11-23	33	89	56
255	1962-07-07	13	1	1841
211	1987-04-16	36	28	477
263	1942-03-16	29	94	745
243	2005-07-27	-7	65	922
253	1970-04-22	36	16	1394
215	1966-06-07	37	13	1758
239	2011-10-13	-12	14	1548
235	2007-09-01	-1	13	1917
294	2012-02-02	5	80	1471
287	1946-07-18	12	5	1059
268	1981-12-21	16	40	942
224	1977-05-24	42	61	1801
220	2014-04-14	25	23	70
209	1957-04-07	18	88	1757
279	1951-04-08	-2	76	788
250	1940-03-23	-4	52	1747
248	2003-01-01	21	10	1957
229	1967-11-16	9	9	1295
259	1996-11-23	-13	3	1918
217	1951-07-01	-12	26	1783
270	1970-02-05	37	95	287
204	1980-10-27	29	10	161
292	1984-07-01	10	36	853
275	1972-09-24	24	47	465
209	2014-01-06	13	42	1352
276	1994-08-25	14	53	802
205	2008-03-26	-4	51	511
202	1946-12-09	-6	43	707
204	1943-11-14	-5	17	833
213	2014-07-09	5	66	472
288	1972-11-01	15	78	1765
241	1943-01-28	20	58	1193
225	1995-08-03	-14	93	1725
267	1947-09-19	32	86	1317
243	1989-08-04	17	18	1020
227	1985-02-15	5	78	1032
235	1997-07-22	39	16	1714
248	2011-04-23	-1	100	1185
219	1960-03-08	36	18	1353
251	1977-07-31	13	59	612
233	1965-02-07	-7	28	955
245	1946-10-18	-9	82	47
257	1981-07-30	28	85	931
254	2003-01-27	22	95	1965
230	2012-01-11	32	24	68
298	2013-12-05	22	30	793
266	1974-02-04	18	34	1161
247	1998-01-03	6	98	1588
214	1958-11-11	9	97	1503
228	1957-08-10	0	80	1767
248	2005-04-08	16	74	1448
256	1953-10-21	23	9	1210
294	2003-08-09	33	3	440
247	1955-08-28	1	42	403
292	2001-06-29	37	8	1181
250	1981-08-21	20	58	1224
213	1976-01-19	6	47	1291
277	1943-06-12	26	20	537
276	1998-01-04	40	50	79
271	2009-01-30	34	71	1689
262	1981-01-03	-13	38	1108
229	1976-08-14	17	16	1565
232	1992-11-13	-6	4	336
295	1945-12-21	18	74	1836
234	2002-05-27	-8	9	1415
234	2010-04-09	10	76	274
270	1952-08-08	38	65	888
247	1999-01-01	9	12	1418
272	1976-01-28	-2	97	353
256	1998-09-12	39	58	1012
232	1982-12-20	13	50	834
213	1976-12-31	42	33	1821
275	1973-04-14	-1	47	912
219	1972-11-13	4	39	1064
216	1990-01-27	34	71	456
295	1965-01-27	36	17	1122
240	1984-04-18	9	80	136
207	2005-05-28	31	96	1588
207	2014-10-25	13	75	1782
270	1953-09-23	0	68	609
224	1950-08-27	28	100	1459
283	1997-08-12	-8	43	278
236	1987-12-06	30	34	1816
280	1995-07-07	7	20	1592
214	2002-11-24	-13	4	614
293	1956-01-01	8	12	1152
274	1944-11-19	32	35	916
279	1971-04-29	21	50	873
251	2019-09-19	29	63	607
256	2007-07-06	33	20	785
257	1969-03-20	39	68	629
244	2012-01-10	41	49	588
270	1950-01-13	-8	80	1931
244	2000-04-15	19	24	1892
219	1998-03-05	4	9	1135
232	2012-06-23	14	37	1141
235	1991-01-06	13	20	880
257	1993-06-28	7	42	1689
266	2015-01-22	-14	28	728
203	1974-08-18	38	6	1869
238	1951-11-10	-7	10	1403
253	1944-06-05	14	34	1852
248	1997-10-10	-7	8	640
235	1996-04-23	37	88	1280
260	2004-07-07	-6	32	1025
284	1959-03-27	39	77	1056
209	1978-08-26	-10	37	455
207	1989-10-17	24	62	1228
219	1960-10-30	0	47	643
240	1997-09-23	22	18	809
294	1983-07-06	-14	95	988
243	2019-09-18	13	44	298
262	1946-07-28	40	24	1633
201	1979-12-18	-13	77	819
243	1981-05-28	-14	52	329
232	1960-09-21	22	8	1821
228	2019-09-18	3	21	1944
230	1981-09-12	41	53	756
222	1988-10-09	37	80	1198
256	1946-09-10	39	56	733
242	1983-12-30	7	0	228
230	2014-07-28	38	60	685
