281	2000-04-09	-8	15	1903
222	1980-04-06	6	61	427
234	1973-11-14	23	64	54
226	1972-07-17	-8	1	1164
217	1990-05-16	10	81	656
224	1991-04-15	-14	24	701
243	1954-09-07	0	50	276
211	2007-12-31	9	50	173
249	1948-07-19	23	73	1791
262	2007-02-05	32	61	467
217	2003-09-08	26	56	1816
213	1943-12-25	24	33	1621
214	1989-10-25	16	16	1532
246	1962-07-18	17	17	565
223	1970-08-21	-2	13	1540
255	1944-02-01	-11	7	1855
250	2018-08-07	2	17	1244
263	1983-05-15	6	43	1107
288	1985-05-22	-8	69	1813
249	1985-01-06	-14	96	755
221	2000-08-04	33	79	1849
221	1966-06-07	11	73	334
263	1941-09-17	21	18	723
229	2012-02-05	-6	65	1224
259	1975-02-21	38	79	90
278	1979-10-28	-10	49	70
283	1988-04-13	25	72	1160
257	1966-09-29	33	38	84
268	2017-08-11	10	48	1392
224	1957-12-17	29	80	368
241	2006-06-17	25	87	1764
272	2011-11-25	37	7	1870
211	1955-10-10	14	5	779
212	1995-12-05	16	19	1584
254	1942-09-21	10	26	1938
210	1949-09-07	-8	99	660
215	1983-06-14	-4	8	1796
278	1998-04-24	4	65	347
271	2015-06-05	38	20	1335
293	2002-03-14	40	68	1963
271	1970-09-12	42	76	656
296	1986-05-19	-5	98	1533
247	1947-02-16	3	90	443
234	1971-09-10	-10	65	1618
205	2008-06-04	40	69	1417
218	1979-10-26	-4	5	1492
280	1999-03-23	37	67	783
249	1952-09-22	13	63	1697
293	1985-12-15	5	81	1021
241	1995-01-22	-14	67	287
234	1982-01-07	13	23	299
218	2019-09-06	19	99	1368
287	2010-09-13	1	94	882
293	1940-02-07	34	80	907
249	1957-02-25	23	25	853
234	2005-09-22	-15	91	1619
271	2014-02-26	25	92	106
258	1942-01-14	5	86	656
219	1994-08-01	29	66	423
262	1981-05-22	-8	21	1818
210	2016-05-25	-10	36	1585
230	1996-08-23	23	69	1974
296	1960-12-24	15	98	1859
227	1999-08-30	13	35	916
282	1951-03-14	12	43	198
232	1981-12-24	22	60	1903
283	1993-05-11	23	20	1151
298	1960-12-13	30	75	1597
235	1953-09-08	36	83	962
284	1983-01-08	33	79	1218
214	1951-09-12	38	97	301
294	2014-05-10	0	10	1077
278	1963-10-12	-8	78	1871
284	2018-09-08	-14	15	281
248	1980-10-03	5	76	863
221	1943-03-03	38	11	1129
243	1996-04-01	31	14	10
237	2006-03-05	-15	73	1820
278	1994-10-09	0	51	826
255	1968-11-28	15	87	1811
286	1943-06-11	-14	9	1342
236	1941-07-12	24	12	383
232	1990-09-20	-1	32	323
219	2020-05-25	26	41	1674
296	1992-03-24	42	29	1508
259	2000-09-14	2	60	1718
224	1987-01-26	12	40	1207
273	1969-12-28	8	64	1278
261	1992-01-01	34	72	640
234	1998-08-01	-10	38	1745
240	1999-01-24	10	79	982
225	1989-01-25	24	32	352
212	2009-07-27	10	38	761
287	2003-09-30	22	85	1251
300	1994-07-08	-5	2	324
286	2001-01-01	20	88	1317
241	1991-04-01	-2	81	1906
235	1945-10-02	11	84	1210
276	2014-04-04	21	22	1850
284	1976-09-13	15	6	523
292	2018-08-13	40	14	1504
287	1962-02-09	-4	35	793
293	1964-12-22	-10	21	1546
242	1997-11-14	13	43	1648
201	1965-09-16	32	60	1610
278	1969-03-31	4	31	1258
211	2011-05-21	24	77	1635
277	1952-03-13	-9	79	735
285	1982-08-07	14	86	216
271	1964-03-23	-14	50	157
241	1974-10-10	-3	41	648
256	1947-01-31	3	91	1312
258	1983-05-27	-14	33	1196
203	1962-07-20	21	62	1463
