291	1969-01-31	-15	50	52
277	1953-01-27	3	89	493
282	1951-03-15	-5	57	1178
299	1966-08-10	12	33	1747
236	1948-06-16	25	64	1906
275	1974-09-03	5	1	1806
241	2015-06-28	-5	95	1457
280	1972-11-07	-15	43	567
284	2002-03-13	-5	83	248
250	1946-11-04	15	32	1271
232	1971-01-20	-11	20	363
216	1983-01-06	27	23	1473
300	1994-04-27	-14	84	429
212	1940-11-03	-10	51	525
209	1958-04-05	30	94	1507
257	1956-08-07	31	29	1511
286	1949-01-30	32	68	572
255	2010-02-18	21	86	122
203	1991-08-10	37	81	436
274	1976-04-23	2	93	615
273	1940-04-05	40	94	538
255	1964-07-22	19	43	1875
235	2002-08-28	24	61	1912
231	1991-08-18	38	9	486
295	1959-02-10	22	83	124
271	1993-04-20	28	99	263
202	2020-09-06	1	43	78
240	2002-05-25	-12	38	1252
221	1983-12-31	-9	3	1416
296	1976-01-04	28	85	1118
266	1994-12-04	24	45	1328
281	1986-06-09	-2	92	1307
228	1974-12-20	42	14	1795
297	1996-02-19	-3	42	1284
293	1968-03-17	14	10	1039
210	1976-09-10	38	98	1458
254	1963-05-10	1	93	1332
254	2018-02-01	-10	33	1181
216	1962-03-09	10	46	1545
233	1949-10-22	27	70	93
273	1998-12-19	-2	53	1289
242	1962-06-20	1	29	5
213	1988-07-05	19	45	183
283	1953-09-06	28	87	1619
228	2010-10-14	1	31	1868
275	1984-10-01	-1	19	100
284	1977-05-06	29	33	268
229	1998-07-15	15	83	1328
242	1949-12-06	31	73	1692
229	1965-12-06	10	58	1167
298	2005-06-29	23	33	1009
255	2018-04-08	-3	57	439
273	1964-05-17	13	88	72
274	1956-04-22	-6	51	1676
215	1991-07-15	12	96	1480
279	1975-12-06	-6	79	145
276	2017-05-02	-4	29	972
294	1950-06-03	-5	92	751
246	1970-06-18	-15	86	507
235	2008-10-17	23	46	1140
242	2007-10-12	-4	99	1902
235	1991-11-03	11	99	1214
254	2003-01-28	6	99	1476
211	1954-08-02	10	15	534
268	1943-09-10	1	64	534
240	1977-02-17	20	39	1797
288	2020-02-06	-1	81	104
286	1993-07-13	42	35	1812
250	1968-04-05	-12	83	498
215	1978-10-30	16	34	969
279	1946-02-19	19	34	835
224	1943-01-11	-11	5	821
211	1953-07-30	18	54	1618
217	1945-06-29	14	76	608
233	1943-08-06	28	78	1784
201	1951-10-15	26	50	115
244	1972-02-26	1	43	404
254	1966-01-03	37	98	1450
228	2001-09-06	37	56	703
239	1944-11-03	-3	82	917
258	1968-07-04	22	71	64
262	1985-11-01	26	71	199
218	2008-10-17	30	75	1046
285	2008-02-09	15	19	639
251	2018-12-08	38	41	1273
206	2001-07-18	-14	3	1335
236	2016-03-18	18	55	1571
261	1979-04-10	-5	79	190
238	1962-12-23	35	20	502
245	1973-01-20	42	22	1626
281	1945-05-14	-13	14	1851
244	1996-07-28	39	73	1765
298	2020-07-29	25	43	976
275	1979-01-23	7	9	1224
227	1971-11-29	12	31	660
214	1947-11-03	31	54	1014
268	1963-08-31	-4	81	227
264	1995-10-19	7	52	78
262	1989-07-17	36	89	998
269	1943-08-18	36	85	1894
295	1956-06-27	7	99	139
259	1984-05-12	-15	100	1505
259	2010-01-09	-3	23	1577
241	1994-05-31	37	32	1480
285	1989-11-09	8	82	431
263	1945-10-20	18	58	1361
205	1950-07-23	32	29	1471
298	1963-11-11	8	76	1384
223	1977-07-03	35	45	359
205	1997-04-15	14	10	1644
210	1966-06-14	8	77	62
233	1989-11-02	0	83	427
232	1943-04-04	1	2	350
269	1951-12-30	26	25	924
220	2011-09-16	17	12	1646
270	1974-05-11	10	49	1558
289	1955-06-10	35	70	1615
231	1968-10-17	14	62	1225
237	1996-01-07	29	33	1501
292	1994-08-19	42	46	472
267	1947-07-21	32	45	633
220	1992-05-17	25	29	376
281	1969-03-27	24	97	221
286	1981-06-01	42	50	634
290	1961-09-03	8	16	1106
225	1979-12-20	32	69	433
239	1967-05-11	10	60	1953
213	1961-10-04	-9	97	404
216	1975-06-07	34	6	806
220	1949-10-13	31	9	92
283	1964-10-21	16	0	921
267	2003-05-04	-2	26	247
254	1972-11-15	36	27	1061
228	1979-11-23	11	90	665
218	1965-06-23	40	10	1206
244	1953-04-26	-4	36	1948
286	1992-12-27	15	86	1875
204	1973-10-16	32	81	399
289	2018-09-11	1	96	1157
231	1973-03-25	-9	99	151
214	2002-07-22	-2	55	1303
246	1953-12-14	14	81	1241
237	2015-02-16	22	86	1143
271	1942-05-18	33	17	1829
244	1993-02-28	31	34	1307
243	1942-10-09	-4	36	1591
