300	1946-08-20	3	38	375
211	2006-01-04	7	35	1913
224	1954-09-07	-14	82	1203
230	1974-07-02	-5	63	965
222	1956-08-30	-8	5	457
233	2003-10-04	5	1	1081
289	2010-10-21	-11	17	1927
227	1944-01-20	26	22	1864
219	2007-11-16	13	4	192
213	2003-10-28	-1	93	1862
241	1950-06-18	36	90	292
204	1990-09-22	-8	58	1215
257	1964-08-11	39	75	779
284	1947-09-27	9	16	32
213	1940-10-29	-8	95	611
294	1971-03-04	-5	91	1988
221	1967-05-13	-11	10	922
239	1971-05-20	-9	1	1233
247	1987-02-07	-12	67	878
236	1946-09-26	18	49	1290
220	1990-10-26	23	16	95
291	1944-10-15	-12	4	1661
237	1974-06-16	26	38	287
267	2000-11-16	23	56	1600
290	1989-08-13	-2	39	1586
243	1995-02-03	-8	57	595
204	1945-08-22	-5	18	948
225	1975-05-24	7	87	506
251	1967-02-02	9	30	273
204	2013-04-30	33	21	1095
219	2007-09-06	-11	92	1422
243	1957-11-12	38	25	64
282	1941-08-21	3	94	1245
277	2015-11-13	9	2	828
223	1986-03-13	28	67	845
242	2016-03-10	-3	2	211
266	2009-03-04	20	8	1754
291	1949-01-12	39	42	24
220	2018-05-02	17	38	125
235	1990-07-16	30	59	1112
292	1967-05-24	19	63	1211
250	1972-08-19	-14	79	951
253	2006-01-16	13	46	182
249	2012-03-22	17	40	233
253	2003-08-28	41	56	1185
235	1960-12-28	33	65	631
284	1996-07-24	15	21	855
289	1958-09-01	12	16	1872
201	1994-06-29	13	86	1097
227	1968-11-06	-3	32	1296
225	2001-08-01	27	27	1984
259	1964-03-09	42	6	1738
210	1949-01-02	-14	1	694
285	1976-03-04	-9	99	1327
291	1965-01-01	9	37	546
240	1942-07-17	11	53	538
229	2008-10-26	-2	84	419
276	2018-06-28	31	18	920
232	2000-10-05	2	72	1362
274	2017-08-08	-15	27	761
293	1950-07-12	23	68	1358
248	1948-12-18	0	94	1207
285	1986-11-27	32	60	1960
214	1964-11-19	-12	22	1498
271	1981-09-21	-2	33	1310
208	2004-10-07	16	16	951
203	1947-06-25	39	39	215
254	1957-04-24	23	14	826
290	1960-12-07	27	0	1248
226	1943-02-17	-13	68	1205
215	1949-05-28	31	44	1507
213	1946-09-09	14	59	828
266	2006-10-06	-7	40	580
210	1964-08-30	-3	53	999
254	1957-07-27	25	28	168
283	1998-08-29	20	21	1498
246	2007-08-05	21	55	1989
272	1997-03-09	-6	5	1815
255	1953-10-28	21	76	1909
255	1987-04-01	9	22	952
209	1972-12-17	30	13	1800
268	1994-12-28	11	43	1315
268	2018-11-01	-14	92	1629
209	1986-02-08	-3	72	594
249	2010-08-15	-4	22	1525
204	2016-10-19	31	60	170
216	1985-05-30	4	71	116
249	1940-08-09	5	48	906
296	2015-12-12	-5	31	950
276	1994-09-07	29	41	566
298	1949-07-12	9	32	290
217	1994-10-14	-10	18	1368
247	1945-03-20	-8	36	1929
225	1954-10-23	37	55	1437
260	1979-10-12	21	90	1065
263	1966-05-04	41	5	1318
250	1953-10-09	40	96	1699
276	1993-08-06	-14	66	532
214	1942-11-29	26	96	1683
218	1993-01-13	3	53	543
213	2010-11-27	-10	13	1278
254	1964-02-07	14	64	1197
267	1943-12-13	-8	71	1574
222	1980-08-17	40	4	871
214	1966-12-18	5	71	68
290	1948-05-19	36	82	1312
202	1959-06-10	-8	3	4
218	1941-01-24	-3	52	1181
226	1962-04-04	21	38	623
234	2010-10-05	-13	79	638
269	1990-01-23	1	2	11
230	1959-10-13	23	21	1377
259	2004-06-04	-8	39	769
287	1942-04-28	37	26	242
223	2002-11-27	22	99	1949
225	2014-05-22	-6	5	1349
267	2005-07-05	-12	35	1108
224	1982-05-31	13	37	783
299	1997-12-16	-15	38	1867
282	1974-03-12	6	59	1394
298	2000-05-11	3	47	338
243	2005-07-23	8	11	1513
255	2020-09-09	18	38	1313
243	1989-11-04	2	82	1742
294	1965-05-05	17	3	1318
226	2005-06-29	20	29	834
232	1998-02-24	15	51	776
237	1957-02-02	-2	59	245
300	1948-01-02	42	13	1980
297	1970-12-25	36	62	1633
233	1997-01-15	-11	55	823
281	1957-11-30	2	46	28
223	2014-07-31	41	63	626
260	1981-03-31	-8	85	954
260	1986-08-23	27	32	1848
255	1974-12-25	26	83	1332
293	2005-04-06	24	5	701
209	1988-12-09	20	72	1343
238	1961-08-05	41	70	1002
261	1985-06-20	-12	5	1749
269	1948-12-20	-2	7	1840
253	1945-04-27	-14	63	1876
272	2008-06-07	-2	79	1917
212	1992-07-19	26	90	46
255	1972-02-27	32	69	265
220	2012-08-15	42	4	1165
294	1976-08-19	-11	98	889
233	1944-05-25	-2	64	1617
217	1971-06-09	10	34	1794
216	1945-04-06	41	40	253
261	1974-04-24	1	16	952
243	1953-04-30	5	91	1944
227	1960-03-26	42	16	997
212	1997-10-01	41	26	720
266	1992-08-03	31	70	1754
223	1995-07-21	30	85	1601
217	2006-01-12	-2	30	1215
226	1972-12-06	6	19	885
291	1980-04-25	-10	65	926
256	2002-03-25	38	92	651
287	1992-04-03	4	3	823
235	1949-10-23	2	3	1714
250	1955-04-24	11	17	136
217	1961-10-11	-6	24	680
249	1971-06-04	27	19	1146
247	1979-01-17	27	37	484
274	1946-09-02	33	43	818
248	1985-06-04	13	11	350
288	1956-11-10	33	11	1535
300	2002-06-14	23	52	857
290	1951-04-01	-11	77	1306
297	1949-07-29	-3	62	1942
238	2010-06-10	24	46	1813
297	2010-05-18	-15	0	1632
205	2010-03-21	36	64	1615
245	2002-03-02	39	33	1552
215	1992-07-04	-5	11	440
268	2013-01-06	41	44	1889
212	2013-01-18	32	29	959
224	2006-07-12	31	80	47
254	1972-08-03	11	79	1719
276	2009-07-27	41	92	942
234	2004-03-05	29	64	672
236	1985-04-19	17	28	1760
212	1958-06-18	35	97	1308
213	1962-04-09	14	84	497
291	1974-06-13	18	21	1521
277	1965-03-18	18	57	384
258	1960-05-14	9	15	930
283	2011-11-29	6	66	1689
273	1944-08-10	-7	63	1055
202	1969-07-17	17	49	1085
271	1989-04-13	9	39	962
228	2000-04-28	24	79	802
266	1969-04-17	26	84	874
263	1950-12-29	-7	81	549
240	1984-02-06	-3	100	594
267	2006-01-02	0	3	651
258	1966-01-01	7	26	1978
278	1960-12-23	37	78	278
295	1943-03-26	9	74	871
238	1971-11-25	-2	61	735
211	1946-01-23	14	41	7
229	2007-10-20	0	27	1523
205	1975-09-05	-11	47	309
259	2013-11-26	31	86	1080
266	1975-02-14	7	35	887
263	2017-10-22	3	1	191
213	1994-08-14	32	7	48
261	2001-01-11	40	4	968
299	1944-02-13	3	77	1299
210	1957-08-10	11	32	525
291	2007-04-06	-6	97	1656
237	1987-05-18	12	87	1356
292	1954-09-11	-14	43	1605
291	2002-04-15	28	61	316
244	1982-12-14	29	10	1644
209	2015-01-24	15	5	1227
235	1979-01-09	16	70	1747
241	1983-08-03	20	16	1231
298	1954-11-24	-8	7	287
208	1957-02-03	5	83	750
273	2019-09-07	6	74	1794
284	1947-12-31	13	26	933
277	1940-10-28	42	10	437
242	1961-11-12	-12	47	98
272	2020-05-15	42	28	1205
245	2013-01-28	-15	75	1164
296	1958-11-22	-14	65	1476
288	2003-06-16	16	5	1570
263	1963-05-01	24	86	1555
273	1980-03-10	25	43	817
253	1986-04-25	-11	80	1376
236	1952-01-30	-2	38	1811
285	1975-10-25	4	98	542
238	1947-12-08	32	99	359
236	1968-11-20	11	61	1105
250	1993-06-22	-14	56	1004
212	1976-01-21	38	76	378
261	2019-02-14	-13	1	1067
217	1981-09-11	27	62	786
284	1958-03-13	14	28	699
255	1953-04-30	23	26	870
261	1967-09-19	15	14	906
266	1981-12-23	25	81	763
283	1987-04-18	29	91	176
