217	2002-12-28	17	86	212
244	1965-07-02	24	7	1550
237	1956-09-15	25	63	86
279	1991-06-05	-7	33	224
261	1940-04-04	42	3	1254
250	1969-11-06	36	43	463
218	2001-11-03	10	48	928
216	1967-09-12	37	93	584
299	2001-04-22	29	84	763
217	1960-10-05	-9	84	1810
221	1998-08-15	-13	98	313
253	1979-02-19	6	1	1185
245	1977-06-02	22	49	816
293	2000-08-09	36	52	80
251	1995-08-28	14	28	1887
279	1954-03-01	-1	99	1596
225	1991-05-13	7	35	1122
224	1970-01-20	-10	94	1266
297	1949-01-14	-8	47	1880
219	1986-11-07	-2	80	1366
277	1965-05-21	-13	45	213
234	2012-04-18	-15	0	1399
224	1990-04-09	1	88	219
217	1956-01-02	41	17	1993
258	2005-02-05	5	88	1857
267	2019-05-24	26	93	342
258	2017-04-20	1	53	954
244	1982-12-15	10	37	733
273	1992-11-19	7	25	1771
275	1969-02-13	34	63	897
228	1950-01-15	8	4	580
228	1941-12-25	3	18	452
262	2020-08-13	26	66	367
271	1960-07-25	5	56	1147
291	2018-03-09	18	53	655
261	2011-02-28	4	95	852
218	1989-07-18	31	90	1133
247	1960-08-27	11	84	1845
247	1989-07-07	17	23	63
247	2018-01-06	-6	99	737
231	1988-04-14	21	0	198
207	1997-09-10	40	96	303
205	1940-11-21	41	39	1217
239	1982-03-21	-2	79	594
228	1997-03-17	-15	12	1668
261	2013-09-17	13	52	1020
202	1945-03-30	7	4	656
222	2005-01-03	8	51	1668
293	2009-01-10	-5	10	75
290	1955-02-06	-12	19	1801
300	2016-06-04	-14	14	1766
267	2016-03-05	33	66	401
241	1945-06-06	27	83	1680
296	1987-05-26	21	25	298
262	1984-06-12	42	22	1808
271	1987-03-25	35	48	98
254	2003-02-14	21	89	547
213	2000-04-16	-5	47	69
270	1973-08-31	9	38	824
285	1979-12-26	-11	23	176
211	2006-09-17	-2	48	1962
267	1940-07-21	-4	76	1044
212	1947-12-21	12	49	216
241	1988-05-03	10	68	70
252	1978-06-30	33	41	913
294	1992-02-23	2	99	1286
274	1966-09-24	-13	85	1244
234	1966-01-08	3	20	441
233	1946-02-06	10	77	536
269	1987-08-08	39	80	191
262	1982-05-18	-5	100	957
264	1964-01-22	7	38	1231
245	1949-02-22	-13	36	606
257	1944-03-31	-1	47	811
253	1950-07-18	28	9	274
208	1946-05-04	4	65	582
221	1992-01-26	17	34	1142
217	1950-03-21	16	70	767
283	1986-07-27	33	73	1385
203	1947-05-29	6	85	461
241	1981-10-29	10	70	1941
279	2007-10-18	-14	76	1068
238	2015-04-21	-6	31	726
292	1977-02-19	24	85	1571
228	1992-10-05	17	28	766
288	2015-07-19	41	83	3
234	1990-05-15	41	80	479
222	2011-04-28	-10	57	217
300	1988-03-12	37	23	1622
265	2002-09-17	-6	91	1899
264	1940-12-25	-12	57	610
286	1974-12-06	22	96	1575
237	1987-12-31	20	66	873
239	1978-12-04	2	78	90
298	1961-08-01	31	73	1879
204	1954-05-30	32	46	1992
283	1957-04-09	-13	46	58
236	2008-01-02	-8	33	1086
266	1988-12-06	16	98	1145
287	1957-01-01	28	19	1145
203	1952-03-02	38	2	1875
281	2018-04-25	32	3	1813
285	2006-04-20	6	34	557
224	1984-10-19	-6	79	1229
266	2005-09-20	18	36	1475
258	1980-05-25	-15	16	87
219	2014-09-09	16	19	1295
281	1967-08-31	-2	73	1290
219	1975-11-05	0	40	539
247	1982-04-11	23	80	453
240	2016-11-29	6	13	202
263	1958-08-18	27	82	704
278	1991-05-08	18	9	1817
253	1955-06-22	3	55	288
255	1963-10-07	10	95	1645
232	1957-05-01	-1	21	1457
271	1997-06-14	28	53	1642
286	1997-11-04	-5	61	623
268	2005-02-19	34	75	672
269	1994-06-29	7	59	560
298	1958-11-15	-10	98	1586
277	1973-08-08	10	42	273
261	1993-04-04	11	23	1708
297	2002-02-05	-12	22	953
213	1979-01-25	33	10	1170
283	2006-03-26	35	66	493
226	1987-09-30	-11	65	1048
201	1972-03-25	13	77	1420
220	1991-03-06	-1	21	1527
256	1976-08-09	-7	11	185
211	1982-04-08	1	13	114
284	1940-05-22	23	26	682
206	1963-05-05	12	33	2
238	1949-04-27	33	6	1703
229	1998-05-19	4	54	1829
250	1996-04-07	25	74	1772
220	1967-11-01	-15	98	1278
220	1958-12-26	-1	67	1986
294	1965-05-16	11	9	1451
276	2018-06-06	9	92	1371
238	1980-05-12	37	59	569
275	1995-09-10	12	1	508
203	1969-07-12	10	55	1463
226	1942-04-30	17	53	1533
233	1970-03-09	21	91	69
273	2016-09-21	-11	45	555
296	1968-08-08	-7	23	1868
296	2017-12-08	1	89	363
217	2008-02-03	21	71	795
247	2015-08-30	36	88	360
258	1950-11-22	30	31	364
215	2000-08-16	34	55	880
207	1970-02-18	17	48	666
265	2020-02-27	26	4	119
209	1989-01-12	34	0	765
253	1981-05-05	-9	56	1230
240	1988-10-08	35	80	34
265	1940-08-27	31	8	848
271	1970-10-21	-4	49	422
237	1948-06-30	10	15	1059
244	1994-02-14	15	65	431
281	1977-09-06	33	89	1464
243	1966-06-11	3	25	403
212	1958-12-10	38	21	413
286	2009-08-03	19	14	342
273	1962-10-12	16	76	1067
222	2000-04-30	5	91	230
242	2014-06-02	5	83	1755
226	1980-03-19	-12	5	1665
218	1953-05-23	5	72	1127
249	1989-10-08	27	10	1002
296	1990-08-16	-9	79	758
246	1984-05-07	-6	44	316
270	1989-04-20	17	22	123
221	2005-10-27	-5	39	1046
240	1987-03-22	2	62	146
238	1995-09-23	27	9	650
218	2014-09-13	-6	21	781
241	1967-11-21	-14	11	559
217	1949-06-23	42	50	777
300	1958-03-17	35	34	957
272	1958-12-12	14	8	476
237	1960-03-08	-3	53	715
258	1988-08-23	-3	81	374
243	1985-08-28	20	71	1068
300	1945-07-31	29	5	1302
