259	1988-09-10	4	80	1154
220	1940-04-30	32	24	1763
265	1987-06-20	40	20	1297
241	1997-12-10	33	76	1502
281	2010-01-21	11	5	892
263	2014-06-27	41	31	650
271	2002-11-10	39	69	1254
241	1947-11-21	-12	84	735
225	1959-10-15	-8	20	371
254	1954-07-30	37	77	867
241	1966-08-26	23	44	1740
219	1978-01-18	-7	76	1128
209	2011-04-24	-5	60	1168
258	1942-01-11	19	92	1010
233	2014-12-09	35	75	1162
281	1980-03-08	20	9	761
243	1953-12-03	-7	83	448
274	1975-06-04	2	67	1180
256	1956-08-05	8	52	412
214	1978-04-15	4	16	1929
294	1954-08-06	-11	66	377
211	1961-08-06	-7	48	1016
284	1968-08-19	38	72	39
266	2004-09-21	26	99	786
228	1973-08-19	21	0	942
255	1945-07-04	38	71	1961
300	1965-06-07	40	61	20
247	1995-12-03	1	88	771
229	1958-08-22	17	92	394
236	1958-07-01	3	24	1464
210	1997-08-29	-10	75	628
282	1992-05-28	-3	7	508
220	1994-11-07	21	48	881
240	1946-07-05	3	15	285
246	1992-05-19	35	95	368
248	1941-06-02	-14	95	260
216	1973-03-18	25	14	934
224	2015-05-13	4	2	994
250	1965-06-25	8	34	646
274	2014-12-19	21	34	746
214	1972-08-12	41	94	1513
251	1958-01-18	19	62	274
300	2002-05-31	4	60	1499
208	2002-05-11	18	11	1186
260	1958-09-11	-7	28	1056
239	1995-08-30	5	5	293
231	2015-03-11	17	80	1603
281	1981-05-11	22	13	1861
212	2009-01-12	11	5	1707
250	2006-03-17	2	80	1443
272	1964-03-21	15	30	61
244	1973-11-13	33	0	1458
256	1953-10-21	-14	78	1706
288	1998-03-31	37	57	1022
272	1946-11-17	10	93	1178
256	1969-03-17	13	52	1332
282	1994-03-15	25	76	1398
252	1949-07-06	33	87	1058
286	2008-05-08	30	4	249
225	1988-10-04	33	75	769
221	1974-02-18	14	41	41
233	1942-07-06	22	15	1438
250	1945-09-30	0	57	72
263	1956-06-06	-6	28	1375
237	1975-04-05	7	95	708
244	2006-12-26	12	51	1179
246	2006-11-03	13	75	1878
286	1989-10-24	37	87	329
276	1941-05-22	-8	54	219
213	1999-08-22	13	97	289
270	1958-12-17	39	95	1734
270	1950-12-12	18	68	1048
296	2001-05-31	4	1	631
229	2020-08-08	39	60	726
266	1998-01-01	16	11	1639
208	1966-11-29	41	59	1094
207	1963-08-27	37	87	718
223	1998-10-31	39	18	1514
254	2004-01-27	-2	66	820
265	1980-04-17	18	33	629
241	1994-11-15	-14	18	1510
286	1966-02-19	-12	11	252
215	1998-11-03	30	66	1650
264	1975-08-02	38	51	1309
240	1997-12-27	31	67	1040
261	1952-04-07	14	90	1182
239	2009-08-04	-7	24	1233
203	1949-05-13	14	84	1878
282	1985-07-14	-10	12	709
206	1971-01-18	-10	81	246
255	1967-07-01	7	99	491
248	1942-06-21	-14	43	200
232	1940-07-24	-10	18	598
275	1975-11-13	4	77	1878
231	1990-09-24	30	82	844
258	1980-05-28	-2	31	56
296	1978-08-31	5	35	904
217	2020-03-11	26	68	287
226	1945-02-07	24	89	1046
219	1966-12-04	31	21	1014
214	1942-10-04	39	61	1917
228	1992-01-22	-7	9	1734
283	1954-08-31	36	9	529
260	1946-09-11	-11	68	723
279	2004-12-23	19	42	656
246	1990-02-07	23	4	77
225	1941-01-11	-4	86	476
294	1945-03-18	20	49	376
297	1958-01-23	31	49	474
277	2004-01-02	31	16	1866
204	1989-07-22	-10	68	1180
296	1964-05-03	30	4	1698
214	2016-12-02	6	43	885
253	1956-10-08	32	48	255
291	1985-06-20	-14	55	1741
255	2008-11-01	-6	14	1964
275	1997-12-05	1	71	1329
219	1965-06-15	31	97	271
282	1958-07-10	7	100	219
241	1976-08-24	-8	0	707
207	2008-04-08	24	64	1235
286	2015-10-15	-9	60	1490
289	1987-02-02	20	81	725
273	2003-09-26	5	1	116
232	1986-11-18	-12	21	270
259	2004-03-27	11	1	585
286	1987-10-28	30	60	890
205	2002-11-22	20	67	1012
293	1974-04-15	-5	9	1662
237	1968-07-17	17	46	517
278	1948-05-02	39	42	1051
299	2014-10-25	-10	85	1958
213	1953-11-03	14	55	1335
251	1992-05-15	21	50	949
232	2014-12-16	3	64	1980
201	1996-03-04	-3	96	553
251	1992-02-19	42	1	527
256	1981-07-18	-7	36	712
243	2013-02-10	23	55	1624
254	1965-11-12	27	87	579
269	1974-08-13	27	21	656
292	1947-08-06	9	76	1727
234	1953-08-06	-14	55	1681
210	1942-02-05	12	28	1636
266	1985-06-05	33	56	1374
269	1958-10-04	21	35	216
257	1989-03-19	41	64	1340
289	2015-09-12	1	81	874
282	2005-08-31	40	50	988
261	1997-01-16	37	81	915
268	1950-06-07	11	47	1370
293	2009-05-05	31	19	817
243	1988-01-13	11	21	1232
211	1997-10-12	-3	68	1954
214	2018-01-09	37	17	698
234	1986-08-26	-11	7	1621
252	2004-08-17	18	8	452
292	2000-12-29	33	93	1422
218	2016-04-29	32	50	1031
243	1978-04-24	-5	59	67
264	1972-03-25	1	90	1096
289	2009-10-13	21	9	999
266	1961-03-10	21	10	1400
231	1979-02-18	1	75	1475
217	2001-08-15	41	50	1772
206	2000-02-13	5	41	1598
239	1970-12-22	14	25	28
230	1973-09-27	1	85	1199
212	1997-11-02	-2	78	1360
277	2018-08-23	0	33	1910
208	1953-10-13	16	42	1325
252	2012-03-21	29	56	1543
290	2018-02-12	-12	8	290
261	1977-09-21	-3	96	59
209	1996-08-30	15	46	1162
230	1966-02-15	12	36	5
242	1960-11-02	24	59	29
209	1946-09-10	-11	18	600
294	1982-12-27	8	72	740
251	1951-09-09	0	47	267
211	1975-11-19	35	49	798
211	1991-07-20	30	49	448
214	1983-01-05	28	90	1995
255	2002-03-03	17	79	1648
262	1986-08-23	41	22	145
205	2006-04-16	28	55	1432
266	1950-03-28	4	88	701
256	2015-09-11	-10	6	1106
286	1959-05-25	34	8	340
231	2005-05-10	9	65	1594
222	2010-02-22	-10	44	564
270	1957-07-30	38	79	1890
276	2016-10-20	3	49	1602
205	1998-11-13	11	10	266
230	2011-01-23	34	90	1533
280	1946-04-09	36	88	763
202	1952-07-27	16	41	1809
238	2016-01-31	35	5	497
212	2017-03-31	6	59	1798
206	2008-11-08	13	4	317
285	1940-10-23	31	33	1505
247	1954-08-25	41	7	1857
203	1963-09-26	12	54	1280
257	2002-10-14	-10	13	1776
291	1940-07-11	41	48	617
263	1952-11-10	-5	20	170
279	1970-12-13	-2	18	762
247	2013-10-13	7	53	732
205	1952-01-14	7	61	92
282	1986-12-10	36	30	774
258	1952-08-14	23	29	1334
282	1996-03-25	12	75	477
264	1986-06-27	15	19	799
278	1959-01-29	6	86	1166
262	1949-10-20	24	55	786
287	2008-01-02	-3	58	677
284	2015-12-31	-9	72	106
297	2001-10-13	0	61	890
285	1991-05-02	4	1	1906
204	1957-06-13	42	23	1128
267	1965-10-27	37	30	1024
241	1969-11-09	40	39	1176
224	1974-01-18	-2	28	1006
293	1958-04-10	36	40	1932
254	1980-12-16	13	25	1883
233	1962-03-12	17	34	141
283	2000-02-24	25	14	867
204	1994-08-04	-1	74	1027
297	1978-10-11	26	49	1471
218	1973-04-05	19	61	723
289	2008-08-15	-6	32	1655
237	1979-08-09	1	96	164
254	1974-11-08	-2	3	205
226	2009-06-24	42	15	889
207	2006-12-21	26	22	1600
217	1947-11-10	-11	43	1789
246	1949-07-08	-4	73	1294
282	1950-12-31	-10	32	740
234	1955-09-25	32	7	1645
222	2014-03-02	13	2	344
