203	1965-08-20	-13	91	1745
255	1959-03-31	19	13	1017
276	2005-11-25	41	63	24
233	1979-06-15	-10	18	889
273	1978-11-13	-13	48	1390
230	1965-09-28	41	0	147
247	1951-10-19	18	11	108
270	1942-08-25	33	57	909
206	2007-08-29	35	9	1410
234	1984-09-29	42	13	703
249	1974-10-13	1	22	282
238	2012-10-26	3	16	935
276	2011-01-16	-13	43	1201
205	1970-11-16	29	42	1397
291	1996-01-14	8	45	1550
262	1985-09-21	26	70	39
240	1993-05-31	-11	8	902
201	1941-01-24	17	69	1200
249	2010-10-29	-12	25	701
243	2004-10-30	25	31	660
268	1984-09-06	23	28	1638
261	1958-04-24	33	7	126
288	2020-06-02	7	38	671
242	1959-01-24	7	1	620
270	2003-02-26	36	41	1652
260	1992-12-30	-13	5	1204
274	1969-06-28	37	8	568
218	2015-10-30	23	16	452
222	2004-01-08	38	79	1972
259	1974-09-29	41	38	738
218	1998-07-22	17	88	1594
270	1993-02-18	12	49	1862
250	1978-01-24	16	72	1630
259	2007-06-23	13	59	406
256	1940-11-21	35	67	1303
292	1997-03-11	10	47	227
294	2011-04-10	-3	83	1259
201	1945-06-02	35	71	399
208	2002-08-15	36	14	1248
281	1983-12-03	13	88	271
237	2000-07-12	5	43	680
219	1951-06-04	39	95	92
201	1989-07-05	41	42	104
274	1977-12-01	42	90	1042
220	1986-05-25	13	80	1424
235	1975-07-26	9	46	1742
260	1956-01-02	26	47	794
234	1941-02-28	-4	36	363
225	1946-03-26	42	24	1006
282	1975-11-15	34	77	619
201	1984-04-03	29	19	968
211	2017-12-04	34	77	297
208	1951-05-11	35	29	1198
296	1966-04-20	-1	75	942
225	1952-12-21	19	1	958
289	1943-04-25	11	47	1915
268	1993-12-28	17	41	258
226	1942-12-06	2	59	1714
222	1952-01-08	6	59	969
214	2006-10-31	24	22	1012
286	1968-02-06	-1	92	1392
276	2004-07-04	-6	1	1178
245	1990-07-08	20	2	596
209	1993-09-16	16	74	1136
282	1965-04-17	6	76	1938
224	2008-03-29	-12	72	1932
282	1999-02-21	42	60	494
233	2013-12-18	-5	46	421
207	1986-03-21	37	50	162
287	1974-07-09	36	6	48
296	1973-01-27	40	28	1640
272	2000-04-03	3	9	90
239	2012-12-08	-1	80	1836
223	1966-10-12	15	76	869
286	1949-05-12	40	7	202
230	2012-02-09	4	86	1081
234	2016-08-24	8	68	1395
262	2020-06-05	9	82	375
300	1968-12-16	21	77	842
283	2018-02-01	6	82	1796
248	1969-03-29	-6	61	914
244	2003-03-31	1	4	1755
208	1984-08-08	27	70	1391
218	1961-02-04	-2	18	498
219	1970-02-11	29	34	1648
275	2009-05-01	13	73	1090
293	1979-10-12	-12	88	1478
267	2007-07-06	28	43	426
261	1988-02-10	4	100	610
222	1989-05-06	21	91	1376
254	1957-08-28	-3	31	231
250	1986-12-24	28	42	1977
244	1977-03-21	8	59	1174
251	1945-12-29	26	67	73
294	1954-11-06	36	37	766
228	2019-02-15	39	41	922
220	1940-12-08	26	29	242
264	1967-06-22	42	4	1542
291	2020-04-19	-2	15	1074
210	1946-04-21	-3	27	1119
267	1963-05-03	-12	87	444
290	2015-05-24	19	92	571
294	1944-06-20	25	77	1916
286	1955-06-06	35	54	848
207	1978-04-27	42	78	1685
213	2012-04-15	23	68	994
217	1990-10-30	40	74	1944
253	1953-12-15	29	43	33
240	1950-05-27	27	42	1887
228	1990-07-13	42	27	380
252	1941-03-20	-15	68	201
274	1950-10-12	41	28	708
247	2004-12-02	2	0	861
221	1983-08-12	31	9	1054
290	1940-11-28	0	63	783
245	1966-06-06	27	15	611
234	2007-03-18	26	96	440
201	1980-02-27	17	32	1869
204	1950-04-05	28	51	412
219	2018-09-03	22	35	959
239	2016-04-20	-14	90	351
206	1945-08-09	29	64	1761
201	1997-06-04	6	62	1190
233	1960-08-05	-13	57	726
215	1978-07-06	7	59	17
224	1989-11-25	-6	90	818
234	1958-04-14	8	54	19
233	1954-08-06	-2	56	29
250	1953-07-20	32	8	1243
213	1965-04-19	-15	38	331
236	1978-11-01	21	3	1498
294	1976-11-07	13	87	1998
206	1996-11-13	-11	10	1027
214	1963-02-02	-2	35	632
281	1976-07-31	-6	88	1727
213	1976-08-24	12	86	1249
245	1998-03-15	4	21	567
238	2005-02-19	-14	7	1414
211	1953-10-22	-3	8	1775
283	1960-07-08	-1	17	1319
243	1955-05-09	8	42	934
225	1976-06-17	-14	4	207
239	1955-04-07	16	86	457
264	1970-02-05	25	10	245
264	1987-11-05	-9	74	1409
275	1967-09-06	41	97	1596
222	2005-08-14	-15	99	1759
233	1967-07-04	30	5	1077
235	1952-08-22	8	65	547
245	1943-04-23	16	29	1325
241	1966-08-14	-9	61	1249
261	1983-12-03	-7	43	1914
230	1982-07-22	22	19	1602
217	2008-03-16	23	39	1563
205	1993-02-23	10	95	447
255	2008-10-27	15	48	609
262	1977-08-02	14	16	1533
214	1990-05-09	-7	3	1879
215	1981-12-13	13	59	1696
258	2000-02-03	-8	69	1272
237	1958-10-07	10	20	1064
250	1974-02-06	-3	64	801
282	2003-06-03	5	35	245
288	1954-12-20	14	85	17
294	2004-10-23	38	31	1421
232	1983-05-20	34	84	739
211	2007-04-30	-10	17	23
289	1999-06-19	6	25	1958
258	2004-04-20	1	11	1796
248	1956-05-08	32	44	48
235	1940-11-06	26	79	1672
263	1969-10-19	35	65	1911
229	1993-03-23	21	54	1632
272	2015-06-05	-1	30	141
230	1957-11-25	31	29	1703
201	2018-06-25	17	22	1231
256	1965-08-12	17	99	1419
247	2014-01-07	30	0	757
208	1971-12-25	19	32	966
237	1949-01-05	-11	100	301
271	1943-01-08	-1	22	1487
224	1971-08-03	16	79	455
297	1955-12-16	30	86	1898
300	1952-06-25	37	65	766
293	1986-09-10	13	77	1652
218	1981-01-06	20	41	1649
233	1992-10-07	17	84	1863
219	1981-07-19	12	7	656
275	1955-12-07	28	92	928
244	1985-05-10	12	93	775
275	2009-09-14	30	69	715
275	1949-01-28	2	27	1396
244	2011-02-28	37	32	1157
275	1991-12-02	-14	36	1407
259	1950-04-15	-12	52	1913
252	1975-01-20	-9	48	251
230	1984-07-18	-10	57	1672
254	2007-03-16	16	4	1438
275	1951-07-18	18	63	770
236	1994-05-01	39	67	1253
217	1964-08-04	24	85	975
256	2010-09-24	5	60	1927
240	1942-09-19	21	53	1441
293	2019-08-17	-5	68	1201
216	1992-09-12	0	6	145
230	1998-05-27	7	61	1994
208	1968-04-11	37	72	1085
278	1949-11-01	23	70	733
220	1984-11-06	16	25	241
297	1985-07-25	32	30	1064
238	1966-10-26	16	30	497
294	1976-10-01	7	73	1245
203	2015-06-19	13	63	1053
210	2009-12-19	16	22	1929
282	1965-01-25	0	16	1298
226	2006-11-25	23	69	1148
285	2008-05-28	10	21	1770
271	1986-10-29	17	81	775
224	1965-04-23	26	5	1526
278	2010-04-19	26	25	850
218	1987-01-04	33	67	761
210	1973-01-10	33	25	1389
203	2004-11-14	17	47	264
279	1971-10-05	27	59	1957
233	2014-02-07	-3	0	794
265	1971-02-16	-11	85	1885
262	2013-08-15	2	52	1220
212	2001-09-22	-1	55	723
283	1967-04-13	10	2	1618
281	1962-07-03	30	74	1432
255	1994-05-08	-10	94	48
240	1984-04-06	-15	17	778
284	1993-10-20	33	27	352
289	1992-12-06	-15	7	668
203	1947-03-08	21	9	1475
241	1991-05-06	-8	40	1595
211	2014-11-02	24	30	1414
241	1990-08-31	-6	4	789
248	1969-08-31	21	94	427
258	1950-08-13	-7	44	1513
226	2012-05-02	-4	42	678
279	1999-07-14	12	34	487
260	1956-11-29	-11	23	950
299	1977-08-17	15	47	505
220	1962-10-08	42	7	564
295	1983-05-19	-9	63	180
279	1972-08-05	-12	51	348
267	1955-05-21	22	30	523
227	2012-02-19	33	75	1224
214	1969-03-12	8	100	1737
284	1957-01-21	10	75	254
278	1954-09-17	-3	39	589
224	1961-11-24	3	97	1892
266	1986-01-10	30	63	503
