278	2002-01-12	9	32	1850
278	1982-06-10	-9	47	1134
275	1955-07-23	31	39	1285
294	2003-06-01	7	41	1311
273	1968-01-31	-3	8	382
201	1957-06-01	2	69	1789
268	2005-06-18	14	95	1949
239	1990-04-11	2	7	764
212	1945-07-21	15	4	1061
212	1940-04-25	22	88	1248
210	1975-02-25	15	43	426
241	2014-08-08	-9	10	1429
214	2011-01-18	12	69	297
277	1994-05-25	23	43	1480
275	2004-03-26	-13	19	1192
264	2012-12-18	-7	74	15
291	1985-05-22	-5	43	1240
276	1956-01-23	-3	99	1468
249	2005-11-26	10	77	200
269	1942-11-21	8	17	1260
295	2002-08-28	29	73	1114
237	1961-02-10	24	86	857
293	1945-11-30	27	79	913
280	1942-09-29	-7	95	704
203	1991-07-24	3	19	1430
209	1988-08-15	-15	33	19
218	1990-08-08	-14	65	420
300	2009-07-17	28	43	429
232	1984-07-15	37	54	1220
288	1946-07-12	32	92	1561
271	2017-09-09	5	75	11
299	1969-05-22	25	92	669
218	1974-05-15	-4	91	542
210	2000-11-21	0	12	333
295	1947-06-28	38	43	1923
281	1998-02-17	14	17	361
217	1999-04-17	38	49	1016
206	1982-10-10	-2	5	1438
225	2004-08-20	-11	38	509
300	1995-07-08	-6	33	1171
259	1983-09-07	11	100	52
261	1963-05-14	8	33	1157
267	1974-03-25	32	28	195
236	2016-07-03	38	45	1778
220	2006-11-24	33	65	1581
282	1944-07-15	40	75	1186
236	1989-03-19	-4	16	1522
226	1960-09-12	14	29	1372
284	2012-05-20	-1	71	1646
278	1996-11-20	24	81	786
221	1946-03-31	32	21	1994
267	1995-04-08	15	0	616
277	1944-08-27	-12	64	231
291	1946-11-09	31	68	1170
245	1977-12-08	-6	68	23
269	1958-09-02	-10	85	491
270	1941-06-01	9	66	271
245	1941-04-03	-1	12	1743
201	1959-11-07	2	94	1192
239	2001-06-10	6	71	1623
225	1989-04-09	23	69	49
281	2003-04-21	28	4	869
211	1951-06-25	4	64	800
209	1940-08-06	-6	8	153
232	1973-02-28	0	68	692
257	1951-09-04	18	65	1270
272	1962-03-07	16	89	1816
298	2010-03-05	16	31	1300
271	1955-04-01	24	46	1684
247	2014-06-03	32	37	998
236	1940-05-15	-6	99	1543
253	2002-09-17	13	33	37
284	1944-01-11	-9	57	60
282	1984-07-01	-9	27	323
251	1962-05-04	35	89	1060
221	1962-01-31	5	35	1942
260	1987-02-24	15	97	490
244	1971-09-27	31	84	824
251	1957-12-13	3	90	1913
217	1987-12-05	1	73	942
221	1978-07-05	24	47	1960
232	1986-12-10	23	81	804
244	1988-08-02	-8	30	562
269	2019-12-07	25	14	301
267	1951-12-09	12	24	1631
275	1990-08-14	-6	70	1002
279	1958-11-19	22	73	134
218	1964-02-26	6	9	1236
244	1974-09-04	17	17	1918
236	2018-03-11	-3	55	1030
230	2014-01-06	22	65	38
242	2016-06-24	-11	54	743
254	1962-10-19	19	85	463
206	2009-11-18	20	84	1913
276	1952-04-26	10	75	1578
278	1943-05-18	-1	14	564
243	2017-06-19	-1	40	1403
207	1946-01-11	-9	71	1607
212	1949-07-14	-5	30	190
254	2009-07-10	-7	75	1619
273	2009-07-19	36	39	1016
275	1954-09-21	27	28	1318
234	2011-09-11	13	9	470
266	1979-02-21	4	80	1852
233	2003-06-23	5	77	470
274	1993-11-29	2	25	1608
258	2009-12-18	7	74	474
277	2010-05-10	24	79	821
239	1969-02-04	22	65	1981
213	1968-08-21	-11	33	713
224	1989-04-13	30	37	1887
206	1944-01-24	-3	77	100
288	1980-08-11	-4	35	1873
223	1999-10-14	4	67	1368
255	1967-06-16	39	81	1180
299	1998-10-07	14	34	1810
259	1987-03-09	30	73	84
226	1955-08-31	-5	19	1445
239	1955-05-09	37	50	1886
270	1942-12-21	40	17	1437
241	2019-07-31	19	22	1505
262	1962-02-15	39	69	1630
254	1963-01-01	-14	0	1346
209	1987-03-26	32	86	596
203	2013-09-10	-14	92	1569
297	2008-08-10	-7	64	1526
235	1999-10-16	19	82	753
299	2015-12-01	31	52	1595
242	1964-06-04	29	25	1010
237	1958-08-12	6	36	1884
295	1988-11-02	40	35	868
210	1947-01-15	25	55	325
234	2012-07-19	-1	29	1147
249	2009-11-28	29	4	1206
259	1951-02-28	-14	35	919
295	2012-06-03	21	56	1323
268	1976-04-08	5	13	1413
232	1980-06-17	22	45	664
205	1966-09-25	38	43	608
256	2000-07-11	37	73	1709
232	2010-07-29	20	43	462
201	1985-05-08	29	3	611
245	2017-11-29	28	22	1511
202	1973-08-27	-3	76	825
277	1952-03-21	38	29	855
290	2005-04-14	-3	28	1571
272	2001-02-14	-3	26	1136
265	1962-07-04	-15	95	1591
281	2012-08-18	13	70	1038
268	2014-01-25	5	14	1617
214	1947-10-10	30	86	1092
290	1996-11-03	23	70	1771
287	1940-08-01	8	29	444
207	2016-12-24	12	63	593
214	1997-02-09	9	5	45
205	2013-09-08	6	11	31
223	1998-09-01	9	6	1443
281	1979-03-18	-3	94	828
208	1988-08-29	-12	58	900
296	1944-01-02	14	63	1389
285	1963-04-13	25	1	1415
265	2002-04-14	0	55	1669
298	1985-08-23	8	85	327
215	1977-12-22	-3	29	605
286	2002-08-09	-13	86	769
259	1979-04-05	29	50	1376
251	2007-03-25	22	52	868
245	1960-08-02	30	95	849
249	1982-09-18	5	4	1859
271	1966-06-21	11	94	777
297	1963-08-15	9	51	423
226	1981-04-07	29	67	1601
255	1990-10-14	4	37	283
280	2014-12-26	33	7	1984
232	1968-03-07	-15	5	127
202	2000-11-13	14	62	1873
266	1988-08-15	-2	60	1263
293	1987-05-08	-13	98	842
244	2000-11-12	-1	74	1055
258	2008-08-05	17	53	581
232	1958-02-22	5	45	161
276	1979-06-24	20	81	1935
279	1979-11-22	22	28	811
287	1989-11-16	17	21	738
207	2008-05-23	4	73	166
230	1951-04-01	0	65	1903
205	1997-09-22	23	0	1320
