282	1985-05-18	-9	64	422
287	1998-05-01	-15	39	9
206	2001-11-29	37	64	264
216	1956-03-05	3	9	35
248	2000-10-06	-3	0	171
287	1942-01-20	7	29	410
213	1980-09-19	-1	74	1817
293	1983-11-20	3	41	1104
264	1993-02-18	0	2	1665
276	1965-05-14	-9	58	1523
291	2015-02-06	12	30	451
202	2006-11-23	1	10	1080
262	2016-12-21	23	94	1724
249	1977-12-10	-2	50	1639
297	1957-02-18	-8	54	315
236	1986-01-29	19	58	957
222	1952-05-03	24	16	496
300	1966-07-01	37	67	1590
233	1970-09-19	-13	40	976
242	1999-06-12	13	80	1790
289	1970-08-15	-12	61	586
205	1986-07-23	-15	54	892
291	2006-09-03	16	2	326
276	1973-03-23	-7	21	1016
253	2014-01-18	-1	47	546
278	1954-03-17	19	17	811
220	1948-02-05	-9	78	688
236	1941-11-17	-8	16	1798
237	1984-04-11	2	73	1299
236	2008-03-29	-7	17	312
224	1991-04-30	-15	13	825
215	1964-10-03	17	26	1302
202	1947-09-01	30	5	1792
238	1977-09-17	33	80	422
286	1980-07-02	-8	87	730
242	2009-12-30	-14	5	1603
259	1960-08-17	27	85	908
259	1971-03-12	20	20	612
252	1994-03-10	36	81	1759
223	1951-12-15	-15	48	695
242	1944-04-11	4	58	256
266	1958-02-06	2	22	1606
267	2016-07-03	40	93	1394
245	1944-01-05	7	93	1163
291	1964-10-17	-1	40	352
210	1997-10-13	5	40	1841
293	1958-07-30	27	16	929
213	1959-11-10	-10	43	531
230	1956-12-04	-8	13	838
255	1968-12-01	0	60	200
266	1965-01-06	5	11	362
215	1995-01-01	16	6	1996
229	1953-11-10	-2	76	1611
210	1969-04-22	25	95	1719
265	1972-10-10	41	65	1907
210	1969-08-02	26	68	7
230	1993-02-16	26	30	846
256	2000-07-03	-15	10	898
274	1948-06-24	0	46	615
252	1972-06-22	1	65	763
269	1942-05-10	20	95	1862
211	2003-04-01	8	64	195
226	1986-10-19	5	67	40
221	2011-02-03	35	22	544
211	2019-08-14	25	95	255
217	2008-04-12	23	70	228
277	1995-09-22	19	44	678
237	2004-08-23	9	0	485
256	2018-09-21	5	92	1132
264	1989-12-28	-9	100	1071
218	1997-06-15	20	74	1034
255	1958-04-04	3	35	1462
285	2019-07-08	-11	27	811
278	1989-04-23	5	22	503
281	1994-10-10	29	55	1911
224	1953-08-21	16	8	646
228	1953-03-18	40	56	191
244	1967-11-18	32	83	381
201	1994-01-01	1	5	148
244	1943-03-26	23	97	462
253	1993-02-18	-10	13	1708
213	1968-06-23	12	33	818
235	2011-07-25	1	46	1981
212	1954-03-10	28	8	1551
238	1958-11-09	1	8	1834
254	1998-04-03	26	77	1910
271	1972-08-07	-4	26	477
221	1992-09-12	-12	72	758
227	2009-02-07	6	22	107
280	1995-11-07	39	34	792
241	2000-05-11	41	72	348
297	1965-05-21	-6	53	955
201	1964-02-17	25	3	687
218	1973-03-10	-14	63	521
232	1941-10-06	42	10	589
214	2003-04-26	25	18	1273
217	2001-01-08	16	64	1405
272	1941-12-23	5	20	1891
269	1980-08-14	36	79	44
220	2017-03-09	9	74	975
224	1995-05-06	3	57	1538
239	2006-03-15	-2	65	1553
258	1952-09-02	3	100	542
297	1957-06-11	23	10	590
229	1945-05-21	42	16	726
294	1976-04-26	-8	59	1939
231	2011-04-24	22	1	1812
269	2015-01-02	33	89	1442
272	1990-08-18	24	62	1175
300	1985-05-12	-5	30	1692
263	1951-05-17	23	80	1282
206	1999-01-15	19	15	200
257	2000-05-21	-2	37	1248
227	2005-03-15	42	4	1026
263	1972-04-02	36	45	120
283	1999-11-07	7	84	808
242	1945-03-18	40	10	784
277	2004-10-15	35	16	130
269	2001-05-19	-11	69	1375
230	1943-04-26	14	21	1759
297	1943-06-26	39	44	1333
230	1984-08-31	42	85	1933
258	1959-08-20	13	76	658
238	2002-03-12	-9	47	510
260	2009-03-21	28	53	1495
233	2015-08-15	-10	54	611
220	1984-02-20	17	9	949
229	1955-11-02	8	22	380
209	1943-12-23	24	63	1659
271	1974-11-13	23	55	569
223	1981-01-15	30	93	64
277	1941-07-25	29	63	1841
272	2009-08-22	-1	81	1021
292	1987-10-20	-1	3	1247
265	2001-01-30	3	51	586
213	2019-04-01	13	12	1873
281	1973-01-21	32	21	1944
270	1966-10-22	-14	81	1033
299	1960-11-04	-15	36	802
236	1997-12-02	4	71	867
248	1942-09-29	11	98	1643
255	1985-05-13	9	47	211
218	1940-08-16	-6	70	1599
206	1998-10-30	-9	24	737
263	1984-04-29	41	40	1058
229	1994-08-03	-8	6	1887
225	1979-12-30	-6	44	606
234	1963-09-15	-13	60	853
233	1984-02-26	24	17	394
261	2017-10-07	-14	71	1843
267	1962-06-24	14	53	907
211	1965-08-16	-15	29	504
208	2019-02-12	1	15	1119
232	1997-10-18	-8	54	639
