217	2010-07-01	25	23	1835
278	1951-03-16	-14	22	756
235	1984-12-01	6	20	348
254	1993-05-25	20	94	139
249	1944-03-02	-14	42	20
294	2020-05-14	21	9	1782
228	1979-06-12	25	45	1602
267	1975-03-03	-7	98	323
221	1994-06-16	15	58	646
214	1981-03-18	-10	70	1807
258	2013-09-28	15	66	1573
261	1944-05-09	5	11	1579
202	2009-01-31	42	71	1496
291	1980-06-08	5	45	1148
274	1984-09-06	15	37	1355
203	1987-08-04	-3	76	1578
240	1989-01-13	36	65	1155
221	1944-07-09	28	49	489
261	1976-03-08	-8	45	987
249	1959-01-24	19	23	1386
275	1979-06-12	40	39	1689
291	2014-05-23	-11	43	546
211	1959-11-20	28	94	515
217	1986-05-02	42	7	1230
282	2008-08-02	31	96	1277
206	2003-01-06	-6	51	808
281	1981-01-29	-5	10	1997
256	1960-07-19	11	73	1846
285	1953-04-03	24	3	615
230	2011-07-26	-15	90	2000
207	1988-08-30	32	55	1290
275	1984-04-18	-2	68	1207
205	1954-11-19	6	87	266
248	1960-07-28	1	36	1085
236	1982-12-17	-8	50	59
262	2006-05-19	-12	4	126
221	1972-09-20	25	30	1377
274	1940-05-18	6	48	922
220	1993-08-30	4	29	1847
269	1944-03-12	36	67	834
222	2012-07-12	37	62	1298
223	2018-02-01	4	17	473
235	2014-08-09	3	49	1752
212	2007-09-24	10	70	1704
234	1997-09-25	26	94	573
205	2018-12-19	41	93	694
288	1967-10-31	35	99	1799
242	1947-10-22	27	52	1591
228	2001-12-31	-3	84	1253
300	1981-02-25	35	16	267
292	1974-05-06	21	77	941
273	1944-07-04	-1	15	615
246	1997-04-15	22	97	1323
252	2012-10-28	16	9	1068
294	1981-05-03	28	89	1282
201	1980-06-20	15	55	1489
236	1975-11-16	-3	12	523
247	1967-02-08	-5	35	377
297	1940-12-19	10	56	1423
282	1996-05-13	22	100	1975
235	1966-11-17	42	100	1418
239	1981-08-25	36	8	1633
215	1969-05-31	42	27	1815
289	1962-12-23	20	16	1642
235	1962-09-16	24	65	1945
202	1993-11-17	-7	23	1863
262	1949-11-27	4	84	706
206	1965-05-27	-7	42	1550
236	1974-05-25	35	85	924
272	1971-05-20	3	71	1455
205	1968-02-12	10	54	28
245	1964-05-03	7	26	1727
225	1972-01-04	-13	70	1485
228	2012-09-22	5	53	1472
261	1945-01-12	0	52	1836
289	1943-12-11	-4	57	660
214	2002-11-28	38	64	12
266	1979-06-09	22	32	178
278	1974-06-13	36	94	1965
288	1995-04-20	29	3	148
234	1995-03-22	-10	1	1362
243	1956-05-15	-5	50	469
273	1993-04-28	27	15	475
285	1960-09-20	19	72	1774
246	2005-10-18	9	98	1339
242	1969-03-04	14	61	1402
219	1992-12-28	28	92	1199
254	1982-03-09	41	64	1667
249	2006-11-03	29	34	618
269	1979-08-27	-5	5	674
265	2008-11-16	-11	28	1394
290	1973-09-18	-9	12	863
272	1986-04-12	-13	55	851
232	1940-09-28	-8	27	720
247	1999-03-02	0	56	814
255	1963-02-10	41	97	1149
238	1975-04-10	26	82	1192
231	1974-02-11	-6	81	1554
215	2008-01-06	9	30	919
202	1946-07-12	31	87	673
205	1969-11-20	14	68	1512
292	1989-10-12	1	27	755
248	2011-04-24	5	67	1894
214	1989-10-20	18	20	1004
256	1999-03-10	5	73	1263
217	1952-01-09	19	27	1449
282	1974-06-30	-7	26	1387
270	2004-04-11	-12	86	671
242	2011-06-26	14	96	242
216	2017-07-03	7	91	1099
235	1941-03-28	25	28	819
247	1982-08-16	2	86	201
230	1969-01-27	32	66	619
248	1991-04-10	4	3	617
289	2001-09-04	6	51	1437
260	1999-12-30	3	7	1699
211	1976-02-22	28	11	1073
237	1979-02-03	-14	81	253
250	2001-07-08	-10	83	1844
285	1952-05-25	-9	88	309
256	1980-12-23	27	79	259
266	1983-12-05	3	38	1134
294	2009-08-18	31	63	19
263	1996-11-10	9	72	501
261	2008-04-03	23	41	1504
298	1989-07-02	-13	55	1060
278	2019-08-18	-3	58	1520
289	1951-05-11	9	93	463
284	1952-01-03	16	69	549
246	1964-03-03	39	31	1171
216	2014-01-02	28	19	796
227	2010-07-06	8	46	1087
269	1972-01-22	-15	85	450
231	1979-03-17	20	59	1868
283	2016-04-29	26	57	154
296	2003-06-12	39	14	108
285	1952-07-18	29	73	285
208	1969-06-02	9	89	1317
229	1941-05-04	-11	71	1961
283	2002-03-16	-14	63	711
234	1976-08-18	32	84	119
222	1997-06-02	8	84	1060
290	1988-09-06	40	51	1521
245	1964-01-12	23	39	92
274	1985-05-02	16	32	933
219	2008-12-22	-2	19	854
294	1944-09-19	-13	32	751
295	1952-11-17	14	88	1094
233	1960-09-15	-13	2	726
228	1945-03-02	24	99	435
211	1982-01-05	-2	55	1390
224	1977-01-29	1	60	1361
298	1974-02-21	40	87	1797
204	2005-02-11	-7	38	535
218	1995-06-03	29	5	177
271	1943-04-13	23	73	1982
247	1998-01-10	11	72	295
266	1979-10-28	-9	5	178
208	1986-10-27	-1	57	426
238	1973-12-25	29	71	735
208	2011-04-19	32	10	1439
297	2002-12-20	5	73	1189
300	2012-11-20	30	63	441
216	2019-12-01	0	18	1797
279	1997-09-17	-8	14	535
248	1976-07-11	40	54	25
270	1957-09-24	-10	87	571
226	2000-03-16	5	7	1403
261	2004-03-05	-1	45	1736
276	2001-04-08	-13	67	404
246	1954-12-31	-9	16	1394
285	1966-09-01	-5	66	249
238	1962-05-16	18	27	894
278	1988-04-19	32	48	410
208	1986-04-13	22	91	975
264	1950-11-02	-13	52	1138
211	1940-09-20	37	8	1767
292	1988-10-23	-4	74	48
286	1941-08-18	-2	82	1461
238	1979-10-17	34	42	1459
208	1999-08-19	39	13	345
249	1989-11-06	25	68	879
240	1947-07-01	28	88	1750
219	2015-09-27	-10	43	125
218	2014-07-19	30	87	1827
289	1952-02-11	-8	74	1349
282	1995-09-09	9	0	673
286	2020-06-11	17	39	780
219	1976-01-04	20	12	1215
223	1992-02-21	31	15	128
221	1979-01-29	-12	77	1516
292	2003-05-16	22	13	646
276	2012-04-24	23	9	397
258	2019-03-06	10	88	104
285	1996-05-13	2	88	248
268	2001-06-08	31	58	1138
252	2004-03-15	36	46	1087
239	1985-08-18	-9	45	961
291	1952-08-07	33	53	897
202	2001-03-17	2	80	1551
241	1986-01-27	3	12	1928
224	1977-10-19	5	19	1124
231	1994-08-07	-1	93	1377
227	1969-09-28	20	3	181
278	1999-12-12	39	86	1181
203	1981-10-19	2	66	1341
