283	1994-05-16	15	39	334
256	1942-04-09	34	59	1911
288	2020-05-08	6	78	19
221	1978-09-14	18	3	1482
218	1982-01-01	39	79	1017
263	2017-10-17	34	30	1042
223	2019-12-04	40	47	924
290	2013-09-26	41	45	1965
300	1964-02-22	-3	35	1863
222	1962-04-21	25	45	711
218	2020-08-21	6	44	455
205	1982-03-31	38	50	1295
252	1951-03-04	-9	65	28
264	1942-01-04	18	21	412
247	1949-07-18	26	37	1256
287	1964-04-29	23	46	572
278	1997-05-17	-5	3	127
235	1953-07-19	8	64	930
231	1961-08-07	13	86	1605
278	1977-07-11	2	27	1935
257	1953-07-23	-9	61	557
209	1990-02-19	30	72	908
267	1995-03-10	-9	4	545
286	1986-01-06	-15	10	85
290	1950-06-03	28	25	392
266	2016-02-26	-2	18	1983
276	2016-05-18	31	52	897
213	2019-05-31	12	49	131
252	1989-08-23	41	30	1819
243	2008-02-10	9	43	1253
239	1967-12-05	32	78	192
261	1986-09-07	20	42	363
246	1956-03-27	25	24	1568
265	1975-12-03	-15	60	1399
256	1972-02-15	22	40	1388
284	1991-02-26	-8	17	1633
243	1991-02-27	-4	12	1392
211	1988-04-13	5	11	1187
298	2014-08-01	42	8	1603
280	1972-12-04	-12	44	1029
227	1942-08-15	40	37	702
228	1985-01-08	-5	72	966
253	1963-03-28	33	46	855
255	1960-04-05	0	89	90
216	1994-12-20	29	63	40
255	1961-05-29	19	34	1230
270	2013-03-18	-15	100	850
258	1986-04-12	11	54	24
268	1962-02-26	29	12	1517
266	1954-05-05	22	75	1918
291	1958-10-11	5	18	286
269	1982-05-31	38	92	174
273	1944-01-17	18	38	1837
278	1987-06-04	28	65	1849
283	2008-03-01	21	9	622
210	1955-09-05	5	80	1487
227	2003-06-20	5	71	670
286	1964-10-07	13	100	1867
289	1975-10-13	-13	85	195
296	2006-02-02	23	51	867
279	1949-10-18	37	40	938
214	1978-02-21	29	82	1203
220	1952-11-27	24	64	463
294	1974-04-11	22	86	360
280	1996-01-15	22	71	1937
205	1979-10-04	38	60	362
201	1996-11-25	16	4	216
249	1955-04-23	25	42	979
262	2008-02-22	10	53	1104
246	2009-05-18	42	22	27
284	1988-04-05	16	33	492
265	1974-08-17	37	84	693
208	1979-06-27	30	95	1136
218	1965-02-17	-6	40	976
297	1972-12-19	-11	71	150
251	2011-10-03	22	33	1100
203	1986-05-03	-12	22	88
266	1950-08-22	5	62	980
203	1972-06-03	2	35	1980
279	2016-05-07	-7	2	1057
298	1965-05-19	-4	51	1830
219	2014-11-29	-2	40	315
228	1994-05-20	15	62	1460
223	2007-04-10	4	42	1020
212	1991-06-21	17	15	1669
290	2020-09-08	13	7	1115
255	1980-05-23	35	80	922
270	1958-07-13	12	52	1707
251	1970-05-01	-13	77	1421
252	2016-06-12	20	32	1480
276	2010-05-13	12	15	477
285	1942-09-26	23	7	828
249	2002-10-12	31	83	1016
274	2013-12-10	-12	57	164
292	1947-05-13	21	15	65
223	1981-07-16	20	98	1725
288	2007-11-15	1	0	1927
205	2018-12-24	27	62	1564
247	1987-01-10	-5	42	1721
263	1977-07-16	-8	13	259
294	1985-12-12	11	97	1254
209	2002-10-31	6	100	979
290	1992-09-29	4	95	1385
242	1971-09-05	30	60	1854
285	1942-08-18	33	98	2
262	1990-06-02	8	40	527
248	1965-10-23	4	78	1195
263	2008-05-17	3	15	587
218	2013-11-04	15	29	108
269	1959-03-01	32	35	18
300	1957-10-26	36	4	1002
226	1960-05-27	17	2	603
248	1961-03-16	41	75	1913
203	1961-08-26	-13	82	1622
250	1968-04-23	42	83	567
288	1993-12-27	39	57	247
222	2010-06-23	38	77	37
248	1957-11-18	7	33	417
244	1943-04-19	0	16	952
244	1994-07-20	13	29	173
270	2013-01-04	2	96	1145
259	1972-09-20	21	42	952
234	2017-09-01	10	100	1892
271	2003-01-04	-4	21	1968
294	1943-03-31	-13	42	291
209	1962-10-15	-1	61	1623
226	1946-05-14	23	0	506
292	1979-05-28	30	20	765
219	1964-05-02	11	51	602
255	1994-08-31	0	97	922
218	1961-12-27	6	32	540
204	1960-04-23	8	94	601
208	1953-06-22	30	69	1602
257	2015-05-09	-4	36	1301
253	1950-03-13	37	42	1627
299	1997-07-29	-13	86	277
275	1959-08-24	1	19	797
259	1949-07-27	4	15	1689
290	1972-02-01	42	44	335
275	1998-07-25	32	39	1056
209	1952-09-08	21	93	492
294	1975-05-13	7	74	1310
257	2016-05-04	15	57	1488
281	1985-01-02	22	41	1527
273	1955-11-17	0	37	516
248	1996-09-29	25	98	724
300	1943-07-14	6	44	1106
259	1980-08-20	38	67	572
203	1987-10-14	31	57	572
258	1998-02-12	10	10	228
258	1989-09-03	6	93	699
276	1972-01-17	11	60	1094
204	1948-07-29	42	93	366
248	1996-10-22	-12	42	304
241	2017-02-14	-8	63	1312
268	1993-11-19	42	8	226
212	2020-03-06	-13	44	1178
270	2006-07-11	31	51	1413
299	1954-09-27	17	63	1829
248	1976-05-04	36	71	958
263	1968-09-09	7	82	708
252	2000-04-26	24	76	1743
216	1982-07-17	33	99	1115
237	1975-01-05	9	84	1614
212	1987-06-14	23	0	1191
