228	2018-06-13	19	94	1502
291	1944-03-08	36	81	1618
202	2015-06-05	2	62	495
246	1989-10-04	19	54	1917
294	1949-03-21	23	49	1395
242	1960-05-17	15	52	1449
243	2014-05-20	-14	22	1943
236	1986-07-30	42	37	613
252	1974-03-06	-5	5	699
245	1967-08-26	37	44	1843
210	2000-12-18	16	97	1801
289	1975-04-02	29	58	830
289	1966-01-21	1	24	502
287	1942-06-26	18	29	886
214	1969-11-18	37	9	1954
246	1949-07-10	36	98	1340
277	2015-03-11	-13	41	1611
252	1961-07-11	3	21	612
215	2007-08-01	-3	94	1948
223	1957-07-12	-4	35	1958
206	2011-10-28	39	73	178
297	2005-09-23	37	100	289
291	1942-10-06	41	51	1113
300	2003-08-20	-15	86	626
292	1989-12-14	11	49	395
212	2016-03-30	27	66	639
222	2003-03-26	2	12	152
238	1966-06-25	-3	97	1901
297	1983-08-23	37	72	888
255	1996-12-12	-6	20	540
213	2004-11-03	39	1	1229
250	1944-04-30	11	38	1781
298	1947-03-23	41	54	613
207	1943-11-10	-3	14	409
213	1979-07-15	21	43	48
253	1995-05-24	20	75	189
233	1944-07-01	7	85	323
227	2018-11-16	9	26	546
292	1980-12-06	5	95	701
267	1968-10-28	32	10	908
231	1962-02-04	1	41	1489
265	1999-12-19	40	46	192
243	2014-12-31	15	55	1940
211	1986-10-01	-9	40	904
288	2005-12-26	41	99	1248
210	1958-07-06	42	100	1414
291	1955-11-08	8	82	1547
273	1963-08-18	41	65	1076
235	1964-05-10	-6	94	911
295	1955-03-25	27	36	234
259	1978-10-10	17	45	917
201	1971-12-14	0	52	226
258	1942-04-17	11	92	1479
227	2009-06-10	8	81	1980
293	1945-11-15	28	75	1569
286	1991-02-15	-12	68	1349
267	1979-04-28	-12	22	258
257	2004-01-26	22	65	1204
259	1986-08-01	36	67	1640
229	1994-09-01	15	14	413
219	1957-05-28	35	71	1741
286	2020-06-25	32	11	421
299	2015-05-06	41	53	1551
283	1941-03-27	40	21	60
266	1974-03-13	3	3	1438
287	1945-11-30	-15	69	932
257	1959-08-31	-8	9	419
269	1969-08-12	-9	26	1789
279	1942-09-30	22	71	1335
290	1946-09-23	6	95	1622
233	1955-04-30	-3	30	1052
234	1983-07-18	12	50	1513
281	2017-06-08	42	40	1823
254	1989-02-08	-13	9	618
243	1996-01-01	37	21	1135
274	1978-08-02	18	85	836
258	1972-01-18	-7	81	672
280	1950-01-17	23	55	570
246	1977-02-16	12	68	1814
275	2004-01-17	35	2	1902
276	1994-02-07	38	29	548
290	2012-01-31	-8	43	149
293	1946-12-19	27	16	199
272	1966-05-26	0	72	1842
210	2011-02-04	41	47	1044
217	1975-02-15	27	84	1221
236	2019-12-07	19	7	58
251	2017-12-22	-12	19	1237
218	1965-04-07	41	48	1891
262	1984-11-25	31	86	1972
250	2004-10-31	-5	12	1001
281	1963-03-24	41	0	205
225	1989-07-05	22	79	775
251	1993-05-15	22	53	1400
212	2010-07-08	-10	96	1971
219	1968-04-22	34	83	1268
255	1952-06-24	38	10	1698
202	1978-08-26	36	15	323
276	1960-11-16	2	91	296
267	1956-04-07	-1	37	1303
284	1962-08-20	22	8	385
277	1951-11-18	39	71	591
220	1958-04-22	18	65	512
226	1943-07-24	18	59	1515
211	2015-06-25	41	72	212
218	1965-12-04	-5	64	1434
250	1976-06-26	20	31	519
264	1974-10-24	23	2	382
256	2016-01-01	26	9	443
252	1994-03-14	31	66	144
241	1980-10-07	17	28	975
263	2013-06-11	2	68	1033
231	1963-04-07	-12	94	1553
236	1949-04-23	1	16	1654
278	2009-08-19	2	96	1981
267	1950-06-03	3	18	411
300	1944-11-07	-15	51	690
257	1952-02-24	12	45	680
275	1983-02-28	28	78	3
234	1963-11-15	-11	42	77
293	1964-12-21	5	30	1529
236	1992-10-01	32	94	383
269	1989-03-05	-15	90	472
228	1998-01-08	-11	23	982
