208	2016-02-15	29	70	1740
250	1988-02-19	20	38	558
257	1940-10-26	8	46	698
226	1942-06-06	-15	87	871
211	1984-06-29	12	29	1211
251	1962-08-25	7	40	1009
280	1948-08-19	17	54	1353
249	1969-10-17	-1	19	986
273	1991-11-24	-6	100	197
273	1953-09-21	-9	61	1722
264	1956-01-13	-4	57	1087
202	2017-10-11	-9	54	503
209	1942-06-28	8	53	1277
212	1975-01-14	15	80	732
277	1986-05-25	21	2	1045
208	1948-01-20	-11	6	1212
263	1961-03-12	14	11	464
267	1940-12-25	35	49	981
217	1969-11-19	24	65	937
201	1947-01-31	14	21	83
237	1966-12-05	40	86	511
247	1964-08-04	42	25	414
261	1979-05-29	20	2	1912
262	1976-06-25	11	81	305
280	1973-05-30	25	89	408
252	2012-09-07	-12	30	51
284	2005-11-29	-6	12	1529
231	1949-02-26	10	77	1
250	1943-07-12	3	41	1814
261	1992-02-19	28	48	1090
215	2005-04-16	35	49	1257
229	2012-12-27	27	8	159
213	2020-05-09	17	71	1018
241	1950-11-10	-9	15	1120
264	1991-03-17	-9	58	1248
256	1953-03-26	26	38	1748
257	1976-11-24	-13	27	1194
210	1946-07-17	11	100	365
275	1945-03-29	29	23	45
242	1952-08-06	2	81	1376
276	1977-01-08	16	59	1186
237	1972-12-28	1	8	187
217	1962-07-16	13	14	1599
223	2009-12-04	-6	51	1603
228	1986-01-24	32	97	418
248	1976-12-18	12	17	247
208	2003-03-12	-5	1	512
232	1993-01-24	30	42	399
291	1973-06-29	-15	8	682
232	1976-08-11	33	25	1501
270	1946-01-07	25	16	188
256	1962-08-09	20	87	1396
204	1966-05-07	37	37	146
270	1988-08-28	31	28	959
241	1956-03-24	-13	99	416
225	1972-03-04	27	47	1405
259	1977-03-31	-9	77	1583
271	1993-11-02	42	7	1502
300	1963-08-08	19	66	1984
235	1956-08-25	36	85	1928
214	2004-02-14	22	6	591
243	2010-04-15	6	0	534
233	2018-06-24	31	75	1979
281	1955-04-08	-4	62	1635
283	1998-06-03	15	12	697
224	1992-03-27	1	64	1965
220	1989-12-18	37	17	685
205	1988-12-15	34	6	479
226	2000-01-14	20	88	1605
285	1950-11-24	23	96	1022
256	1965-05-27	8	41	1830
256	1951-03-04	25	0	759
258	1940-04-12	-15	9	1183
274	1976-11-16	-14	79	744
266	1959-10-01	11	31	1695
234	1991-02-17	-10	3	302
214	1966-05-24	23	77	1090
222	1974-03-05	-8	71	1052
235	2019-11-16	41	54	240
270	2018-11-22	5	35	1285
242	1956-11-20	-1	52	2000
248	1967-03-24	33	80	393
293	1984-07-31	14	34	334
279	1975-12-15	23	62	1725
208	1958-04-19	33	6	205
247	1950-03-23	-8	53	1728
218	2001-09-03	-10	67	1808
287	2018-05-23	22	30	1635
273	2017-02-10	40	19	167
249	1963-10-27	35	1	1312
292	2019-10-13	-2	91	1972
256	1952-04-12	-13	71	1622
283	1958-05-06	-6	8	446
257	1948-06-12	32	43	9
296	1975-02-15	6	34	964
205	1968-05-13	-6	34	876
259	2019-02-15	32	87	1499
291	1977-09-15	-1	69	1464
273	2017-12-18	2	85	906
289	1961-11-29	11	23	798
277	1976-06-24	-5	90	265
258	1968-05-13	41	13	1608
267	1946-02-17	-14	49	558
214	1985-12-06	9	39	883
224	2017-12-30	6	93	1074
208	2016-01-09	5	45	1807
214	1967-09-02	-3	30	1487
297	2004-05-14	-12	46	299
297	1944-11-25	-2	64	608
215	1969-08-17	36	47	1574
213	1977-03-16	-9	89	29
267	2009-02-02	25	72	40
249	1987-08-23	8	52	1814
271	1977-12-04	-7	46	147
233	1972-04-30	-8	50	1712
218	1960-05-16	0	12	910
266	2014-11-22	27	71	1430
294	2004-02-22	25	75	1016
240	2009-07-07	5	67	720
209	2003-01-20	42	61	894
235	1994-12-11	29	82	1182
270	1972-02-15	3	89	966
251	2010-04-24	5	88	594
226	1964-11-09	35	69	1881
219	1954-04-29	8	2	1271
205	1977-01-29	-9	86	1533
290	1946-10-13	-6	23	1982
281	1959-06-30	5	42	1639
272	1978-12-15	19	33	198
285	1979-08-25	25	36	295
245	2007-11-06	15	6	35
295	2008-04-21	34	48	1390
204	1961-02-08	16	28	607
276	1958-02-10	12	72	232
288	2015-05-18	4	26	367
242	1968-06-04	8	78	6
202	1996-09-02	38	41	1826
257	1961-12-31	24	24	924
213	1969-09-09	-6	93	1382
300	1963-03-20	22	19	687
246	1964-09-07	26	90	1926
253	2005-11-28	39	97	1456
211	2014-02-06	7	89	1700
278	1942-04-22	-15	76	1845
208	2019-03-08	-5	70	835
248	1946-01-18	9	67	116
233	1964-10-27	11	97	138
242	1981-11-22	40	8	1022
207	2007-04-18	-13	41	1867
222	1947-10-10	19	44	706
236	2017-03-16	15	80	1255
202	2005-04-15	41	72	1015
300	1968-07-07	21	100	544
290	1968-03-22	23	55	1664
208	2015-11-06	14	78	1086
204	2003-12-30	20	5	504
238	2001-08-17	35	35	1451
296	1967-03-10	29	45	694
226	1993-07-27	42	15	964
258	1996-04-03	28	72	576
230	2002-01-07	7	48	417
260	1992-07-20	7	4	542
235	1994-10-07	-9	66	783
262	2006-10-18	-8	11	420
263	1971-02-23	-14	99	1741
219	1981-07-02	-8	65	369
266	1961-06-02	32	40	379
211	1961-04-16	33	88	915
254	1986-02-02	3	16	639
269	1950-01-10	26	19	956
219	1972-07-28	-5	46	1596
299	2012-05-23	11	7	695
264	2012-01-25	-4	88	670
211	1984-02-19	-14	43	765
208	1966-07-10	31	19	687
212	1988-06-24	3	9	459
206	1969-06-22	17	74	1978
253	1993-09-05	32	69	1916
247	1959-06-08	24	51	1655
271	1945-01-27	12	64	1589
245	1940-11-08	17	6	1032
259	1968-12-25	12	39	575
292	1981-01-28	-4	11	760
286	2013-05-23	20	26	111
203	1953-06-27	39	67	1804
218	1960-10-26	5	98	473
267	1958-06-29	-5	25	486
290	1955-10-12	32	47	1959
210	2005-11-04	11	3	1948
285	1943-05-26	6	58	1008
294	2014-10-03	-13	53	1671
292	1942-06-04	1	50	730
279	1966-06-19	2	4	429
220	1960-01-02	41	34	1059
262	1971-08-05	23	59	114
229	1965-01-01	41	93	1122
255	2013-08-25	19	30	1274
289	1969-12-14	-13	93	1875
269	1981-09-11	-14	14	247
274	1988-03-19	35	81	426
232	2005-11-01	29	82	57
209	2005-09-27	11	39	481
239	2007-04-30	0	73	1042
278	1970-01-30	8	11	9
257	1972-11-05	38	46	1826
270	1973-01-03	1	8	563
221	1977-03-10	37	67	92
209	1973-11-29	25	14	1361
271	1987-06-28	16	13	926
238	1985-09-09	26	9	976
229	1984-10-04	9	61	1308
274	2002-05-06	5	98	1982
227	2011-06-01	11	65	1327
233	1943-06-22	16	34	752
233	1999-08-22	26	78	559
299	1991-04-08	11	77	47
260	1956-07-28	-1	49	1682
291	1959-09-14	29	94	398
244	1971-03-29	19	19	1112
211	1942-12-03	30	89	1748
228	1963-06-28	14	99	158
225	2018-10-12	38	17	428
270	1996-06-01	31	49	2001
202	1964-12-21	-8	29	252
236	1958-07-18	9	53	1845
241	1962-04-28	21	95	384
287	1991-12-12	13	78	941
281	1959-08-27	21	69	235
269	1968-02-24	5	69	547
218	1980-11-21	38	89	759
237	1982-04-29	10	77	1737
246	1949-02-18	-6	12	1570
259	1987-12-02	17	86	1019
296	1971-06-21	40	37	1753
237	1949-07-03	39	65	501
258	1966-06-14	8	34	16
239	1956-04-12	-9	94	1596
267	2019-07-24	38	36	988
274	1951-02-18	34	66	1304
295	1990-04-17	22	16	1104
205	1994-04-08	35	82	491
218	1956-04-27	18	49	1307
297	1975-01-26	16	85	1057
255	1986-08-26	33	16	50
282	1959-06-14	-12	77	1737
232	1994-08-28	14	51	739
213	1983-06-19	40	7	1020
283	2015-10-01	7	32	701
205	1986-12-26	8	19	1817
267	1989-06-06	36	28	58
208	1955-05-22	40	87	1709
218	1982-03-06	20	56	1854
236	1962-10-03	19	83	1436
235	1959-03-31	0	61	1894
266	1999-01-03	39	67	174
272	1977-12-15	24	61	113
206	2017-07-19	20	84	939
237	1987-03-29	3	78	1811
292	1964-12-20	10	84	836
262	2007-03-08	31	56	1335
263	1978-07-16	42	99	73
290	1989-04-16	-2	67	794
270	2006-12-04	-13	52	1240
213	1942-07-21	-9	60	1108
203	1970-04-17	23	8	1857
