253	1993-03-12	17	49	1837
277	1964-01-28	0	62	1995
204	1965-06-03	-7	56	1178
262	1951-11-29	-2	50	1339
258	2001-07-11	-12	2	200
298	1948-09-13	30	25	1529
266	2016-06-24	29	84	761
210	1959-06-12	-8	0	1060
280	1952-11-08	10	65	1933
229	1977-02-01	-12	7	1660
290	1998-01-18	20	87	1630
293	1978-08-28	29	2	1709
211	1954-12-16	33	35	440
230	1967-03-09	-6	96	87
217	1972-02-02	-13	60	370
230	1978-05-21	16	12	1044
244	1956-07-05	26	33	134
237	1979-12-08	15	11	1530
253	1943-01-23	23	45	126
259	1982-02-02	9	87	1507
222	1946-04-29	26	70	888
207	1963-10-16	-15	17	1529
237	1998-04-15	24	11	1535
276	1980-07-24	2	72	1893
263	2013-11-20	20	16	1621
235	1980-02-08	15	69	1168
235	1964-03-05	17	15	1064
297	1951-04-12	35	79	1527
258	1943-08-10	-2	14	1487
256	1988-04-16	-15	8	454
282	1945-08-16	-10	94	146
277	2008-09-12	-11	75	954
272	1989-07-01	-2	97	224
216	2014-04-19	-13	22	1906
206	1981-03-01	9	12	952
212	1957-03-30	23	86	973
285	1979-11-22	11	99	1148
211	1969-07-22	15	49	1448
263	1941-09-24	28	8	570
250	1944-11-13	-4	85	988
206	1986-12-06	16	48	1190
253	1997-07-12	8	45	1186
273	2018-01-01	13	71	181
241	1948-12-06	40	2	1828
252	1997-03-27	8	7	176
255	2007-06-20	-12	6	186
262	2015-01-05	20	26	1140
288	1978-04-30	-12	66	1155
269	2018-05-26	42	64	640
289	1944-08-28	21	21	677
205	1948-07-22	10	87	1820
245	1947-07-09	16	75	946
218	1961-07-21	16	36	1234
230	2019-11-02	35	93	492
226	1967-10-21	22	94	478
211	1988-01-28	-6	60	696
231	1958-05-24	3	78	1006
275	1954-08-04	35	0	1166
217	1966-02-28	15	20	1042
234	1951-10-28	26	19	260
239	1967-09-27	16	100	1889
257	2019-06-05	1	48	458
260	1979-02-21	-2	29	1570
203	1996-07-17	32	2	71
300	1987-03-21	3	94	1248
233	1962-05-16	-9	58	100
267	1985-11-29	-11	19	329
206	2012-08-07	37	43	1515
297	1975-12-20	-11	3	537
255	2008-08-26	-3	75	1830
212	2020-06-09	-14	80	1811
240	1948-01-22	42	12	852
285	1944-02-09	-2	3	1183
254	1948-06-21	15	75	1657
216	1999-08-25	12	32	1864
265	1955-08-23	28	60	1103
273	1968-06-25	-7	91	1789
297	2008-05-02	8	60	1731
236	1983-01-16	21	97	742
274	1954-06-24	-9	88	1580
251	2012-05-21	7	72	10
284	2015-02-12	42	35	484
260	1947-10-04	23	38	205
239	1975-08-22	-11	63	1699
297	1990-07-22	22	14	1942
282	1950-09-28	5	30	1487
283	1996-10-20	25	18	1685
252	1985-04-13	30	80	1513
231	1995-09-14	23	50	1909
295	1988-01-30	-7	1	78
214	2012-01-08	11	30	526
245	2019-05-15	35	22	66
234	1967-05-05	35	58	327
221	1961-09-27	26	27	752
255	1982-07-13	2	90	1684
240	1971-03-05	3	88	150
238	1966-06-13	21	34	530
232	2015-11-12	5	92	1458
272	2003-12-30	6	35	62
245	1947-11-14	8	67	1781
240	1951-10-04	-13	17	1835
219	2010-09-12	2	60	89
247	1961-07-30	4	34	9
298	1948-09-28	-14	39	1827
228	1972-09-26	37	15	1349
262	1998-06-10	20	2	269
250	2017-06-01	40	21	128
281	1986-07-20	-11	29	323
249	1990-11-01	14	28	1120
212	2004-01-20	13	18	728
209	1992-12-20	30	99	624
220	1950-10-09	25	43	1096
243	1956-03-04	9	2	1976
268	1963-04-13	0	9	631
240	1994-07-18	21	99	1398
265	1952-07-30	-10	70	843
237	1983-06-20	42	22	1312
264	1990-02-17	33	44	1854
204	2018-10-16	33	8	1593
222	1994-05-28	-13	77	1175
260	1945-11-19	4	20	828
246	1998-09-11	-10	41	1613
272	1978-12-27	14	11	1063
246	1998-08-31	-2	64	1165
286	1972-01-04	-10	18	1404
278	1970-05-29	-1	14	240
227	1999-11-08	15	28	182
296	1959-05-27	29	98	447
209	1970-07-12	-5	74	1241
230	1959-05-19	15	66	416
258	1974-08-31	-9	47	641
212	1956-05-20	-6	92	30
240	1981-04-22	36	32	156
201	1992-05-05	5	32	853
259	1994-08-04	1	26	1969
291	1994-02-10	37	40	257
233	1976-05-15	-6	96	1373
212	1947-09-27	20	25	1499
288	2007-04-05	17	43	232
226	1981-01-24	26	15	204
225	1948-08-31	-12	38	848
273	2000-06-23	39	11	593
242	1971-09-22	35	39	1521
203	1973-01-31	6	94	781
295	1987-04-29	22	92	1628
245	2006-06-07	39	52	615
240	1963-12-28	-12	44	754
272	2003-05-07	34	86	701
282	2008-11-26	5	23	1543
248	2013-01-24	8	44	164
289	1996-04-21	18	39	1791
215	1996-02-20	13	75	1189
297	1977-08-28	14	43	80
207	1972-03-16	20	33	610
235	1981-03-07	19	15	480
247	1992-04-21	40	72	1985
216	1944-05-20	41	69	751
227	1947-12-09	1	49	1063
237	1999-12-23	7	88	754
232	2015-02-06	-1	74	215
268	2011-08-30	28	6	734
283	1953-01-31	5	55	345
216	1967-02-14	-5	4	1532
218	1979-10-03	39	73	9
237	1947-12-07	-7	79	1248
268	1985-10-29	0	100	1942
239	2006-11-05	-6	8	999
285	1954-05-14	29	39	1774
244	1947-11-03	27	83	28
255	1954-12-28	-1	48	1826
250	1963-11-07	9	56	385
202	1990-05-28	16	14	1834
218	2007-01-01	26	75	1297
201	1986-08-21	21	3	1185
270	1961-03-05	-1	54	26
255	1944-11-11	22	4	8
205	2018-05-13	1	91	1577
255	1962-02-14	1	91	758
259	1969-11-09	40	8	1867
229	1967-08-09	-7	88	702
254	2001-05-01	8	70	815
237	2017-09-13	29	36	497
216	2012-02-13	4	21	159
290	1967-10-30	40	35	801
241	2004-01-01	19	2	370
268	1945-03-27	14	84	1033
299	1972-03-23	12	17	381
255	1951-06-23	-8	77	817
262	1958-12-18	11	17	1117
287	2006-08-28	7	76	750
252	2006-10-26	31	26	1868
263	1943-10-03	-15	12	1079
231	2015-08-28	15	99	1043
223	1959-04-26	-12	19	322
239	1943-10-29	15	25	1613
298	1958-06-23	-1	39	1715
270	1955-05-05	23	2	1975
285	1944-03-08	40	19	1138
286	1955-03-05	36	98	1562
269	1973-02-14	13	41	1947
286	2006-01-11	-8	100	1453
203	1981-04-21	4	68	42
204	1949-05-05	0	34	1610
222	1942-10-21	36	14	712
265	1944-01-05	22	33	1432
220	2005-09-20	11	28	691
274	1947-11-29	12	26	1181
248	2005-03-15	-2	18	261
237	1942-04-10	5	68	776
279	2014-06-05	4	29	1506
276	1942-05-15	9	50	324
279	1978-02-26	-8	96	1922
264	2018-01-30	33	7	748
242	1996-10-12	6	42	271
252	1986-11-25	27	32	1889
253	1996-12-26	-7	7	1319
297	2002-02-27	32	15	1834
296	1992-05-18	18	41	832
205	1996-09-24	-3	75	1788
265	1995-12-26	0	85	528
263	1962-08-24	-2	43	1406
243	1983-04-09	-2	46	1911
