283	1999-04-20	34	80	1395
251	2008-09-27	23	80	732
245	1978-10-16	24	8	1830
255	2018-12-25	-11	49	1052
247	2015-02-25	5	83	1159
277	1954-11-09	41	70	1853
254	1954-08-12	29	42	273
265	1977-04-20	10	49	869
237	1996-10-08	25	76	200
265	1995-11-19	14	31	1124
228	1984-01-12	2	80	1398
251	2009-04-01	0	19	645
270	1998-06-28	-3	26	1661
243	1960-01-26	23	61	283
216	1948-06-22	11	71	109
291	1993-06-05	19	42	747
250	2000-02-21	8	94	121
229	2020-02-27	28	0	1688
225	1964-07-05	5	71	456
202	1953-03-25	11	57	1654
283	1953-02-04	31	86	1483
217	1957-07-24	-2	28	298
267	1950-08-23	34	37	279
204	2007-05-16	41	82	1677
242	2002-03-23	-13	24	880
245	1960-11-24	-11	36	1575
288	2008-03-01	21	22	1965
279	1972-05-30	27	32	368
240	1997-07-29	24	94	1228
290	1949-11-16	19	33	1916
248	2020-08-14	26	96	1596
255	1993-12-07	12	42	1441
294	1958-03-25	0	20	404
292	1995-04-20	36	55	381
207	2017-03-27	28	50	1379
277	1972-11-15	-9	48	841
271	2003-03-03	-2	8	425
280	1943-06-22	-5	68	1331
213	1990-12-15	7	23	368
273	1995-12-03	2	35	1595
221	2004-05-18	4	98	1657
288	1946-08-07	14	19	1152
273	2011-07-10	2	24	624
255	1958-01-31	20	50	993
270	2009-08-29	4	19	1574
266	2014-04-11	31	9	437
250	2000-12-24	-8	43	1805
256	2000-05-04	11	92	532
259	1999-06-03	14	45	771
270	1940-04-06	-7	15	1506
214	1961-08-27	24	100	1149
244	2011-11-09	39	94	400
201	1942-10-18	35	51	1985
231	1968-09-25	41	90	813
260	1942-12-25	29	40	1811
275	1953-10-20	-12	84	1502
207	1969-10-17	27	71	532
277	1942-10-08	13	2	904
300	1999-03-25	5	77	475
264	1989-04-05	24	63	477
253	1970-09-29	39	78	1742
234	2008-10-22	36	36	513
215	1967-09-05	3	93	1420
260	1956-11-01	32	19	162
241	1989-02-28	33	92	117
297	2013-09-24	6	32	1509
225	1974-02-26	42	96	415
246	1998-09-04	28	83	1017
266	1999-06-29	-4	20	625
243	2002-06-20	40	17	439
289	1986-07-11	12	23	814
266	2003-02-26	19	46	420
209	1994-06-14	-15	86	106
222	1973-07-22	18	7	1004
256	1969-08-24	-4	41	377
251	1986-12-16	35	6	1675
232	1977-02-08	6	83	1752
272	1998-02-14	-6	7	149
271	1956-09-18	10	23	1780
227	1950-04-13	28	57	680
236	1977-06-17	20	87	373
254	1985-07-05	27	2	699
251	1986-08-06	-5	69	1770
223	1971-09-26	-14	51	1940
216	1945-03-31	-3	78	187
235	1987-01-30	41	9	1067
211	2016-06-15	1	23	349
278	2010-08-26	5	11	1029
205	1967-05-23	3	96	594
281	1965-01-02	-10	76	505
230	1993-06-25	27	63	1743
284	1952-05-22	35	68	1979
247	2007-03-01	6	13	1577
300	1940-07-10	25	34	1356
212	1971-06-30	42	80	635
272	1958-09-08	10	73	1862
264	2016-08-19	41	38	1874
254	1989-10-01	19	53	260
282	1960-01-21	38	3	964
204	1957-10-10	36	39	1127
228	1944-03-25	4	11	277
201	1994-02-04	-11	57	246
271	2001-10-25	17	67	1433
292	1986-05-22	27	47	1297
223	1985-11-24	-8	48	942
214	1961-09-06	25	63	1911
266	2016-06-30	-1	54	1436
239	1995-03-08	29	23	541
221	1986-08-17	35	94	1155
229	2017-12-29	-11	2	409
295	1940-09-25	29	20	1940
203	1998-03-06	8	9	720
204	2012-03-18	4	31	1560
202	1968-11-10	30	32	632
267	1962-09-29	0	47	868
238	1951-08-11	9	94	1749
288	1992-07-08	37	61	1221
270	2013-07-26	26	73	493
240	2020-03-28	27	28	1524
243	2017-06-22	7	21	1186
243	1983-12-17	33	64	1509
267	1981-07-09	-14	8	1310
242	1940-11-29	18	59	294
238	2017-05-17	-6	53	622
270	1968-03-08	-8	18	1136
236	1947-07-18	-9	43	821
288	1946-11-15	22	1	1699
296	1977-03-16	38	59	1013
299	1968-12-19	1	54	556
283	2017-07-21	32	9	534
253	1993-03-13	11	45	93
234	1954-03-11	-11	81	872
251	1954-12-05	10	42	1190
255	2000-12-16	15	97	274
237	2016-10-04	14	37	1049
291	1974-09-28	36	36	1501
216	2002-09-26	7	64	167
225	1960-01-21	17	61	1597
221	1997-06-28	26	36	4
281	1961-02-08	19	16	1312
240	1979-08-26	0	10	1953
232	1979-09-09	-15	30	709
282	2008-11-17	7	24	886
242	2018-08-05	10	29	1291
209	2011-03-29	40	24	1886
261	1964-10-10	15	3	1617
296	1975-02-24	10	5	17
225	1964-07-28	4	37	1751
221	1957-01-31	18	55	1733
262	1993-10-14	-2	59	1777
294	1946-07-14	5	66	1281
284	2018-04-07	22	56	550
294	2003-01-15	40	79	758
289	1981-07-09	28	27	15
272	1968-06-10	-4	82	1709
256	1948-05-04	-13	15	1920
211	2007-07-12	40	10	1974
230	1975-03-14	4	30	162
270	1978-06-24	0	76	1465
297	2017-02-01	27	28	1680
237	1969-09-20	3	58	1530
226	1993-05-12	0	84	446
280	1953-10-12	30	96	1676
208	1991-01-07	9	28	1128
216	1975-09-17	31	70	739
290	1941-11-02	24	81	1383
213	2009-07-23	23	58	1141
242	1970-11-24	-9	90	1670
238	1975-06-05	-5	11	1975
248	2019-12-27	20	58	811
283	1963-12-22	28	19	961
287	1989-05-26	39	3	1578
