285	1998-07-31	-3	81	35
216	1995-01-14	42	60	1340
201	1958-12-14	8	38	259
214	1972-12-20	16	98	1555
213	1943-10-14	37	20	1521
255	1982-09-20	3	78	1464
252	1956-08-23	23	43	903
235	2006-10-16	8	36	1230
271	1996-06-22	3	33	191
203	1941-10-23	30	46	1618
264	2001-04-10	-11	1	946
262	2013-08-28	28	3	274
217	2000-11-24	1	11	403
288	2005-11-17	31	42	1113
238	1972-10-23	38	99	1271
269	1991-04-07	32	40	571
300	2019-01-22	13	59	697
265	1994-12-20	1	94	1633
249	1971-03-12	-12	61	495
277	1960-06-10	8	83	99
242	1987-02-08	-7	66	1773
282	1979-01-19	-5	43	796
271	1944-12-22	-9	37	1866
237	1957-07-14	-15	95	492
286	1982-05-02	6	48	683
273	1960-06-14	29	91	1181
283	2012-03-19	33	36	587
221	2005-07-11	-15	70	1599
255	1946-02-28	31	86	660
259	2010-10-21	39	19	1209
232	2014-01-22	19	6	15
216	1948-07-21	5	70	1429
256	1994-05-26	-11	82	34
204	1984-03-23	39	65	525
262	1987-06-02	7	66	1883
202	2019-09-01	-8	15	442
218	1983-11-17	15	84	457
211	2004-11-14	28	42	450
246	1952-02-29	41	52	326
202	2016-05-12	-7	62	1812
240	1983-08-17	24	20	167
276	1986-08-10	-11	10	516
257	1975-02-11	17	67	396
203	1997-03-16	-13	81	1927
219	1968-09-22	7	16	1569
295	1942-02-28	-8	2	1877
285	1971-06-03	7	89	1686
288	2015-04-07	-10	19	1404
278	1992-12-24	31	63	370
228	1974-08-04	24	84	1784
269	1941-11-10	32	3	1602
248	1968-01-20	31	7	1721
283	1951-03-20	-1	5	75
276	1942-09-01	36	12	370
210	1950-05-23	25	87	1922
263	1972-12-31	39	83	929
236	1975-02-22	-8	97	864
297	1958-11-14	15	72	1156
223	1959-04-02	6	4	255
228	1959-08-31	15	66	1634
221	1960-06-12	16	70	1913
216	1959-07-10	-12	87	180
270	1999-01-09	19	33	1960
240	1942-12-16	11	49	902
258	2014-08-11	-12	85	1341
254	1992-01-04	11	16	404
238	2019-11-23	14	48	1227
293	1953-02-22	11	90	1408
276	1961-11-23	-14	70	1254
289	1992-02-04	10	32	1869
287	1948-05-20	1	25	131
245	2019-01-26	-6	43	159
275	1969-09-12	-8	73	717
229	1955-08-14	30	9	976
285	1966-01-30	33	6	934
203	2015-11-22	12	82	1447
222	1982-06-05	39	48	1479
238	1980-08-30	25	15	1334
289	1974-10-23	1	48	1829
231	1994-07-30	-2	25	1636
238	1988-10-27	39	19	1808
285	1946-08-31	21	51	663
279	2014-06-15	4	38	1867
205	1942-12-11	41	19	294
225	2017-07-14	30	84	1910
224	1979-01-19	7	86	1350
217	1942-07-10	18	73	91
222	1972-09-15	18	33	1754
289	1989-09-14	-6	98	11
209	1992-09-13	-8	41	1307
218	1954-07-31	18	52	1327
223	1941-08-24	-13	88	1320
216	2001-12-06	29	11	7
206	1998-08-05	-8	36	173
300	1995-05-14	30	64	613
210	1954-09-16	-14	57	88
278	2002-07-29	14	11	819
207	1976-03-28	17	51	195
267	1943-08-24	41	54	735
213	1945-01-19	18	98	44
216	1979-06-21	10	32	986
258	1956-10-25	-8	26	1076
267	2001-12-18	32	62	1608
225	1946-06-13	28	51	980
248	1977-10-13	-8	41	447
273	1977-02-16	34	7	1988
281	1962-06-26	42	95	679
287	1971-05-13	21	81	1661
271	1967-10-07	25	17	1063
236	1992-10-14	8	66	763
201	2004-09-04	6	79	965
253	1941-01-09	32	58	193
266	1967-11-02	-1	21	191
211	1953-01-08	3	70	929
273	2000-10-31	8	78	654
256	1998-02-07	-4	53	1086
208	1953-06-05	35	73	1536
259	2004-11-10	28	76	396
232	1958-01-10	27	37	510
257	1955-03-20	10	7	1804
264	1959-03-27	8	58	1725
203	2006-09-26	36	74	1614
297	1948-08-14	1	32	677
280	1997-04-09	30	83	285
273	1972-07-20	-4	84	1837
265	1971-02-01	11	16	1375
246	1975-05-24	1	95	708
292	1991-01-07	35	24	485
300	1949-02-01	7	3	1552
228	1983-01-18	39	86	693
255	1943-05-22	-15	14	886
246	2013-02-24	-5	25	1549
215	2018-12-03	12	6	149
241	1955-10-24	6	29	1953
278	1973-12-19	-12	43	1993
297	2000-10-29	36	35	170
229	1970-01-27	13	9	153
298	1953-11-04	24	30	157
262	1977-08-26	21	14	163
256	1972-02-28	5	13	1046
285	1978-04-30	-3	43	574
233	1942-03-18	31	56	556
245	1952-07-26	5	0	1328
223	1967-11-03	19	84	1260
204	1960-03-20	16	12	794
204	1946-08-24	24	80	1488
285	1950-03-10	23	0	993
247	1981-06-02	1	20	1466
219	1941-08-24	19	77	1812
203	1997-03-18	40	69	1076
256	2003-07-22	29	39	735
225	1962-07-20	15	72	1487
288	2016-02-29	28	71	507
236	1951-11-09	18	83	1037
283	2020-09-20	-1	19	857
264	1944-06-25	29	90	1013
300	1996-02-16	28	27	1589
208	1943-10-30	34	14	1345
246	2018-11-25	32	76	1269
276	1975-04-18	40	16	1176
225	1984-03-02	-10	43	158
273	1961-01-26	31	73	1562
292	1949-10-09	36	3	356
295	2014-05-04	-12	83	233
289	1940-12-18	20	66	722
255	1947-11-03	32	99	1918
272	1983-05-05	-13	100	702
251	1969-02-05	30	66	1338
244	1996-10-23	17	47	623
247	2015-08-02	33	18	257
294	1941-05-23	42	45	1692
202	2004-06-10	17	24	1524
245	1989-01-19	5	31	300
208	2019-04-30	13	73	1348
218	1977-05-30	29	91	884
225	1956-10-09	14	30	1817
270	2005-06-08	36	37	1157
271	2003-05-03	27	37	1047
207	2018-11-22	-7	92	1350
271	1966-12-01	12	23	1118
269	1977-10-24	26	62	580
210	1987-04-07	-9	83	1039
284	1947-05-20	28	51	1110
290	1970-10-02	32	84	477
255	1960-11-04	26	8	694
237	1979-02-26	34	73	1173
251	1982-05-13	2	82	1873
296	1978-06-21	36	44	551
275	1952-10-27	24	82	236
201	1975-01-11	25	82	101
266	1998-03-03	-4	55	495
244	1953-03-02	-14	94	944
204	1954-07-27	-14	57	1636
271	1988-06-26	18	65	502
267	1997-05-23	-8	17	1111
261	1961-09-30	19	16	1970
251	1948-04-09	-2	72	1255
216	1972-08-12	2	52	1737
252	2015-09-13	-2	81	1829
201	1980-12-23	26	32	208
244	1992-12-02	15	61	872
300	2002-07-21	24	0	605
275	1971-05-02	38	36	518
230	1964-02-16	23	86	890
209	1981-05-15	37	51	1976
233	1949-10-21	16	40	656
251	1994-08-09	29	6	1026
230	1979-09-09	12	18	664
293	1947-07-30	-9	75	1703
288	1968-03-31	14	56	1524
290	2002-12-10	12	7	648
246	1984-06-11	11	56	1706
294	2014-03-28	8	72	793
293	1977-04-26	-7	85	1559
294	1985-06-15	20	99	914
203	2009-03-09	25	28	846
279	1970-08-20	39	40	974
207	1958-11-13	-13	80	620
