233	1955-09-18	29	40	460
224	2006-02-26	-12	51	711
280	2000-09-01	26	92	829
258	1996-09-04	28	28	843
287	2009-02-06	16	22	1672
273	1987-08-22	33	8	1311
297	2010-04-15	16	12	1207
228	1966-04-29	15	15	977
254	1958-12-30	35	15	529
254	1993-12-18	27	17	1484
262	1955-07-12	40	70	663
273	1941-01-16	11	91	405
244	1987-12-29	28	20	167
272	2016-10-24	-9	97	1102
216	1967-02-17	39	96	1162
255	1956-03-07	1	81	151
276	1942-07-23	-5	44	1749
299	2007-03-08	21	3	1221
205	2004-12-17	-5	60	991
264	1945-11-23	29	56	868
215	1997-08-25	38	48	1957
291	1961-10-31	6	41	1818
218	1940-02-15	24	77	1170
244	1946-03-16	4	74	424
228	1944-09-26	29	6	246
233	2000-03-19	33	4	533
267	1984-08-20	33	88	921
296	1997-10-09	12	26	1140
253	1983-05-10	40	58	819
294	1961-05-13	26	16	1204
204	1951-01-10	20	83	859
219	2018-10-30	19	60	1695
248	1992-08-13	22	33	1410
298	1982-06-18	-12	100	461
256	1959-01-28	-9	17	1840
271	1945-08-13	40	49	679
267	1984-01-12	0	27	759
281	1991-02-20	26	98	235
298	1962-01-14	-3	71	743
248	1987-12-13	6	25	41
205	2009-01-21	-5	2	573
297	1944-08-02	2	50	5
210	1947-06-06	31	18	888
284	2017-07-26	-15	94	875
239	1952-11-25	-11	38	1589
225	2002-07-23	-4	44	346
210	1954-03-24	-11	12	482
268	1941-02-22	8	19	1915
213	1951-04-25	39	76	29
271	1955-01-31	-11	81	1285
252	1953-01-02	18	4	624
204	1987-07-08	20	95	1683
259	2001-09-23	24	70	293
243	1952-08-23	-15	16	1205
222	1974-02-11	1	12	1071
210	2005-09-14	15	0	185
225	1947-03-31	2	57	1681
247	1970-06-04	34	17	62
243	1962-09-04	-1	96	601
265	1976-03-01	32	8	1808
216	1984-07-16	34	51	1819
286	1973-07-04	10	60	491
265	1996-08-06	9	74	1986
214	1959-06-08	3	90	1305
230	1987-07-28	-8	57	1152
277	1949-03-29	10	51	415
286	1953-03-20	2	41	1473
282	2017-12-02	35	1	1083
252	1986-05-29	-4	36	1043
214	2011-06-25	30	97	1379
273	1977-02-15	22	30	1970
219	2003-12-22	5	39	1805
210	1955-09-03	3	30	1296
281	1947-08-26	-14	5	56
300	1958-04-14	1	85	1735
228	1958-11-28	10	31	1571
250	1948-09-24	15	46	823
217	1951-06-23	33	69	308
274	1983-10-27	23	83	1625
235	1985-01-09	-5	1	749
278	1966-04-24	17	66	961
277	1946-09-17	-1	32	870
255	2009-08-11	4	94	1642
229	1977-12-25	12	11	1961
213	1984-03-24	13	41	337
288	1975-12-22	36	45	207
224	1999-12-12	38	87	885
240	1952-04-17	34	14	594
298	1986-11-26	-9	57	96
246	1957-01-20	-6	71	795
203	1942-10-17	24	17	415
269	1970-08-12	-8	74	47
231	2014-01-14	21	68	245
218	1972-02-25	31	32	460
245	1980-11-28	16	27	593
241	1988-05-27	34	45	634
248	1955-03-12	-5	32	783
236	1976-07-16	19	50	1749
206	1987-10-23	4	75	1524
265	1980-07-11	21	84	629
295	1993-11-24	-9	87	523
219	2009-05-27	22	61	1632
211	1961-02-27	6	43	261
245	2020-04-21	33	90	1436
262	1948-11-26	41	83	1891
273	1940-09-12	38	64	1981
290	1965-02-18	-7	73	1159
224	2019-09-09	-15	20	708
297	1966-02-26	18	34	248
244	1943-03-20	8	83	1060
236	1986-05-04	23	6	956
239	1948-01-06	29	39	1451
281	1983-12-10	21	1	626
297	1960-08-05	-7	11	1655
216	1984-02-16	11	90	600
226	1999-02-17	35	22	1340
265	1959-08-21	34	83	1434
256	1992-10-27	11	30	469
299	2017-07-20	9	69	672
265	2001-07-02	-7	52	208
204	1950-02-20	-5	48	610
273	2019-09-04	25	43	1610
243	1971-07-10	35	61	456
256	1975-08-28	34	71	831
214	1994-04-15	6	87	1598
248	1941-08-27	2	65	1904
234	2013-10-26	24	57	325
253	1999-08-07	36	17	1740
228	1940-04-19	24	32	95
253	1947-02-26	15	23	488
280	1966-03-22	-10	16	911
211	1940-08-09	39	89	1168
285	2001-08-01	21	42	1285
260	1980-04-19	-13	93	1992
251	1950-07-18	40	56	384
285	2003-09-01	17	4	1184
221	2002-04-14	-2	18	325
290	1989-05-18	42	12	107
209	1958-04-18	2	95	1796
220	1988-12-05	37	17	59
246	1980-06-09	11	26	547
296	2018-06-30	28	19	1702
267	2009-03-27	-6	79	1814
283	2002-02-09	37	44	1987
244	1987-10-30	18	67	1262
296	2018-01-26	37	57	883
241	1964-04-05	39	70	568
271	1944-08-08	-7	19	99
253	1996-03-09	25	82	175
219	2005-01-17	40	30	1839
221	2007-04-30	18	52	1001
289	1945-06-03	-12	45	1630
278	2010-05-07	33	3	1412
248	1982-09-04	4	3	1489
276	2005-02-07	8	77	1902
218	1947-08-20	34	24	270
236	1977-08-23	7	60	742
280	1940-08-03	34	85	1096
204	1943-04-26	-9	38	742
211	1968-01-16	25	79	1265
229	1983-07-14	23	7	747
221	1943-06-14	-15	4	632
225	1964-03-18	-4	49	477
209	1957-02-11	7	39	205
222	1994-03-19	23	79	755
297	2007-11-03	40	27	201
231	1974-02-14	37	100	177
205	1946-01-21	28	73	1647
266	1975-07-28	24	77	1189
252	2014-12-19	37	67	254
295	1953-10-15	25	71	617
268	1970-09-10	-2	100	413
212	1941-02-27	33	56	1249
266	1970-07-10	-4	73	293
241	2018-11-30	14	41	1902
273	2012-06-05	2	4	543
294	1997-01-12	16	37	214
261	1971-09-16	-1	31	939
266	1954-03-10	30	47	1222
261	2020-02-11	8	27	694
234	2012-08-13	6	19	1730
261	1980-01-21	7	42	954
259	1963-04-15	12	64	311
225	1945-08-06	15	2	407
213	1958-04-14	-14	95	550
299	1956-01-15	-9	68	435
258	2014-07-31	-10	10	1733
227	1969-11-23	-2	73	161
247	1972-06-03	30	75	1138
235	1958-06-25	13	99	244
239	1982-10-19	-2	30	74
212	2006-12-21	13	65	1515
248	2011-12-18	41	53	1588
218	1996-05-30	-12	37	1541
239	2015-01-11	14	83	459
210	1954-12-31	8	60	1706
259	1975-05-31	-3	22	817
201	1987-12-13	21	14	107
247	1988-05-20	16	92	1935
207	1975-10-19	23	38	1551
210	1988-01-11	29	95	361
271	1993-03-16	0	44	935
205	1982-10-06	17	43	82
253	1988-06-11	14	1	657
222	1961-09-28	25	56	1397
266	2003-05-27	23	50	1587
201	1956-09-24	17	34	1066
217	1943-09-04	18	65	372
265	2002-05-08	-1	93	698
298	1996-06-08	23	60	1705
210	2000-05-26	-7	5	1294
293	2014-09-09	23	48	159
214	1952-01-11	2	98	1525
229	1965-11-13	25	30	1003
245	1946-05-22	3	34	1003
272	1971-03-20	9	59	639
223	1946-09-29	38	21	1574
277	1989-05-10	12	24	454
263	1982-09-02	-15	89	1640
282	1989-10-02	-10	55	1724
274	1986-03-04	-3	96	1038
287	1941-04-19	32	24	482
215	1943-05-19	37	47	438
221	1995-06-22	40	75	1355
207	1954-08-13	38	3	796
258	1983-01-30	2	54	0
237	1997-05-15	35	49	1653
211	1950-10-29	-14	54	1799
228	1942-03-29	17	11	443
201	2010-03-02	21	92	1813
215	1961-09-15	28	86	395
270	2018-03-25	15	44	1101
300	2014-03-04	10	99	1611
260	2011-06-06	22	74	953
222	1957-03-01	0	4	1051
218	1966-05-07	-8	42	953
243	1985-03-16	22	13	1398
229	2001-01-24	37	44	78
224	1948-02-06	28	8	1433
288	1943-04-27	39	82	936
247	1981-09-14	17	41	1127
208	1993-05-30	-12	77	555
289	1969-07-06	32	30	1336
248	1950-06-30	24	66	693
294	1956-06-24	-1	23	1330
269	1957-04-05	7	11	1626
