216	2013-06-14	15	26	13
242	2001-06-03	-2	78	757
224	1986-05-03	14	48	1008
259	1957-01-04	30	5	735
240	2009-10-22	42	35	1328
258	1956-06-16	36	74	219
269	1966-08-05	36	76	1297
243	1946-01-09	26	23	1275
271	1949-04-14	16	7	507
223	2015-01-11	31	2	1401
248	2003-04-23	15	0	1028
211	1958-12-19	19	2	1710
298	1978-12-22	2	76	280
226	2015-06-26	-6	26	1262
205	2000-06-19	30	4	343
212	1996-06-26	33	72	1253
291	1974-08-06	23	2	332
203	1997-11-16	17	92	1894
298	1954-05-12	-5	100	364
244	2005-07-19	22	40	832
222	1994-09-09	6	82	753
273	1949-02-24	7	95	1103
279	1970-05-13	39	31	1460
244	1975-10-28	-13	18	757
232	2002-04-16	28	41	1217
237	2005-04-26	34	58	111
287	1996-01-11	33	76	563
237	2004-12-15	32	96	1352
294	1976-05-21	7	52	66
297	1983-03-21	-9	38	1160
287	1972-10-01	18	88	950
202	1953-02-04	3	71	1087
286	1971-01-27	28	11	949
218	1952-12-10	37	41	531
242	1952-07-04	-3	82	719
258	1968-06-07	2	1	1293
283	1993-02-07	13	55	225
229	1993-02-24	37	84	196
276	2013-11-27	-3	86	1269
257	2013-09-21	4	26	1749
215	2020-07-19	38	43	1855
261	1949-05-02	-8	43	1330
252	1998-02-22	-6	56	1233
280	1968-09-26	36	18	1906
240	1995-04-03	34	17	1673
249	2010-11-27	33	97	879
249	1992-11-03	40	38	1967
245	1982-02-26	14	76	1445
294	1960-06-17	13	90	1331
255	1955-02-27	18	61	1934
239	1979-02-18	41	64	863
231	1986-01-17	20	84	1930
213	1983-04-13	42	87	1969
277	1979-09-15	29	8	1727
292	1957-06-26	-2	100	1934
262	1956-01-09	22	100	1877
235	2008-10-10	34	77	792
262	1976-06-01	14	28	1073
249	1990-07-05	4	89	1778
254	1945-12-24	35	98	233
250	1998-11-04	26	32	109
246	2003-05-24	29	67	209
292	1951-05-09	16	51	31
297	1988-07-31	29	8	1503
248	1991-09-18	42	26	1542
231	1962-10-17	-1	41	1537
241	1942-08-09	19	81	1909
222	2001-09-15	34	33	1389
271	1951-06-22	-10	37	1864
289	1999-12-24	35	58	1436
220	1944-11-05	37	40	1779
284	2003-01-03	18	88	888
295	1964-09-03	18	74	638
266	1952-09-01	30	41	694
219	1989-04-16	22	2	1586
275	1961-05-06	8	27	594
287	1991-07-29	1	62	1241
233	1999-06-14	30	38	94
237	1940-09-14	-13	64	604
229	1951-10-24	12	58	504
289	2020-04-07	-5	41	1813
300	2009-09-12	14	17	1914
289	2017-06-26	-2	19	1624
300	2002-07-29	30	5	1695
216	2002-10-14	14	34	390
260	2010-07-29	18	69	1546
298	1988-02-06	34	63	1312
280	2015-08-10	21	17	417
281	1992-12-28	16	92	734
263	1995-09-08	40	26	846
209	1954-09-16	11	25	590
216	2018-09-30	8	98	1928
270	2008-04-16	34	90	848
268	1987-04-23	35	48	1680
268	1976-01-22	-13	38	719
241	1989-12-25	32	72	425
272	1953-09-07	6	76	487
229	1971-05-28	5	57	562
250	2019-09-07	39	14	1311
247	1945-08-16	42	70	1737
287	2002-05-25	-6	31	602
269	1988-04-29	-8	90	115
205	1972-09-22	15	65	1552
203	1972-04-19	26	8	595
269	1987-04-14	-15	46	674
268	1950-06-19	26	6	672
218	1974-08-22	41	49	685
213	1973-07-19	34	42	1929
252	1976-06-18	-4	91	67
295	1945-12-08	24	59	611
234	1982-03-23	4	72	1445
210	1943-01-19	-13	4	1655
272	1984-06-13	-12	58	1941
253	2017-06-01	-2	33	890
283	1958-04-11	40	23	372
274	1941-06-18	-6	55	1791
204	1958-09-09	34	33	545
294	1965-07-06	-3	82	1730
271	1949-09-21	0	26	1508
232	1961-06-18	35	33	730
241	2014-02-19	35	21	1964
290	2005-05-22	12	67	1049
221	1943-03-31	2	93	1536
297	2003-05-02	6	11	142
299	1985-07-27	-7	16	1653
291	2015-01-13	-15	72	1696
260	1978-08-30	32	11	229
299	1996-12-17	-1	13	1061
270	2001-08-12	-11	79	126
288	1954-12-12	30	33	1911
207	1963-11-11	42	21	347
246	1959-11-09	-1	9	1304
280	2006-11-17	-1	74	1048
270	1995-12-12	30	18	424
237	2000-09-20	29	92	1395
255	1947-03-22	28	63	1236
210	2017-09-26	23	20	1612
256	2008-02-05	16	98	1321
207	1972-02-10	22	77	46
292	2001-07-21	36	6	1873
207	1990-08-17	-11	90	1405
255	1943-08-24	42	95	15
212	1968-08-24	40	21	881
220	1980-10-28	16	56	1351
279	1999-08-13	27	40	1990
251	2017-07-03	26	93	1825
282	1948-12-20	42	85	225
242	1951-03-10	4	15	15
249	1956-11-10	32	4	746
296	2004-07-22	34	67	949
258	1962-12-21	24	59	1573
290	2000-02-01	22	11	321
281	1950-01-15	18	77	1
207	1954-03-06	26	29	1123
247	1985-06-21	26	1	1608
262	1978-04-10	-3	67	630
269	1972-06-21	-9	1	14
252	1999-04-24	2	35	374
245	1952-03-03	15	55	180
211	1946-01-29	6	90	1691
251	1989-08-17	19	59	714
256	1953-10-20	-4	5	634
213	1962-02-16	15	86	308
285	1959-02-11	-14	90	284
284	1982-07-06	3	81	1699
257	2020-09-21	24	75	1827
203	1990-05-10	39	99	1957
277	1976-06-02	24	18	1061
228	2015-06-10	38	62	1603
247	1948-01-05	17	71	331
250	1994-02-26	-12	72	1802
255	1966-12-01	23	83	1756
282	1944-09-10	38	2	196
201	1945-05-01	-9	3	407
275	1941-06-13	22	37	420
222	1950-08-15	6	67	1618
227	1981-06-12	-5	51	1128
265	2003-01-17	7	35	861
230	1953-06-15	13	7	346
269	2005-05-10	12	55	1265
241	1985-01-25	-7	67	1121
251	1947-04-21	1	51	1648
279	2007-12-16	16	80	1567
245	2010-12-03	42	91	339
224	2013-06-11	3	36	284
251	2015-10-26	-13	7	794
230	1978-06-03	-6	76	1716
276	1962-02-27	39	67	1015
219	1983-01-13	6	49	929
248	1949-03-19	36	0	802
281	2004-10-16	-10	96	144
216	2006-12-12	-5	18	1139
227	1948-10-11	36	80	1842
299	1962-03-09	32	93	1743
228	1955-05-31	0	25	177
259	1998-03-09	9	74	593
293	1965-03-31	28	15	1839
201	1981-07-04	34	79	654
291	1981-03-29	-13	7	15
286	1992-01-17	-14	93	1123
254	1943-04-28	-9	72	1046
205	1977-05-18	0	33	1470
293	1997-05-18	-4	50	1786
225	1993-03-31	21	7	1957
259	2009-09-10	32	17	1583
280	1961-04-28	-11	17	1179
232	2015-05-10	10	93	657
255	1962-12-16	-3	44	838
240	1953-09-04	20	6	207
255	1946-05-17	-6	0	314
249	1970-01-27	39	82	289
295	1949-08-06	24	64	1164
